x0,x1,x2,x3,x4,x5,x6,x7,x8,x9,f1,f2,predf1,predf2
4.710219701929526e-08,0.07775517002952938,0.04158981580801148,0.008059385976382763,0.03969020714362266,0.008974709570612586,0.0042657538552272525,0.02366956677139833,0.061200312529900894,0.010775664911536939,4.710219701929526e-08,1.2757354305459552,-0.0015602596787140446,1.213644125867754
0.019479594036615405,5.181264438601349e-07,3.1823201978613607e-07,2.848309099480868e-08,4.151108726189953e-06,2.7705340348602437e-06,4.0421918051550394e-05,2.8189689819538494e-05,0.00020633645137725003,2.552989031351566e-05,0.019479594036615405,0.8607174377200734,0.01934658684129694,0.8826959726739814
0.01900328682227462,2.5563040868935505e-06,2.182273411238473e-06,8.830333727316123e-09,4.7590914478492615e-05,3.6825984986345475e-06,8.422687173676203e-05,5.230724793172051e-07,3.020426618763922e-06,1.6082225484263254e-06,0.01900328682227462,0.8622829684789511,0.01886873808090324,0.8845629193095107
0.01186937864882441,6.616047447417212e-07,5.6159669010810694e-05,5.852295732053079e-05,3.420161923337295e-06,1.3951678630199108e-06,4.155874052951521e-05,7.87105462051281e-05,9.573970293465569e-05,1.2585283302433376e-05,0.01186937864882441,0.8913830796968226,0.011607177239281561,0.914572879684027
0.016652969511465384,3.5458558325570102e-06,2.9197538097325916e-11,1.0382652338765267e-06,8.366051012013696e-05,1.8004718074779802e-05,1.6651248612682433e-06,2.0541236870216992e-05,0.0030881544106960783,5.052455987488118e-06,0.016652969511465384,0.8739675726884738,0.01638290469538323,0.8968272874433703
0.014871954202262318,2.163843239501688e-07,2.282870690971847e-06,4.043140629318472e-08,2.4860372508439658e-05,3.6825984986345475e-06,8.118581350451077e-05,5.230724793172051e-07,2.9953939018576233e-06,1.6332491094751535e-06,0.014871954202262318,0.8781596386802922,0.014666995534510611,0.9018388343337543
0.0004142276987039324,8.071013347097471e-07,7.645073893002139e-06,9.115274299546783e-08,0.00014478092130231895,6.953396604810933e-05,0.0001221470947835195,0.0001806119882579453,9.097061351861372e-05,1.2628159176887644e-05,0.0004142276987039324,0.9802702294207105,8.259956571472447e-05,0.9617056072883302
0.0022733701536426084,1.2375505578181689e-05,2.2741514644593727e-05,2.3548762834597402e-05,8.175825670288455e-05,1.9993637365183428e-05,0.00011355690270880546,1.4784291175699863e-05,4.0099716512433643e-07,1.5168487870753671e-05,0.0022733701536426084,0.9526172021620283,0.0018737369198525275,0.9544497335543957
0.000799029505145807,5.26577426494099e-07,0.0004299851691127076,3.99579309755839e-08,1.7865603825607098e-06,4.1152755002815856e-05,4.439172626441809e-06,1.4470038331329305e-06,2.2508248769746656e-05,2.4569206982704187e-06,0.000799029505145807,0.9722301051598609,0.00044093676741882695,0.960193061263846
2.413201078048766e-07,0.008733297206581609,0.0038136185533169356,0.012631810458558301,0.0037142327078145726,0.005912076211311339,0.0018382673236830114,0.014403095633144975,0.019825896328979586,0.0007022992226413724,2.413201078048766e-07,1.0710660737383981,-0.0003514701229253181,1.0147642238382222
9.76781132584903e-07,0.016587698943065637,0.0037080273335671245,0.012631810458558301,0.007429193878613999,0.005912076211311339,0.00019813560751414964,0.015354516025869396,0.019825896328979586,0.005719938591808792,9.76781132584903e-07,1.0863367013861298,-0.0004546717558256437,1.0266714952823848
9.76781132584903e-07,0.016587698943065637,0.00715873386740998,0.012631810458558301,0.007429193878613999,0.005912076211311339,0.00019813560751414964,0.015354516025869396,0.019825896328979586,0.005719938591808792,9.76781132584903e-07,1.0897857739488195,-0.0004946305896640173,1.0292679438394612
9.76781132584903e-07,0.02220711896186726,0.01516354484538676,0.012238185950076723,0.007429193878613999,0.005888453053145107,0.00019813560751414964,0.015354516025869396,0.02000087303557078,0.005719938591808792,9.76781132584903e-07,1.103161421704298,-0.0005269631355982291,1.040050603642532
9.76781132584903e-07,0.027222790701430015,0.01516354484538676,0.012817585714229598,0.007429193878613999,0.005888453053145107,0.02076675509272236,0.015354516025869396,0.02000087303557078,0.005719938591808792,9.76781132584903e-07,1.1293128807987383,-0.0005540131782074454,1.0659282720074843
4.40211975552571e-06,0.026233360804988008,0.007016597855096807,0.03693824440855487,0.03969020714362266,0.005904074515545022,0.0003768535802985916,0.012859995074741669,0.061200312529900894,0.013964887993188487,4.40211975552571e-06,1.2018821515471603,-0.0008729806237337194,1.1473057916822493
4.40211975552571e-06,0.026233360804988008,0.01518765085610676,0.03693824440855487,0.03969020714362266,0.003687408954497791,0.00037763403151568455,0.001423527920792342,0.061200312529900894,0.010568679197758283,4.40211975552571e-06,1.1930131460181903,-0.000689841994793632,1.139230544855383
3.3841925143128252e-06,0.027486951356796463,0.015449048759997001,0.03483414179997287,0.04421163610283429,4.671012149855761e-05,7.471226751428505e-06,0.013622808933587036,0.061200312529900894,0.01139900547596465,3.3841925143128252e-06,1.206235964161873,-0.0009820266860923882,1.1523744838838845
6.151579892132249e-05,0.0685681395639864,0.04240944002098171,0.04241150006425154,0.0022818165621464287,0.004621217734372634,0.00342486990934065,0.07137270163173266,0.07612025706644508,0.020073733192044394,6.151579892132249e-05,1.3222340912849857,-0.002339272596648294,1.2854094047898539
4.061518415221034e-07,0.0792954012047155,0.0429208694974208,0.007759695345172896,0.03969020714362266,0.008974709570612586,0.019090408534628654,0.021464747642484322,0.061200312529900894,0.010568679197758283,4.061518415221034e-07,1.2902409258227023,-0.0016829911545871328,1.2287088677140923
4.061518415221034e-07,0.0792954012047155,0.0429208694974208,0.007759695345172896,0.03969020714362266,0.008974709570612586,0.012458310029003154,0.046063122297910424,0.061200312529900894,0.010568679197758283,4.061518415221034e-07,1.3082021807222972,-0.002058918848826487,1.2485779784259572
6.151579892132249e-05,0.0685681395639864,0.04240944002098171,0.07087569611706154,0.016281723803011388,0.011511772068404912,0.00342486990934065,0.07137270163173266,0.10583460251537685,0.022668477478451216,6.151579892132249e-05,1.4036244091339756,-0.003428794534959807,1.3677048558631828
7.815788526447236e-06,0.06863466415071355,0.056826755282513325,0.0432640616461931,0.020224219664855086,0.002554121153467988,0.0024531150760404266,0.07456309899588527,0.09679497677027851,0.00818032138536725,7.815788526447236e-06,1.3702189109118719,-0.003080116284360755,1.3297329950156358
4.061518415221034e-07,0.09165048574955136,0.0429208694974208,0.03935975808498315,0.03969020714362266,0.008978653610539008,0.025315621366623436,0.021464747642484322,0.061200312529900894,0.010568679197758283,4.061518415221034e-07,1.3404112899244565,-0.0023227116898819422,1.2805154571160893
1.0199725055350601e-05,0.10415108582276117,0.06558664918898308,0.007295128755628411,0.036828882662596533,0.02204132570779201,9.350141182169648e-05,0.0747951113525092,0.11590813825872552,0.0056659907885435,1.0199725055350601e-05,1.4285435453192192,-0.0035305431807216054,1.3803771881091653
1.0199725055350601e-05,0.10415108582276117,0.06558664918898308,0.055777751411707925,0.06443767703759558,0.009692757940873225,0.0019461556712894643,0.07132865605803089,0.11590813825872552,0.0056659907885435,1.0199725055350601e-05,1.4905905777766186,-0.004760390651491728,1.44012956519051
1.3994289412036203e-06,0.1353195413806112,0.06581859307808076,0.055548753143061624,0.07027851700071942,0.010734673640177812,0.0005299666254515202,0.08448769545175971,0.11371886320242605,0.03622560734521754,1.3994289412036203e-06,1.5711786917363093,-0.005816021404773282,1.5102502065050898
1.68490942119597e-06,0.10226016295273023,0.048979140013522306,0.09689889113990248,0.04790564396433997,0.009401881534251188,0.026040525433761383,0.09593205689165847,0.08838816800198615,0.0006865138149561547,1.68490942119597e-06,1.5148944990535644,-0.005021619360889011,1.469160074878941
1.3994289412036203e-06,0.1353195413806112,0.06581859307808076,0.055548753143061624,0.07027851700071942,0.013094310231379653,0.0010736171280035349,0.08448769545175971,0.14900018600759818,0.02945475467005369,1.3994289412036203e-06,1.602577705653096,-0.006331240659057534,1.543382442556427
5.747946803729801e-05,0.1353195413806112,0.06581859307808076,0.07102231321429844,0.07027851700071942,0.012300461728881358,0.0005299666254515202,0.08448769545175971,0.11371886320242605,0.03622560734521754,5.747946803729801e-05,1.5801425214215485,-0.006063825667525691,1.5263234312251739
9.820945665616287e-06,0.10044184486759376,0.07814838042470455,0.09538977508240097,0.088860788462464,0.01100610826807173,0.04638869883473932,0.10903073122408093,0.09167873627334175,0.025935309253648123,9.820945665616287e-06,1.642858691120114,-0.006940842199573142,1.587846707481397
1.3873951924252082e-06,0.10336210474848903,0.08568147180651646,0.09855888795276957,0.0722581411579476,0.05843107438417238,0.0013611587155696525,0.09712771726610692,0.16630498476545463,0.009974832309725195,1.3873951924252082e-06,1.6915277466610268,-0.007493484637595107,1.621044275612858
1.3873951924252082e-06,0.10336210474848903,0.08568147180651646,0.09855888795276957,0.0722581411579476,0.05843107438417238,0.0013611587155696525,0.09504984828876381,0.16630498476545463,0.009974832309725195,1.3873951924252082e-06,1.6894508184577695,-0.0074501536700495195,1.6189507439628295
1.0544938257122776e-05,0.09690000945304299,0.09494763940006924,0.0925937919064686,0.088860788462464,0.007179627438202075,0.04638869883473932,0.10938824216736917,0.14670130429365902,0.025935309253648123,1.0544938257122776e-05,1.7046503909978044,-0.008114731282242174,1.6492724219340942
1.3873951924252082e-06,0.10336210474848903,0.08568147180651646,0.12423247625815953,0.0722581411579476,0.059080977790434745,0.024161231238335995,0.09712771726610692,0.16630498476545463,0.051846702442621094,1.3873951924252082e-06,1.7824825336738939,-0.008971574725628468,1.7020236741234216
1.3873951924252082e-06,0.13013872341732144,0.08565675985667587,0.04894799386930729,0.07224701298294982,0.058195855284043176,0.03459832565170286,0.13404568622342145,0.16630498476545463,0.019960992527658785,1.3873951924252082e-06,1.7485381063408003,-0.008489727473878139,1.6752053747140838
9.654602811799972e-07,0.16488647099777556,0.07960269078993204,0.045854191898758084,0.07224701298294982,0.04952366896090591,0.03459832565170286,0.13373437314740438,0.16016885830874283,0.05142492002628751,9.654602811799972e-07,1.790725163405034,-0.009147808678070251,1.7101750445921133
4.790626739785181e-07,0.14611114373220196,0.07782772265825808,0.12462630950423369,0.06751692657526641,0.058072601641458485,0.0010646490180614304,0.1486747020904975,0.18079796075469026,0.06296521725302676,4.790626739785181e-07,1.8667113342541115,-0.010545193882674664,1.7784669138820146
7.596924185934502e-06,0.14523177795693173,0.08232171068570741,0.1572192149442118,0.0362621838183638,0.07752513495016645,0.022591044302266466,0.14879763961833875,0.15731598295089813,0.055690422298366335,7.596924185934502e-06,1.879172960387634,-0.010602342670620872,1.793703595689928
7.596924185934502e-06,0.14523177795693173,0.08232171068570741,0.1572192149442118,0.0362621838183638,0.08334807489323544,0.022591044302266466,0.14879763961833875,0.15731598295089813,0.055690422298366335,7.596924185934502e-06,1.884990056792893,-0.010640817682266289,1.7972434031310354
7.596924185934502e-06,0.1386155041453567,0.1309768067376891,0.07233265641862545,0.1247527609708932,0.0490276502511391,0.003396371354743899,0.13924308044425138,0.1831994697265258,0.06695034282024749,7.596924185934502e-06,1.9046869284485706,-0.010873458671144962,1.8079293610548846
4.790626739785181e-07,0.19610492030894908,0.0808605003481551,0.12462630950423369,0.09947115334437517,0.050493126973033285,0.004458480299230656,0.1486747020904975,0.17980192944506615,0.06296521725302676,4.790626739785181e-07,1.9464904443126763,-0.011740805954007708,1.8494336572897587
4.4704464381555065e-06,0.14636085818478842,0.08729106670096803,0.1581903215543423,0.12527852173218515,0.023199720693341568,0.06554415193727899,0.09004981309130251,0.153379819531886,0.05142492002628751,4.4704464381555065e-06,1.897804221180076,-0.010928068144542082,1.8159859349783691
7.596924185934502e-06,0.14389772482602806,0.13071681202754207,0.1553154603920398,0.11301388108627398,0.06002122631882063,0.008844478754300973,0.14910895269435584,0.15775509563834675,0.11580098489523379,7.596924185934502e-06,2.030543236541833,-0.013126114371447015,1.914542132951697
7.596924185934502e-06,0.14389772482602806,0.126425182677838,0.10566347151789142,0.11301388108627398,0.03994089361483639,0.008844478754300973,0.1742846647168633,0.15632691086284106,0.11580098489523379,7.596924185934502e-06,1.9803156933395218,-0.012353777792042454,1.8765822994261727
2.183502380296711e-06,0.16483050851299877,0.10359218338648415,0.12036209037759442,0.11472562154520281,0.09780922953357575,0.019695723744484906,0.13373437314740438,0.17470619542614924,0.11725524976303495,2.183502380296711e-06,2.0445971747928082,-0.013051026324902324,1.9132744481829171
7.596924185934502e-06,0.1386155041453567,0.11423813701949266,0.18959259625526165,0.12292566161898925,0.0788329531386075,0.048739788205770546,0.15446448345395233,0.13572462645269495,0.1241050694610918,7.596924185934502e-06,2.103237753198996,-0.014292265121339144,1.9776869829571813
2.183502380296711e-06,0.16483050851299877,0.10359218338648415,0.12036209037759442,0.11472562154520281,0.09705314390692987,0.03368610772423735,0.13373437314740438,0.20158322978022697,0.15010998334366865,2.183502380296711e-06,2.117525888591771,-0.014053255222236936,1.9767056356252857
4.000876261269459e-07,0.16594846607474445,0.09497233537642817,0.1548040337962147,0.11294838873188484,0.00749297229004614,0.025864374549577542,0.1862925132523329,0.17279921881388724,0.1331160103146817,4.000876261269459e-07,2.053331739799445,-0.013739883294520583,1.9527202149756173
4.530176115807414e-06,0.20495273735826963,0.12879153718101752,0.20062517289434592,0.11440167700792538,0.04440787763387754,0.06164869628701666,0.15890308744108245,0.17910526413398029,0.10275169224353144,4.530176115807414e-06,2.192433950946709,-0.016269911855712457,2.0734972955290014
1.0285850893549843e-05,0.17580917032574608,0.09450044662823044,0.1548040337962147,0.11294838873188484,0.08900721158043556,0.02549469661233838,0.17492673611517867,0.17279921881388724,0.1331160103146817,1.0285850893549843e-05,2.1287214817774984,-0.014797199379546072,1.996274454075793
1.6853287895957849e-06,0.1866307027538239,0.09450044662823044,0.1548040337962147,0.11294838873188484,0.08900721158043556,0.02549469661233838,0.17492673611517867,0.17279921881388724,0.1331160103146817,1.6853287895957849e-06,2.1423264644827307,-0.01498261664591914,2.005949453544028
7.596924185934502e-06,0.1979653482591844,0.12879153718101752,0.18827747575209214,0.1247527609708932,0.07972600497928753,0.061883731990470925,0.15752037265827074,0.16838169944102446,0.12338950464495876,7.596924185934502e-06,2.2265718388687716,-0.01676293393264815,2.0879042601539117
4.530176115807414e-06,0.19783140086876683,0.12879153718101752,0.18827747575209214,0.1247527609708932,0.07972600497928753,0.061883731990470925,0.15890308744108245,0.1800027903961148,0.12338950464495876,4.530176115807414e-06,2.2403702361639017,-0.016985530071325583,2.09967368554692
7.689209814090915e-06,0.20565143163133348,0.12006721076655577,0.19311908061773983,0.05534314719062657,0.08787506592538442,0.12619053862056429,0.16789496576248492,0.14996278531020227,0.16459204459634746,7.689209814090915e-06,2.2665177706848096,-0.017371565969647326,2.1318297814298215
2.413666345950165e-05,0.16292213003085448,0.13319617821764765,0.14849053999988593,0.1431659173275827,0.10477977215696517,0.13247299905835733,0.19310827163312005,0.15418505709275435,0.13752031606799295,2.413666345950165e-05,2.302374464820423,-0.01799861337183039,2.156378375527756
9.173016069928015e-06,0.17676933089724417,0.14270356529891395,0.1545190927412587,0.14360941954837503,0.07982716880931613,0.1298447156164939,0.21126301676038242,0.1513776540938695,0.12627941383727356,9.173016069928015e-06,2.3115839872883663,-0.018420400698280073,2.1724380526019083
3.303546605534018e-05,0.22736888279158318,0.12349381908087861,0.16662376412732144,0.11280598023808044,0.07975522188655539,0.12619053862056429,0.23872854383984732,0.15332660574472906,0.16459204459634746,3.303546605534018e-05,2.3839943894853226,-0.01982312519164005,2.242777861324063
1.4823672490730844e-05,0.20565143163133348,0.13578520135418998,0.1921063056275369,0.08738757490153923,0.08126220773038353,0.21237564270035428,0.23583789895920207,0.14996278531020227,0.16414270562319955,1.4823672490730844e-05,2.4584674908482587,-0.020856768386968472,2.3202498681228336
1.4823672490730844e-05,0.22310845601988363,0.13578520135418998,0.1921063056275369,0.08738757490153923,0.07999374483587006,0.21237564270035428,0.22500583063759394,0.17235853774260643,0.16414270562319955,1.4823672490730844e-05,2.4861858002614223,-0.021349880221936065,2.3453236428055293
8.045121007080923e-07,0.20565143163133348,0.12006721076655577,0.1921063056275369,0.08738757490153923,0.15899093957119187,0.21237564270035428,0.22199888958059577,0.14996278531020227,0.16459204459634746,8.045121007080923e-07,2.5117109084545994,-0.021036187218119815,2.339148788238924
1.4291655572820272e-05,0.20710789693519036,0.23509614472749024,0.18864247645750204,0.14676662463623089,0.08915668178070384,0.1298447156164939,0.22604097751225702,0.15400640047305983,0.1640467939727944,1.4291655572820272e-05,2.5346828566683546,-0.02157827496964752,2.3611615733068847
3.428767532229687e-05,0.22649395705112255,0.12749004307293152,0.23259725469097156,0.13679044288475073,0.11908831392547717,0.16617483386454632,0.2130692300653158,0.1508447695054231,0.20166324707730104,3.428767532229687e-05,2.5648172132974314,-0.022631717116643874,2.385585204446122
4.54930895702325e-06,0.20603646429500952,0.17401734474517846,0.2528292379592137,0.12752688567002007,0.15020491238388312,0.13071717338482625,0.23349228040781547,0.18723167202737656,0.16667941066727282,4.54930895702325e-06,2.6252772130344524,-0.023230340542622758,2.42670803652104
9.615879698444923e-06,0.20716593724090526,0.18457516206763164,0.2566666661217454,0.14360941954837503,0.07973133447500695,0.0880022876120515,0.25158139850430805,0.18601689576616823,0.22234456058517435,9.615879698444923e-06,2.614674632224322,-0.022889446557807606,2.4242214371339093
7.592224731726678e-06,0.2057911868105382,0.1774577260210177,0.23728937814859305,0.17843184676230955,0.11908831392547717,0.16617483386454632,0.2130692300653158,0.1508447695054231,0.20166324707730104,7.592224731726678e-06,2.6453252276137382,-0.023539900494059397,2.444266965527028
1.867083912053559e-05,0.2603828548276537,0.18764562806057689,0.23728937814859305,0.14242566995170824,0.10462285325374561,0.16617483386454632,0.26903951734189374,0.18601689576616823,0.20166324707730104,1.867083912053559e-05,2.748088498450482,-0.0257497794312936,2.555848082511922
1.560383634131423e-05,0.2603828548276537,0.18764562806057689,0.23728937814859305,0.14350297481806074,0.11367295273945022,0.16617483386454632,0.2673997151866049,0.1508447695054231,0.20166324707730104,1.560383634131423e-05,2.722051305655505,-0.025320016246402757,2.5286463436111726
1.560383634131423e-05,0.2603828548276537,0.18764562806057689,0.23728937814859305,0.1424399309322746,0.11403537061836501,0.16617483386454632,0.2673997151866049,0.1508447695054231,0.20166324707730104,1.560383634131423e-05,2.721351517432085,-0.025310011976441428,2.5280511923546216
2.022019581295087e-05,0.22900057221497225,0.2069895456052561,0.2802569608792679,0.1792903527365968,0.1164864202563939,0.19817565291496161,0.2929262951285515,0.1482138911449538,0.15997815649702912,2.022019581295087e-05,2.8037782587044258,-0.02608565925743035,2.6106698433243034
1.6663494755014114e-05,0.20560626578648575,0.20678794671052783,0.2773118770163615,0.1792903527365968,0.10012591899909926,0.19817565291496161,0.3021039863823481,0.17840198475864966,0.24262312367715952,1.6663494755014114e-05,2.8834870357138254,-0.02729712243279197,2.6656926750237964
1.6663494755014114e-05,0.20560626578648575,0.20678794671052783,0.2635768537301309,0.1792903527365968,0.10012591899909926,0.18755859950245693,0.3021039863823481,0.17358907550961675,0.24262312367715952,1.6663494755014114e-05,2.85435715189908,-0.026861338151882644,2.6383836489908803
1.6663494755014114e-05,0.20560626578648575,0.20678794671052783,0.2635768537301309,0.1792903527365968,0.10180890287380419,0.18755859950245693,0.3138665473112266,0.17358907550961675,0.24262312367715952,1.6663494755014114e-05,2.8677864919158647,-0.027037910432439353,2.65110733309223
1.6663494755014114e-05,0.23949729370950798,0.20678794671052783,0.2635768537301309,0.1792903527365968,0.10457289400172148,0.18755859950245693,0.3138665473112266,0.17358907550961675,0.25711491322053076,1.6663494755014114e-05,2.91887200117479,-0.028016285047477222,2.6957976138262425
1.867083912053559e-05,0.30530244073299156,0.18903558018734976,0.2952129922279007,0.15108502535243262,0.10462285325374561,0.16617483386454632,0.33585310168905264,0.18601689576616823,0.20230648094440498,1.867083912053559e-05,2.928206805755644,-0.02807936909151633,2.7302768859896207
5.047916308490441e-06,0.2634479281987151,0.20678791204026714,0.3534264282887031,0.1792903527365968,0.10457289400172148,0.1885005977635578,0.3254281716786055,0.1873966015099208,0.2513576422800483,5.047916308490441e-06,3.0562781752648522,-0.029673415114366584,2.822753618696421
1.6663494755014114e-05,0.2629135917394931,0.20678794671052783,0.2635768537301309,0.1792903527365968,0.10457289400172148,0.18755859950245693,0.3138665473112266,0.19454116294793286,0.31375336486362043,1.6663494755014114e-05,3.019759335817581,-0.02901687686185303,2.7771581145338318
5.047916308490441e-06,0.2634479281987151,0.2082730394576188,0.3534264282887031,0.1792903527365968,0.10457289400172148,0.1885005977635578,0.3254281716786055,0.1873966015099208,0.2513576422800483,5.047916308490441e-06,3.0577623490923953,-0.029689208795035744,2.824042310674387
5.047916308490441e-06,0.2634479281987151,0.22477738671338837,0.3534264282887031,0.1792903527365968,0.10457289400172148,0.1885005977635578,0.3254281716786055,0.1873966015099208,0.2513576422800483,5.047916308490441e-06,3.074256114550181,-0.029839633846109475,2.8384065481378036
0.00021822011998155958,0.2928583095252339,0.17783642082262496,0.30026785328272176,0.1716981758349594,0.1432734457385969,0.30644294286816953,0.33794537985268874,0.08080818818620426,0.34634135525031085,0.00021822011998155958,3.1312228059574854,-0.03102786700740828,2.887766802230854
9.779244503392068e-06,0.2928583095252339,0.17783642082262496,0.29941686405250867,0.1716981758349594,0.18086196669448934,0.30644294286816953,0.33607799460937793,0.07000841946170384,0.34634135525031085,9.779244503392068e-06,3.1759645389813556,-0.03141319340148046,2.900195784443441
7.78825261288727e-06,0.33983659659481885,0.15416219427312278,0.36920575599326283,0.1792903527365968,0.09782470154213814,0.2693602855438647,0.33607799460937793,0.17537995287624025,0.3356661161323158,7.78825261288727e-06,3.2517676012396097,-0.03231580784442376,2.9989368930457196
9.779244503392068e-06,0.2928583095252339,0.17783642082262496,0.303315805202123,0.1716981758349594,0.18086196669448934,0.3622288102249524,0.33794537985268874,0.07000841946170384,0.34634135525031085,9.779244503392068e-06,3.2374630342658315,-0.032151215252303446,2.957010433131157
9.779244503392068e-06,0.364010764336708,0.1781034876687591,0.36920575599326283,0.22726112889991174,0.1446189693148657,0.29401754884457076,0.3334994787044908,0.07000841946170384,0.34634135525031085,9.779244503392068e-06,3.321362857214548,-0.033437204437796936,3.038095695111808
9.779244503392068e-06,0.364010764336708,0.1781034876687591,0.36920575599326283,0.22726112889991174,0.19791769304663184,0.29401754884457076,0.3334994787044908,0.07000841946170384,0.34634135525031085,9.779244503392068e-06,3.3746160737860698,-0.03415805977577303,3.0748447839373565
9.779244503392068e-06,0.364010764336708,0.1781034876687591,0.36920575599326283,0.19429264850432593,0.18086196669448934,0.3391078578502378,0.33607799460937793,0.15092730325230946,0.34634135525031085,9.779244503392068e-06,3.4531131463913227,-0.035728897638500956,3.1603064019173006
9.779244503392068e-06,0.364010764336708,0.12212456436366793,0.342874126744647,0.22726112889991174,0.18086196669448934,0.30644294286816953,0.33607799460937793,0.18890761709355117,0.34634135525031085,9.779244503392068e-06,3.409123605773535,-0.03430831626629684,3.118704400874155
9.779244503392068e-06,0.364010764336708,0.1781034876687591,0.36920575599326283,0.22726112889991174,0.18086196669448934,0.30644294286816953,0.33607799460937793,0.18890761709355117,0.34634135525031085,9.779244503392068e-06,3.4913649281604915,-0.035800443925335275,3.1943576632055097
9.905185661873702e-06,0.3742355295844663,0.1897249241331489,0.36920575599326283,0.15102620062290273,0.19707573988583446,0.3237405475704721,0.37921036729175284,0.16782754012874368,0.39732814084964135,9.905185661873702e-06,3.543445394000911,-0.03636415758493259,3.2426540437636246
1.4700596157576887e-05,0.3742355295844663,0.2632132106442864,0.36920575599326283,0.15102620062290273,0.19707573988583446,0.32527813397133254,0.37921036729175284,0.16782754012874368,0.3692821327600781,1.4700596157576887e-05,3.5890835341553773,-0.03671699554234421,3.2937799521868665
9.779244503392068e-06,0.364010764336708,0.1781034876687591,0.42078397420055746,0.22726112889991174,0.18375886582381065,0.30644294286816953,0.35164143468859427,0.18758329754385852,0.34634135525031085,9.779244503392068e-06,3.560021993075353,-0.0364236892800982,3.2603379307477196
5.751439523224811e-06,0.3599641214763181,0.1764119676919714,0.38634074103965027,0.27741836264594033,0.19602061730817616,0.32323289529921306,0.3491349047296517,0.1765387269144542,0.3963215698477729,5.751439523224811e-06,3.6368075329166767,-0.037359929434126145,3.308842531903765
1.4662686478498156e-05,0.36900481950304087,0.2627933370395668,0.37921988784122485,0.2762904244506599,0.18954750720827676,0.32527813397133254,0.4410958949484883,0.14757241998659962,0.385760498156899,1.4662686478498156e-05,3.7691215147643957,-0.038753340808606235,3.448496647113635
1.1624228359726286e-05,0.36900481950304087,0.2627933370395668,0.37921988784122485,0.2762904244506599,0.18954750720827676,0.32527813397133254,0.4410958949484883,0.14757241998659962,0.385760498156899,1.1624228359726286e-05,3.7699372435309013,-0.038756614557723265,3.448504268348044
1.1624228359726286e-05,0.36900481950304087,0.2627933370395668,0.37921988784122485,0.2762904244506599,0.19901522213139647,0.32527813397133254,0.4410958949484883,0.14757241998659962,0.385760498156899,1.1624228359726286e-05,3.7793966584759264,-0.03888414163557714,3.45599714099975
0.020572928242613336,3.5637517827921294e-06,2.9197538097325916e-11,1.0382652338765267e-06,8.389059927656794e-05,3.0139410081698065e-05,6.631352218323697e-05,5.113518502572549e-06,2.6403080254743028e-05,3.273407176452247e-06,0.020572928242613336,0.856771316815796,0.020464218781542743,0.878031140671854
0.03688876865834313,4.564726140832907e-06,2.227350457960342e-06,1.1248984026516182e-07,7.036519930884198e-05,4.72323475803842e-06,7.521651038919523e-06,1.8511400342987473e-05,3.579090268645926e-05,2.0518779978781677e-06,0.03688876865834313,0.8080673703483265,0.03707422929731028,0.8102335878476209
0.02264934842561228,2.731631029890345e-07,1.642090098521853e-05,3.6290083433003744e-05,4.3359905720326715e-06,1.2301068100009887e-06,6.487865186037622e-07,1.2861458058037766e-07,2.06716920816299e-05,3.175435665118708e-06,0.02264934842561228,0.8495799114202818,0.02257924489180421,0.8692467353738443
0.05467361899377875,0.00011417352068664786,1.7656632367844278e-05,0.00010538761270914552,0.0007592402946927848,0.000976778060664325,1.743928427290971e-06,5.9864685012406995e-05,2.6489964929216204e-05,2.8292305512470468e-05,0.05467361899377875,0.7680215461727594,0.05504547276483545,0.7503813416533484
0.045838009592670155,8.663085784321977e-05,1.0113142442303047e-05,9.956305105510294e-05,4.7139432366499344e-05,1.6510179489358956e-05,4.82147061780458e-06,1.0411454145053456e-05,8.444201484476939e-05,4.6780680933163486e-07,0.045838009592670155,0.7862234238193205,0.046162809235187875,0.7757808470413805
0.05066266507313832,2.4841329069841504e-07,1.5409961174980025e-05,8.606407181929024e-09,1.8065630412650536e-05,5.8748411860926807e-05,1.1851518343871314e-06,1.110255086003629e-07,2.6647295175237267e-05,2.5413043118967915e-07,0.05066266507313832,0.7750234130408523,0.05104225248198033,0.759942013918898
0.04561449746601681,2.317710008909301e-06,4.527102740447891e-07,4.532168832162951e-08,8.526592088646435e-06,1.8445413817569005e-05,7.768465575354865e-07,1.89491120309503e-05,2.5363110863781425e-07,0.0035572836161238807,0.04561449746601681,0.7896467011628924,0.04590692085339447,0.7803999479433735
0.04010709687630995,2.136623525356985e-07,7.145259752793824e-08,2.2821371082440824e-07,9.650742585379096e-07,1.789765535255373e-05,1.147519017371832e-06,1.2442943710920269e-06,1.7952443456259953e-06,2.139334267333716e-06,0.04010709687630995,0.7997555655676792,0.04035187688593511,0.7972212127333564
0.0637842049067392,9.070251457553195e-05,1.0029501659891501e-05,6.193009840204298e-07,0.0003286279803315411,0.00021571705821317818,0.00011717305413089737,1.042700694098127e-05,0.00015039257787076646,2.2849815077158827e-06,0.0637842049067392,0.7482537210069256,0.06411802017597487,0.7338630847125696
0.06992111433846045,7.092278719504434e-06,1.2462120055894876e-05,3.687554931589012e-05,0.00044610608241210154,0.0001622760165632054,6.523690842926583e-07,8.758762637099739e-05,8.476820637260898e-05,2.3616115867437192e-05,0.06992111433846045,0.736321558597692,0.07020877370577264,0.724915963350189
0.06944629912055192,3.4067430819185744e-06,1.1727857545311806e-05,2.7985698134239194e-05,2.4025371881970386e-05,3.4501873986806387e-06,2.3568599525341524e-05,1.60533513622169e-06,0.00021029898765192987,1.0331448370951185e-05,0.06944629912055192,0.7367480562541934,0.06974320203836275,0.7252919689523432
0.09745868005288759,7.164628429327701e-05,3.575883816753589e-05,1.2746596141114435e-05,5.638712383165686e-05,0.00013470164765678534,0.00035272935695640316,2.8094602808165125e-05,8.854053839974734e-05,2.9411248573733408e-05,0.09745868005288759,0.6884998768462697,0.09756132591691119,0.6876691540999167
0.09126598084622467,7.1544901778162485e-06,1.2462120055894876e-05,3.741531009688021e-05,0.0005250810691170634,7.258513008583473e-05,6.855752267238401e-06,5.046282437910726e-06,3.3858721658723394e-05,3.4827563212206912e-06,0.09126598084622467,0.6984950291730596,0.09140296123998805,0.695899489051842
0.08800057681838863,0.0011766486664469738,1.2647733182778371e-05,1.849020734843455e-06,0.0005395694330554919,3.5789420003448488e-06,6.855752267238401e-06,5.046282437910726e-06,3.3858721658723394e-05,3.4827563212206912e-06,0.08800057681838863,0.7048702012481045,0.08813434221003812,0.7008342537278311
0.08229173678728997,4.615581397236636e-06,1.7656632367844278e-05,2.8564120675971266e-06,3.316197959377916e-05,0.00016755669942151037,1.1728260702623207e-06,4.933898152781005e-05,2.7638015322618634e-05,1.377414643099682e-05,0.08229173678728997,0.7134068325887863,0.0824956373747327,0.7076252492045005
0.08528444849813417,2.4841329069841504e-07,1.5409961174980025e-05,8.606407181929024e-09,1.8065630412650536e-05,5.8748411860926807e-05,1.1851518343871314e-06,1.0816954139543603e-07,6.902095700758345e-06,2.5413043118967915e-07,0.08528444849813417,0.7080511808597718,0.08546996812250984,0.7035037227676028
0.10954734847756638,0.00015513556026318997,0.0004306003939490871,2.7913454454276086e-05,4.958073243398751e-05,0.0007015501789300804,1.1956767784475376e-06,3.2837894606295575e-05,7.829751282171501e-05,7.32413784312373e-05,0.10954734847756638,0.6703145070260345,0.10958871921482143,0.671564569680147
0.10853378738903446,8.071013347097471e-07,7.645073893002139e-06,8.938570750444103e-08,4.784395076890374e-06,6.953396604810933e-05,2.7642042919197968e-05,1.5530168114978277e-05,9.097061351861372e-05,2.0128797293933705e-05,0.10853378738903446,0.6707534078584961,0.10859132955555734,0.6723194926782616
0.10112260057150832,2.6007585138352477e-06,3.24565531922206e-07,3.968351326312587e-06,0.0005227465740597844,1.391275027422492e-06,1.772352925459814e-07,1.3044303162989584e-07,1.0138114715240237e-05,3.4827563212206912e-06,0.10112260057150832,0.6824605241902315,0.1012077973650913,0.6825632726009654
0.13765881940915423,1.1890538156138728e-05,1.4755194910046561e-06,1.7758471885051483e-07,5.9959601640191495e-06,1.2655717799620156e-05,3.6895123085066597e-07,1.1850367947744489e-07,0.00016410334205857713,4.640398021079718e-06,0.13765881940915423,0.6291400467606342,0.13766358860583638,0.6321858606371148
0.12172980477032322,1.2670801058278193e-05,1.2531501621987375e-05,1.7944607814525927e-08,5.7547200444255405e-06,3.560090284149411e-05,0.0001099181042566709,1.6788586015894377e-07,2.034227347057274e-05,1.3571019797562379e-05,0.12172980477032322,0.65127585626956,0.12175092652761166,0.6542857616581952
0.12423771645595445,0.0007938466463012613,3.5931711392311543e-07,1.587014905077272e-07,3.2688339790854914e-05,8.849197613173182e-07,2.1399671450296623e-07,5.574459385517154e-07,1.4233956270581091e-05,4.830718696137147e-07,0.12423771645595445,0.6482211046042177,0.12424069855467151,0.6511454445076684
0.12423771645595445,8.031580617119203e-06,2.0033519028158732e-09,1.519689741688395e-08,1.9965336167121004e-06,8.849197613173182e-07,2.1399671450296623e-07,1.2553992315302542e-08,6.028665659037107e-06,2.59609655204498e-07,0.12423771645595445,0.6475406603064249,0.12425587965418802,0.6507025308133659
0.14875830282429262,5.317397901619603e-06,3.5271065429644824e-06,4.370984252965731e-06,0.0006615336829383817,0.0011207669309890773,4.913952600592058e-05,8.925947768526555e-06,0.00029036104123114084,1.0792029151545118e-05,0.14875830282429262,0.6160474471043367,0.14875981092546753,0.6175671057718968
0.15253362921415378,0.0001685193981180735,3.0135298819548003e-07,8.018130525693746e-08,2.752928948734683e-05,0.002107156892832939,0.00012979633126536668,1.6788586015894377e-07,3.3513887804008666e-06,1.227817217279659e-05,0.15253362921415378,0.6114156635770487,0.15255243041577365,0.6121871835109295
0.1487953069151103,1.2670801058278193e-05,1.2531501621987375e-05,1.7944607814525927e-08,5.7547200444255405e-06,3.560090284149411e-05,0.0001099181042566709,1.6788586015894377e-07,2.034227347057274e-05,1.3571019797562379e-05,0.1487953069151103,0.6144300164032341,0.1488161099249623,0.6165470308632726
0.17616475549800523,3.5807712382833106e-06,1.2793486888226759e-06,1.6237065144107374e-07,6.589562895252168e-07,2.692097037676596e-06,7.48186793949188e-07,2.5652204714424625e-07,2.2855590464124847e-05,2.3815620484625958e-06,0.17616475549800523,0.58030749749124,0.17617770221627121,0.5818203272672683
0.17455878289652932,7.98856745273908e-06,4.7356379324288274e-07,1.1330400279264931e-08,3.4162384786103402e-06,3.3650116973534105e-06,0.00021579038660648166,2.796452435927623e-05,9.196038646781392e-05,1.3443868647255057e-06,0.17455878289652932,0.5824763968455718,0.17457558944509388,0.583743938825152
0.1807515285107934,1.264009473777491e-06,2.3431185230679675e-05,1.1043871240845011e-05,0.0016724163576301663,0.00027968435590581544,7.562825066047988e-05,2.328997472095435e-05,0.0005887094923314548,5.1826848980055014e-05,0.1807515285107934,0.5769991050838666,0.1807143923856895,0.5785815765296041
0.19031826411113492,0.00010144007793007403,0.00011593713620715664,0.0010458892250804024,0.0007448449994202171,6.68776391781868e-05,0.00013311484818272635,2.6106863148606233e-05,0.0006431989913863834,2.367380688722503e-05,0.19031826411113492,0.5660139204622793,0.19025360016404205,0.5685459698744998
0.1819133504626131,2.3663211938477804e-07,7.4264732263809455e-06,2.0655330813468553e-06,2.1704877278216462e-07,8.967736029409537e-05,3.160628732063983e-09,4.48418343568409e-08,2.242362860588504e-05,1.5109901822775686e-05,0.1819133504626131,0.5735949325749844,0.18190520727860007,0.5757561644560615
0.20617202581101668,6.092967570950636e-07,0.0003945605999788628,5.4877135965503664e-05,1.1058777601844866e-06,9.293318574649628e-07,0.00011128101817383721,0.0001098141678018212,2.882425140071209e-05,0.0002643887289104005,0.20617202581101668,0.5466853447119102,0.206123671202839,0.5502048904295255
0.2100929564976286,7.98856745273908e-06,1.358040090943054e-05,1.9886379807749407e-08,3.4162384786103402e-06,1.4588078794395235e-06,0.00021579038660648166,2.796452435927623e-05,9.196038646781392e-05,1.3443868647255057e-06,0.2100929564976286,0.5419212368769823,0.2100487193936698,0.5455921350700956
0.2029976269278012,6.957325112323013e-06,3.2833902216077715e-05,7.247192153422822e-06,0.0003116129549124114,0.002401910293234485,0.0001483371666603376,9.899325284059477e-06,0.0017974819801673024,2.9360296003765176e-05,0.2029976269278012,0.553125245995336,0.20289918540604285,0.5554700377970696
0.20017783664681865,6.616047447417212e-07,2.25382385046616e-05,6.058908625179267e-06,3.420161923337295e-06,5.7526784668068264e-06,3.246965838342739e-06,0.0001269220218451045,9.573970293465569e-05,2.6026088586437684e-06,0.20017783664681865,0.5527948513626766,0.20013141990372924,0.5562661352990078
0.2394708074473181,0.0006252731107947919,8.673067254268858e-05,5.516781625396483e-05,1.1850513002627063e-07,6.149434322550252e-06,0.00013004098833731517,6.711118807392494e-06,7.888621101086487e-05,1.2427348794400612e-05,0.2394708074473181,0.5113989738525908,0.23950406004602512,0.5136693083516667
0.22061144093593213,1.127461567387722e-06,2.6476361200840642e-06,5.916085812466732e-07,7.19730699149818e-08,2.678785215744363e-06,7.48186793949188e-07,0.003617812696533023,2.0555743864008986e-05,7.092655238938601e-07,0.22061144093593213,0.5330983291153495,0.22054832563125212,0.5362318899941313
0.22746422075455106,2.301932104766661e-07,1.829018853068864e-05,5.1695397751222406e-05,3.967798535924579e-05,0.0006698818627994054,2.5578628272780506e-05,4.5073458156776855e-06,2.672045164091593e-07,2.1874203341845855e-05,0.22746422075455106,0.5237015473994002,0.22745541863671867,0.5266997217102312
0.24541024758209454,0.0004782968376169074,1.7982770906966726e-05,2.6829634257170547e-06,3.9726923511447015e-05,0.0006695015386002081,3.358518695444929e-05,0.00020714754344803576,2.672045164091593e-07,0.0003984839756563991,0.24541024758209454,0.5060012411088077,0.24547837316541776,0.5074363990773066
0.25309243661155356,2.1819115879085583e-07,5.533748406881083e-07,8.854617473508608e-07,4.7668586150695816e-05,8.215444851037714e-07,0.00017866428788633866,6.34296310690835e-06,3.6596343327113924e-05,2.508017430962092e-07,0.25309243661155356,0.4971206543956311,0.25321159532760606,0.4981897979372264
0.2411740543345018,3.027764149007111e-07,2.826934851956031e-06,1.387081932901308e-07,8.508940961486008e-06,2.706139962622805e-06,3.237969287889726e-07,4.018620473677629e-06,2.0591331984562853e-05,1.1542226365609402e-06,0.2411740543345018,0.5089358584824054,0.24122335339059664,0.5112550083600007
0.2798758224314665,2.5563040868935505e-06,2.283187432234983e-06,4.043140629318472e-08,2.4860372508439658e-05,8.385921455482837e-07,0.00011897218844154866,5.278891712845091e-07,3.020426618763922e-06,1.6332491094751535e-06,0.2798758224314665,0.47108089246679025,0.2802187266323465,0.46824445510113044
0.26243221761103186,6.616047447417212e-07,2.2790219148616955e-05,6.058908625179267e-06,2.017364973198283e-05,6.928477947467989e-05,3.716794161474588e-05,0.00014617673186517003,9.566328220774854e-05,1.0849420284108643e-05,0.26243221761103186,0.48802273493690235,0.2626168258498105,0.4878426787878113
0.26243221761103186,6.616047447417212e-07,5.8869048479810275e-08,1.745331673236401e-07,1.7790516002788594e-06,3.461431070243773e-05,3.625431377300807e-05,0.0001600537783413528,8.87289822569155e-05,3.941671124643766e-07,0.26243221761103186,0.4879586794653179,0.26261704230212296,0.4878008148538299
0.2612492567886924,7.982452726760033e-06,1.9464786150232226e-08,2.848309099480868e-08,3.4162384786103402e-06,1.659850026143603e-05,0.00023256607164251798,2.8189689819538494e-05,9.119265463438787e-05,5.588040336934471e-08,0.2612492567886924,0.48915745171411784,0.26142624469578485,0.4891731240298506
0.29951698679784555,1.1328310772167522e-05,4.109393818242051e-06,1.2554445753544912e-07,6.0013970675762367e-05,1.4789345248671806e-05,3.6895123085066597e-07,6.563177718723877e-07,4.2381217402867863e-05,1.2334265338446992e-05,0.29951698679784555,0.4528246766919896,0.2997037783551989,0.4510203296864555
0.29496157114289234,1.2660909297506978e-05,1.1754114222008522e-07,2.6088365948805372e-06,2.2621460447021e-06,5.606931965291776e-06,0.00012521082399303228,1.4784291175699863e-05,4.0099716512433643e-07,6.251052513964812e-06,0.29496157114289234,0.45702012109873635,0.2951963544713413,0.4548537952504835
0.3074135565467297,0.002752967298150993,3.914888486987332e-06,0.00013868491354917172,0.0005602553946373608,0.0001922451883731817,0.00038083202409362624,0.0015746185120851578,0.0020327617058048314,0.0011493483767657702,0.3074135565467297,0.4519064872044116,0.30748688986698575,0.4491193181193012
0.3074135565467297,0.002476874453301788,3.914888486987332e-06,0.00013868491354917172,0.0005602553946373608,0.0001922451883731817,0.00038083202409362624,0.0015746185120851578,0.0020327617058048314,0.0011493483767657702,0.3074135565467297,0.45170660523298645,0.30748808505178193,0.4489771093981019
0.3194734022224731,1.1989666312573935e-05,1.4971651457669847e-06,7.203137652193667e-08,1.9783336099194297e-06,1.554506393420597e-05,4.439172626441809e-06,8.606801123996199e-06,3.399730368964977e-05,2.4569206982704187e-06,0.3194734022224731,0.43483802728892007,0.3194856302624891,0.43427871263724294
0.3378310412383503,0.000353459424017091,2.8645414935959874e-05,1.8901661201320406e-06,2.134275106796029e-05,9.05026421865282e-05,0.00013261612580561476,0.00012099087963494631,0.00019954249390664083,0.0007095422793531205,0.3378310412383503,0.41994438855436944,0.33773129357906734,0.41969983395793364
0.3310854190246367,1.438633734674523e-06,2.227350457960342e-06,1.5840032560936732e-08,7.026611984078987e-05,4.493722577069083e-06,5.43570544567905e-05,5.661966188524704e-07,4.039017466372619e-05,2.613008122976865e-05,0.3310854190246367,0.42474215597788856,0.3310178356257561,0.42461707091146317
0.3332279443539219,9.152092580838111e-07,8.827787077959158e-05,1.0187270749701179e-06,4.105303931633229e-06,4.45607313303106e-06,5.045442153862113e-07,0.0007886198717554485,3.442505521059439e-05,1.5053800439893503e-06,0.3332279443539219,0.423398253128892,0.33314596568772087,0.4232187942250896
0.3589051011434005,2.244777754274121e-05,4.18112516218576e-06,1.1000832952261677e-05,0.0006615336829383817,0.0011207669309890773,4.913952600592058e-05,8.925947768526555e-06,0.00029036104123114084,5.893221055700794e-05,0.3589051011434005,0.4024736008378912,0.35870639681337374,0.4021637377265573
0.34182458135093163,1.438633734674523e-06,2.227350457960342e-06,1.5840032560936732e-08,7.026611984078987e-05,4.493722577069083e-06,5.43570544567905e-05,5.661966188524704e-07,4.039017466372619e-05,2.613008122976865e-05,0.34182458135093163,0.41548379422286724,0.3416961412329648,0.4156101085339696
0.3508658018233212,9.221739841150863e-07,0.002526818503212497,3.095952250604349e-07,4.105303931633229e-06,4.425369990318472e-06,1.016628297740013e-05,0.0005472957581129048,2.3795813105990202e-06,9.930917660556294e-06,0.3508658018233212,0.4098477968434558,0.35069642088002273,0.40967255086496834
0.37414821732330966,1.3333366372647643e-06,2.4583476183348393e-06,1.90434709681875e-06,5.4251719977522973e-05,1.1972683670977568e-05,4.427313483634062e-06,3.0742444098528275e-07,0.0008140829188743676,2.0409544566030938e-05,0.37414821732330966,0.3889559845834063,0.37389775674835984,0.38890470035749874
0.37414821732330966,1.3333366372647643e-06,2.4583476183348393e-06,1.90434709681875e-06,5.4251719977522973e-05,1.1972683670977568e-05,4.427313483634062e-06,5.873737536435415e-07,0.004038007771427384,3.1800884209179937e-06,0.37414821732330966,0.3911833746639842,0.3738479970937618,0.39069859992980804
0.368083761291489,3.090554031195289e-06,0.0003945605999788628,5.516781625396483e-05,1.1058777601844866e-06,0.0001670072719383849,0.0001298487836098532,0.00011671391056567782,0.0008234694236302655,0.00025703331835215317,0.368083761291489,0.39465829110710415,0.3678522410200424,0.3945139598477823
0.3625251111347029,3.561402144829791e-07,0.0002931909088977322,6.058908625179267e-06,3.711095730092242e-06,8.71968492055144e-06,4.155874052951521e-05,0.0001269220218451045,9.573970293465569e-05,1.2585283302433376e-05,0.3625251111347029,0.398311015132594,0.3623134533291819,0.3984685380342119
0.36191113867367913,1.2300823029373218e-06,0.00010969450205621794,1.873526762140827e-06,4.5965451203897254e-05,1.1972683670977568e-05,5.141398863241488e-06,5.873737536435415e-07,0.00402731083188335,2.0366481290317497e-05,0.36191113867367913,0.4013643718752604,0.36163723707479584,0.40101468184910055
0.39773909006323077,1.4801005028357182e-05,1.4755194910046561e-06,1.7758471885051483e-07,5.342705942076716e-06,3.85799754781816e-06,9.235915821041655e-08,1.1122538618032221e-07,0.0006666704284098944,4.640398021079718e-06,0.39773909006323077,0.3698117743096298,0.3975068296151798,0.36981951132714747
0.39212274821822324,1.3333366372647643e-06,2.4583476183348393e-06,1.90434709681875e-06,4.055731583280303e-05,1.1972683670977568e-05,4.427313483634062e-06,3.0742444098528275e-07,0.0008140829188743676,2.0409544566030938e-05,0.39212274821822324,0.37441947273646664,0.39186206166243626,0.3740061167268866
0.39150828900398527,2.2587795430351652e-07,2.3124513444142165e-06,2.897689509751487e-08,2.3041727827108846e-05,2.1491723855486387e-06,2.5791337910635895e-05,9.851633316327626e-06,5.286776749654861e-05,2.201309094706516e-05,0.39150828900398527,0.3743887893736141,0.39125629029653225,0.37405810249748583
0.41037625265246175,4.92676601532881e-07,0.0003566374208745101,0.00010406995968403498,1.1058777601844866e-06,0.00016277845477865327,0.0001298487836098532,4.585618571738192e-06,0.0006592689744181559,1.8155737264020946e-05,0.41037625265246175,0.360370690965865,0.4102215671991468,0.36107606147071236
0.40041106372177593,7.53941961956388e-06,4.314011096682498e-07,1.013226251011027e-06,4.790075402303057e-06,5.339689528813939e-06,0.00021336017942195294,2.552644875895975e-07,1.5679608731047273e-06,1.2062007060563518e-06,0.40041106372177593,0.36738057383586686,0.40020470013593673,0.36765854755444227
0.43072950272140414,2.3399079130082987e-05,2.4232010131458177e-05,5.521310553131769e-05,1.952017743061925e-06,2.5283599214033652e-05,2.123765730901739e-06,1.4301341018109202e-05,0.003391047341477591,1.5109901822775686e-05,0.43072950272140414,0.3460880325978257,0.4306801780147271,0.34760385787979353
0.43619772016012437,4.387635088030205e-06,2.249052757510184e-05,5.7362585281017333e-05,1.952017743061925e-06,6.876712769293562e-06,2.123765730901739e-06,3.2786374294930126e-07,1.8187035560876635e-06,1.5109901822775686e-05,0.43619772016012437,0.33962265382793555,0.4362331682992055,0.34188159617908015
0.43715704119229315,1.544046137582083e-06,4.227101726706074e-06,2.616736736943094e-08,5.0672778307381745e-05,1.4280797649939123e-05,1.6265905066445955e-07,5.320098563045189e-08,1.70960446376306e-05,1.041601159204334e-06,0.43715704119229315,0.338881123647506,0.4371994528035777,0.3411865750150104
0.45464194064872787,1.9925615600669e-06,3.974623341691274e-06,2.4715341820767146e-06,3.917539612901571e-05,0.00014545081792882277,1.5856722877528227e-07,1.1942126475910664e-07,1.0852088081179057e-06,1.505039938511555e-05,0.45464194064872787,0.3258674448599308,0.45483966801252157,0.32878394125628985
0.4563624343280965,9.445830957806092e-06,3.974623341691274e-06,2.4715341820767146e-06,5.238239731520613e-05,0.00015607729464407933,1.5856722877528227e-07,1.9163579077174832e-05,1.0852088081179057e-06,1.505039938511555e-05,0.4563624343280965,0.3246260317163544,0.45657682050452714,0.32758764631777115
0.4754322276466455,3.870954322363455e-06,2.258511310150404e-05,3.65545614930208e-06,3.3535551567507843e-05,0.00018072899748125412,1.1772665194238125e-05,3.10871342229163e-06,0.00013047298148574483,7.404103274946862e-06,0.4754322276466455,0.3107442956353165,0.4758360494756629,0.3141962946594902
0.46101389485767263,0.0007095439999717945,2.4232010131458177e-05,5.579540218042965e-05,3.687148115654491e-05,4.109108217856647e-05,6.212239865684318e-09,2.328997472095435e-05,2.9454366230344255e-05,1.75843909239062e-06,0.46101389485767263,0.3216290506019195,0.46127924441252544,0.3246111230471171
0.46653027174332307,8.663085784321977e-05,9.838182853958825e-06,9.956305105510294e-05,4.86609513341231e-05,1.67524262550844e-05,1.347235566557383e-06,1.0411454145053456e-05,8.59439160794338e-05,4.6780680933163486e-07,0.46653027174332307,0.31720659975857834,0.4668433985660105,0.3204688307367268
0.4651144604206761,3.585755231352926e-07,1.3799360506788843e-07,7.829114942690206e-08,4.955356473959791e-05,1.786496875579977e-05,2.7713385697344166e-06,5.381017049482783e-07,3.823401260441533e-05,4.73555501898072e-07,0.4651144604206761,0.31807949213371567,0.46541150095402045,0.3213501943904925
0.48652734516187124,1.6906096560189003e-06,6.817871023911932e-06,2.766168602844596e-06,2.1335408241050843e-05,0.00016338993921349867,4.016937592135339e-06,4.696795683909863e-07,0.0004886477879803779,2.3885360617338128e-05,0.48652734516187124,0.3029492712243775,0.48704724521626785,0.30657763745978234
0.4995088937932587,7.793260319627242e-07,1.7656632367844278e-05,3.323156666073011e-05,4.964106171411735e-06,0.0001647407482376914,3.1964588950369856e-06,3.0365961737365705e-05,0.0006506862673034813,2.881531491473549e-05,0.4995088937932587,0.29384487127977144,0.5001741765684493,0.29763024164691027
0.4832249496175559,7.261657703368498e-06,1.0496416792663829e-05,2.8852740932441734e-06,0.00029631825502426137,9.800177716458221e-05,8.552023321703381e-05,1.9574052849568745e-05,0.0006630534254099415,8.95978202277109e-06,0.4832249496175559,0.30563403015753093,0.4837107320081223,0.30915734151465246
0.5032407420653522,8.226153345892684e-07,3.3194489614985356e-06,3.718272981787155e-06,4.9241872104528796e-05,0.00016769097110908598,4.924814845625357e-06,1.3331162796437712e-06,3.810239379900039e-05,2.705681699483693e-06,0.5032407420653522,0.2907808073165413,0.5039472112183092,0.29470053848150213
0.5096976917962007,2.8376680111720456e-06,9.236955111648195e-07,7.979908187258768e-09,2.400819384777136e-06,7.008918969721628e-05,1.7148591434050709e-06,2.0955258680425676e-07,2.5249083829835595e-05,3.4194020877395685e-06,0.5096976917962007,0.28613755729310786,0.5103578454247386,0.28999496654605156
0.5203377068201186,3.3876039199818513e-06,2.4232010131458177e-05,3.562372198888119e-05,2.1367349736606094e-06,1.6716543105404966e-05,2.123765730901739e-06,1.4301341018109202e-05,0.0005888975846060931,1.5109901822775686e-05,0.5203377068201186,0.27910481631124195,0.5208601869118047,0.28259653727153927
0.523025863576896,1.3773350065624475e-05,7.645073893002139e-06,9.115274299546783e-08,0.00014464654897634733,6.953396604810933e-05,0.0001299432214195666,0.0001806119882579453,9.097061351861372e-05,1.2628159176887644e-05,0.523025863576896,0.2772096262019228,0.523525274005251,0.28062560418456617
0.5341756613235888,0.000370627252376426,0.00022750238432435376,0.00010131660294830957,5.666872843754772e-06,0.00015663169537280237,8.330645667470152e-06,0.00018013476875262878,0.0007016707871870418,2.193499361083774e-05,0.5341756613235888,0.27025266753223975,0.5345406699920012,0.2731103853764579
0.545692744033537,5.1356009140195195e-08,3.3194489614985356e-06,3.718272981787155e-06,4.920293822985672e-05,4.5423694754125685e-05,4.324732067884055e-06,1.3331162796437712e-06,3.810239379900039e-05,2.705681699483693e-06,0.545692744033537,0.26138326254587707,0.545904925841167,0.26411524770634276
0.5538507279699968,2.6423669902213472e-05,4.151843097776671e-09,2.8710958367366924e-07,2.499374209163548e-05,3.363102133831804e-05,2.787103865336113e-06,4.015657060941665e-06,2.719000175979883e-05,2.3806816569280048e-07,0.5538507279699968,0.25586359830056365,0.5539640491173974,0.2582920933542875
0.5688369980879343,4.573865945397018e-06,1.7570307182413185e-06,1.489883086872328e-07,7.17975507271906e-05,4.5894267646461326e-06,7.982872520721734e-05,1.072248848916764e-05,5.525213892972486e-05,2.5127995228506243e-05,0.5688369980879343,0.24594526193354288,0.5687732744429238,0.2477593528276657
0.5899314664513714,2.36373407591284e-07,1.0176460285473924e-06,6.057791646905089e-08,0.0005210643138474817,0.00027968435590581544,5.90154294745822e-05,9.623964258298104e-06,0.000192738404530753,5.05453915608529e-05,0.5899314664513714,0.23261633381541752,0.5896280002097195,0.2333450751145428
0.5991828794696205,8.226153345892684e-07,2.3323860984966777e-05,3.718272981787155e-06,1.9488676301073498e-06,0.0001741603010080885,3.671783276570286e-06,1.1279036949592823e-06,3.810239379900039e-05,4.047086704774011e-06,0.5991828794696205,0.2260847727749891,0.5987545939370772,0.22649023856005313
0.5958451662811537,8.21784062575277e-07,1.6937112833978515e-06,1.445798592396626e-07,1.5218417664681255e-07,7.050518592269955e-05,2.0563142070615434e-06,1.0947384025450399e-07,2.0575987464593013e-05,2.7436257600586517e-06,0.5958451662811537,0.2281505937809027,0.595454744989202,0.22875321407547827
0.5803694909657428,0.00010311202791584106,1.7656632367844278e-05,0.00010094635608521911,3.316197959377916e-05,0.0001647407482376914,3.1964588950369856e-06,4.8734636327073666e-05,2.7638015322618634e-05,2.8356103781903916e-05,0.5803694909657428,0.23850676843591226,0.5801736851258255,0.239735498106629
0.5823644606138236,8.21784062575277e-07,7.797095003871828e-06,5.9643005301338434e-05,9.948458101947723e-08,0.0001441966646203662,8.953845132855607e-06,1.0947384025450399e-07,2.0575987464593013e-05,3.75987698675811e-06,0.5823644606138236,0.237024038404495,0.5821388881027639,0.23821608047833176
0.6111173168405349,6.616047447417212e-07,2.25382385046616e-05,6.058908625179267e-06,3.4403636666651405e-06,6.928477947467989e-05,3.716794161474588e-05,0.0001269220218451045,9.566328220774854e-05,2.6026088586437684e-06,0.6111173168405349,0.21848201409516746,0.6105462944112785,0.21830152916268397
0.6119119834650364,8.193695653195451e-06,2.1361201591258742e-07,3.6607208369874114e-08,1.5634474417814876e-06,4.244267168568764e-06,1.538654937321993e-05,2.593573679270002e-07,3.376560887319636e-07,1.839186314174555e-08,0.6119119834650364,0.21777038883606567,0.6113262364931821,0.21760961563407272
0.6252351785513066,8.226153345892684e-07,3.3194489614985356e-06,3.718272981787155e-06,4.924201244950167e-05,0.00016769097110908598,4.924814845625357e-06,1.3331162796437712e-06,3.810239379900039e-05,4.047086704774011e-06,0.6252351785513066,0.20944705469273694,0.6245773379012519,0.20900171304786813
0.6260628460342671,5.908442027397365e-07,2.9197538097325916e-11,6.245654401403155e-08,6.838304939815553e-05,3.73104309640973e-06,3.560215846991136e-07,8.125866256834482e-06,4.196965947318221e-07,2.1125321623755355e-06,0.6260628460342671,0.20880930416532492,0.6254085086557233,0.20845911062560787
0.6538721308414897,3.24394568121365e-06,1.4011614498709117e-06,2.106055353651422e-06,5.574983245749231e-05,1.3273114633691767e-05,3.561053709436101e-05,7.629253056818674e-06,0.00020488926775566612,1.2464251212839933e-05,0.6538721308414897,0.1915767788373312,0.6534419528838822,0.19266523113916834
0.652720640201823,3.6374333744746364e-06,3.898048493224427e-06,1.1748037367437101e-06,0.000107941234008267,1.6761303549042917e-05,8.430766919111424e-06,2.347732114425089e-07,0.0004916744530369793,2.413870774337087e-07,0.652720640201823,0.1924666468649024,0.6522813173920339,0.19346173898754998
0.6677142673599886,3.24394568121365e-06,1.3637793818104242e-08,3.761743955814912e-05,0.0016689330699763217,8.759551930851414e-05,5.973092891724518e-06,1.890490719160826e-05,2.286128573241564e-05,5.3686182292955684e-06,0.6677142673599886,0.18395694857471825,0.6674241817705462,0.18561243325716778
0.6732410673155291,3.5395265388791335e-06,1.500719811736374e-08,5.543881353995433e-07,6.632411996039197e-05,2.8024164699855264e-05,1.8574573287897907e-06,9.604007066687445e-06,1.870393839109333e-05,1.038394145735079e-05,0.6732410673155291,0.17956929456151613,0.6729495226485503,0.18164222536041305
0.6712133850272621,2.5563040868935505e-06,2.282870690971847e-06,4.043140629318472e-08,2.4860372508439658e-05,3.6825984986345475e-06,8.118581350451077e-05,5.230724793172051e-07,3.020426618763922e-06,1.6332491094751535e-06,0.6712133850272621,0.18079458327103592,0.6709085513446423,0.1827777110671652
0.6991304049827115,1.9881230926714262e-05,1.901543594931469e-05,1.208096502960614e-05,0.0001915803433152368,2.190443606609405e-05,2.0452730991340354e-06,2.328997472095435e-05,0.0005909433313615737,0.00010236418846511665,0.6991304049827115,0.16443201665857324,0.6990046278834633,0.16760192651877945
0.6836348679966909,4.493412959616875e-05,1.7656632367844278e-05,1.9272567757747413e-05,2.9283229097596732e-05,0.00016267047392984368,3.1964588950369856e-06,0.0008960556769220653,0.0006506862673034813,2.8356103781903916e-05,0.6836348679966909,0.1742646321608154,0.6834439510552544,0.1765576732764007
0.6908220076294719,4.493412959616875e-05,1.7656632367844278e-05,5.184182990982008e-06,2.9978649495369308e-05,0.00016290346367546724,3.1964588950369856e-06,0.0001300892750571081,0.00030092606120017906,2.8356103781903916e-05,0.6908220076294719,0.16926569306124767,0.6906498151930808,0.17206206250225267
0.7175116443010471,1.264009473777491e-06,1.104333751554265e-05,1.1043871240845011e-05,0.001474634971841115,0.0002792332348179088,7.715654670466176e-05,2.328997472095435e-05,0.0005720657195980297,5.1826848980055014e-05,0.7175116443010471,0.15438214377167217,0.7175109449739693,0.15818615919129908
0.7161048930648115,1.9881230926714262e-05,1.901543594931469e-05,1.208096502960614e-05,0.0001915803433152368,0.0002796919077119239,2.0452730991340354e-06,2.328997472095435e-05,0.0005909433313615737,0.00010236418846511665,0.7161048930648115,0.15448620422915743,0.716065570006051,0.15830917146443607
0.7130069685004682,3.5807712382833106e-06,1.2793486888226759e-06,1.6237065144107374e-07,6.327469338182577e-06,2.7056277894410165e-06,2.1956484253160555e-06,3.1629291169562825e-07,2.6849595503283248e-05,2.4048940951135227e-06,0.7130069685004682,0.15562907661441275,0.7129337726375461,0.15949386212106778
0.7059893704633688,1.1328310772167522e-05,1.3762481008676784e-06,1.399774550197341e-07,3.0415538288251286e-05,2.190443606609405e-05,3.6895123085066597e-07,5.66533621666694e-07,2.863230896603391e-05,4.910952265977547e-05,0.7059893704633688,0.15985167759832986,0.7058880824702768,0.1634081385481018
0.7057557241844191,5.606569979535779e-07,2.9197538097325916e-11,1.0415222372317025e-06,4.205285152861314e-06,1.8004718074779802e-05,1.6651248612682433e-06,5.5719499882722275e-06,0.00028138017335632633,5.052455987488118e-06,0.7057557241844191,0.16009144752757204,0.7056510342056957,0.16362127229382104
0.738521058542635,5.908442027397365e-07,2.9197538097325916e-11,6.245654401403155e-08,6.694772185894453e-05,7.819246393248642e-07,2.1342988610067e-06,5.494673698185086e-08,2.664854453949867e-05,1.038394145735079e-05,0.738521058542635,0.14068889017738517,0.7385218475407259,0.14534358455301963
0.7535761823611052,1.541505741659857e-05,7.661619170247209e-05,3.2627870021642088e-06,5.759314704396613e-05,3.329199072542473e-05,3.1562086923337845e-05,3.583354541473377e-05,2.7519907631824545e-05,2.7959946382190016e-05,0.7535761823611052,0.1320872635307457,0.7535335856490003,0.13601002050083744
0.7459074386480706,3.7459078970920075e-07,6.583389699529033e-09,4.8959962733014494e-05,4.3598721804000066e-05,1.8004718074779802e-05,7.904742939131552e-07,3.767404632643282e-06,5.335922777324014e-07,1.810160586259042e-07,0.7459074386480706,0.1364067023424398,0.7458876652727766,0.14072204169446573
0.778574972351081,0.00012350543007092952,1.1404386612409424e-05,3.291086074008661e-06,7.135185370760904e-05,9.654358121938463e-05,5.0875204250942064e-05,0.00040576237087389854,0.0003543015651537088,5.174458484513327e-05,0.778574972351081,0.11828432824809498,0.7784211314688829,0.12072935673463386
0.7627097299854123,6.65731766649154e-07,2.9197538097325916e-11,1.1322948039934932e-06,2.367915019572469e-05,3.311454456474579e-06,1.6651248612682433e-06,3.767404632643282e-06,2.6403080254743028e-05,3.273407176452247e-06,0.7627097299854123,0.1267034535503819,0.7626167918068624,0.1301786710366688
0.7770499560433989,5.941184106320627e-07,2.3124513444142165e-06,9.304082623192101e-09,2.3041727827108846e-05,2.1491723855486387e-06,2.0767646237136127e-05,4.9903516359480295e-06,5.286776749654861e-05,1.775348180446944e-05,0.7770499560433989,0.1185652492703868,0.7768760305155927,0.12124178883511663
0.7968740176702189,1.2776031600577941e-05,2.259260496738856e-05,4.3468744693992366e-06,0.0006655551736199122,6.383442751749245e-05,7.715654670466176e-05,2.328997472095435e-05,8.412499838787003e-05,5.151679578123819e-05,0.7968740176702189,0.10787864573391596,0.7965777364663291,0.10928823939064118
0.799646909596306,4.573865945397018e-06,2.227350457960342e-06,1.489883086872328e-07,7.130220824121521e-05,4.5894267646461326e-06,4.101835871177684e-05,1.820181177334616e-05,0.00020633645137725003,2.552989031351566e-05,0.799646909596306,0.10597696936371138,0.7993018063525454,0.1072448470155464
0.7822516189237574,3.71516043377452e-07,2.463525117345065e-07,3.7492993191681946e-05,1.4267524828363051e-05,1.8004718074779802e-05,9.953634587245615e-07,3.5900769809255e-06,1.674530449801448e-05,2.0563410224661017e-07,0.7822516189237574,0.11560137510874609,0.7820418705694101,0.11797128078460027
0.8093314975474831,3.870954322363455e-06,2.3124234768647577e-05,3.718272981787155e-06,5.058078939158174e-06,0.00017349585303864953,0.00012733577598650703,2.8810890570067956e-06,0.00015092432364435362,7.404103274946862e-06,0.8093314975474831,0.10064538421001465,0.8088986750392326,0.10123034674945589
0.8090466030726288,4.573865945397018e-06,2.227350457960342e-06,1.489883086872328e-07,7.130220824121521e-05,4.5894267646461326e-06,4.101835871177684e-05,1.820181177334616e-05,9.654184386112031e-05,2.552989031351566e-05,0.8090466030726288,0.100675172284048,0.8086098162261118,0.1013189229268378
0.8381377048429705,9.26880440163026e-07,1.6481299087963147e-05,5.7585382901466154e-05,7.426524287541156e-05,0.003581181776774909,0.0001221470947835195,8.38326195034722e-05,9.097061351861372e-05,1.9212421579814727e-05,0.8381377048429705,0.08669753363573882,0.837481897806897,0.08446085178464378
0.8217726342857034,8.729262683678673e-05,1.7656632367844278e-05,3.757136548165697e-05,5.616943134681006e-06,2.692097037676596e-06,2.602386012597918e-07,2.5652204714424625e-07,2.2855590464124847e-05,2.3815620484625958e-06,0.8217726342857034,0.09357979015892529,0.8211938218848612,0.09330191251358297
0.8518140889659397,6.616047447417212e-07,1.1727857545311806e-05,2.7985698134239194e-05,2.4025371881970386e-05,3.381240280404854e-06,2.3568599525341524e-05,1.60533513622169e-06,0.00021029898765192987,1.0331448370951185e-05,0.8518140889659397,0.0772311380050332,0.8508166564694857,0.07448348726861584
0.8493356359482022,3.717346345044715e-07,3.490307295990656e-07,4.8959962733014494e-05,4.1792145174630735e-05,1.561509143514065e-05,1.6737468741804391e-06,1.4598637315798805e-07,1.674530449801448e-05,1.810160586259042e-07,0.8493356359482022,0.0784737785961091,0.8483750239593663,0.07595512209081315
0.8479467042833992,0.0002468627105467662,1.6368400955269982e-05,2.882881125692696e-05,0.0002072210892051187,0.0011636950930908785,6.3706394106925215e-06,0.0017873118600500084,0.001851518549407819,1.0965208339333565e-05,0.8479467042833992,0.08203313384751532,0.8471637122472713,0.0790132895894916
0.8413444877306514,5.08565748021872e-07,2.2231067700181406e-06,1.5670861513744068e-08,1.4678932694276015e-06,3.849475598414072e-06,5.373732851233564e-08,9.859122449658547e-08,2.8813422393353818e-05,2.5970606295158218e-06,0.8413444877306514,0.08277312964581704,0.8405007048956015,0.08095703609105413
0.8633338912586526,1.7136635445200748e-05,0.0005287478038252913,4.223566794208875e-05,7.265399903433319e-05,8.808499776466724e-05,0.00013152920051014676,0.00027774965769390095,0.00015092432364435362,2.867350207481443e-05,0.8633338912586526,0.07155883524118313,0.8623141468958223,0.0683075125004286
0.871388690906066,5.687776578290538e-07,4.022449395085268e-08,1.489883086872328e-07,4.625497379844835e-06,3.3122531351327406e-06,1.518367210338348e-05,1.555017820549379e-05,9.654184386112031e-05,3.3489694098008293e-06,0.871388690906066,0.06659227117189448,0.8704953725710728,0.06420654290751632
0.8999336464280007,0.00012331438076324485,1.7656632367844278e-05,3.697483793053722e-05,2.1409614048659447e-06,1.2301068100009887e-06,7.512428303206083e-07,1.2861458058037766e-07,2.2855590464124847e-05,3.7568327130945883e-06,0.8999336464280007,0.051461445117812234,0.899587252756262,0.051543764460584694
0.8938476797583004,4.573865945397018e-06,2.227350457960342e-06,1.4643951810472115e-07,1.4071452138301398e-06,3.8486787861262655e-06,5.083896779707139e-05,8.69860281044294e-06,2.8813422393353818e-05,2.4141247756552813e-06,0.8938476797583004,0.05461911468984788,0.8933925528070285,0.05424382664912547
0.9198819097509237,3.1593455851333133e-06,4.7473612795620523e-07,2.9790586284855452e-08,5.9821611995667355e-05,0.0008078940399828503,6.425585286300483e-06,1.1539543842282996e-05,2.633781754624153e-05,3.1923194752134997e-06,0.9198819097509237,0.04137358349461603,0.9198539072108401,0.042711106519772085
0.9093966646266884,4.573865945397018e-06,9.764539197625863e-06,4.9587453067591715e-08,1.4071452138301398e-06,3.849475598414072e-06,2.5886519569223856e-05,2.751795410496108e-07,2.8813422393353818e-05,2.4141247756552813e-06,0.9093966646266884,0.04641738861839312,0.9091912745349068,0.04720687345289318
0.9372738183077577,1.6274556697805886e-05,0.0005287759495739986,0.00010109784972893588,0.0003228215418717975,0.00016285710193200386,0.00013152920051014676,0.00027774965769390095,0.00015092432364435362,1.5700117519781523e-05,0.9372738183077577,0.03275240150124349,0.9374702050400262,0.0350131026134389
0.9396213473735906,0.00011135791668065854,1.7656632367844278e-05,0.00010094635608521911,3.316197959377916e-05,0.00016326976808248212,6.301983133587288e-06,4.8734636327073666e-05,2.7638015322618634e-05,2.8356103781903916e-05,0.9396213473735906,0.030936308569045428,0.9397917760960955,0.0332934222102872
0.932166729176423,6.264127305827863e-07,1.6276114644140147e-05,5.800995143204223e-07,4.080722874595344e-06,1.3381555805539652e-06,7.48186793949188e-07,2.6847231530690196e-07,2.096121593017298e-05,1.5337587227077576e-07,0.932166729176423,0.034535474433021206,0.9322436778589757,0.036640225713156366
0.9510876538502959,3.3876039199818513e-06,7.4752756731518395e-06,5.521310553131769e-05,2.8060189208545e-05,0.0002244282381993614,2.123765730901739e-06,4.5490945947564745e-05,0.0005896561472136872,1.4843305743871794e-05,0.9510876538502959,0.025260242914569877,0.9513431631089186,0.02800019884990259
0.942963284242232,4.5832627388331553e-07,1.4971651457669847e-06,8.661936284734973e-08,2.358122338676546e-06,4.1152755002815856e-05,1.6717308175446832e-06,1.4470038331329305e-06,4.284630290754229e-06,2.4569206982704187e-06,0.942963284242232,0.028965542600173227,0.9431388523839164,0.03151106574944686
0.999971979069262,8.34120711425784e-06,2.6476361200840642e-06,5.916085812466732e-07,4.379474167758994e-08,1.535227898388631e-07,7.48186793949188e-07,2.216258968197688e-08,2.1679412815668385e-05,1.800453121841859e-07,0.999971979069262,3.121474096153962e-05,0.9950876924028443,0.012618909031535652
0.9760960638558815,0.00012331438076324485,1.7656632367844278e-05,3.697483793053722e-05,4.101946562756314e-06,1.2301068100009887e-06,7.48186793949188e-07,1.2861458058037766e-07,2.2855590464124847e-05,3.175435665118708e-06,0.9760960638558815,0.01213062146522131,0.9764010542173889,0.015296532856113711
0.9865799207906271,1.1972548626408472e-06,1.792468227007921e-05,1.6866277333784952e-06,5.616943134681006e-06,2.692097037676596e-06,3.3560658197758345e-07,2.6644931827049183e-08,2.2855590464124847e-05,2.3913722272487654e-06,0.9865799207906271,0.00676025226921299,0.985243183223667,0.012973620734972808
0.9985392099310565,5.807596730745448e-07,2.6476361200840642e-06,5.916085812466732e-07,7.19730699149818e-08,2.692097037676596e-06,7.48186793949188e-07,2.216258968197688e-08,2.0555743864008986e-05,1.800453121841859e-07,0.9985392099310565,0.0007447174352325387,0.994036915094669,0.012659393958821713
