x0,x1,x2,x3,x4,x5,x6,x7,x8,x9,f1,f2,predf1,predf2
6.91820176615145e-08,0.0025077403744315297,0.0002683745794491844,0.0011235396442669404,0.00010163588781346042,0.0018803872070858984,0.004556518524420228,0.00310020109963393,0.0037566110059851303,3.957378408318711e-05,6.91820176615145e-08,1.0170692874426415,0.0009981736698565123,0.9368995012825845
6.91820176615145e-08,0.0025077403744315297,0.0002683745794491844,0.0011235396442669404,0.00010163588781346042,0.01454959607982458,0.003297838612974473,0.00310020109963393,0.0011599230920943736,3.833793598716523e-05,6.91820176615145e-08,1.0258807460693602,0.0009368256846794431,0.9459093352456589
0.014562120420326435,3.395604932482833e-06,1.1875477618015737e-06,1.2403988084530562e-05,6.791929505704025e-06,6.185434642479093e-05,1.5877710427441522e-06,8.91082609101124e-05,6.233402097281274e-05,2.826419539192122e-05,0.014562120420326435,0.8795772120587331,0.01539491075477025,0.8897051278763072
0.014562120420326435,1.1665127740169842e-06,1.1875477618015737e-06,1.2403988084530562e-05,6.791929505704025e-06,6.185434642479093e-05,1.5877710427441522e-06,5.563058800940406e-05,6.233402097281274e-05,2.6666587928957528e-05,0.014562120420326435,0.879542158233522,0.015395018896412501,0.8896654419070783
0.011626838347483397,1.7965067274124883e-06,3.2666575919242383e-06,6.105187710516937e-07,5.848903669151381e-05,1.9057096069917023e-06,6.723129747134627e-05,0.0001405871410496742,0.00012722523792292218,5.457229196699538e-06,0.011626838347483397,0.8925568337608575,0.012501173648681488,0.8955296770936072
0.011676247083589015,7.0509908826756905e-06,5.627035409494399e-07,9.877307432033077e-06,1.9511496604503325e-05,6.757123637430905e-05,4.552865386746587e-06,2.4328291777316722e-05,3.083341597597136e-06,2.9071114487985453e-07,0.011676247083589015,0.8920727519711417,0.012550171055127448,0.8951369599932174
0.007715259638427964,2.293405596344583e-05,1.7745024964290648e-05,3.813055171183263e-05,0.0001678418348166588,8.040501920853004e-05,5.877405731812843e-05,2.2488414704275242e-05,2.7312458657520887e-05,4.81784953326875e-06,0.007715259638427964,0.9125845569267539,0.00864593438369428,0.9031491780572988
0.008895346863729656,3.823008897279176e-06,3.464939758795652e-05,8.89555585969558e-05,0.00010745733665807999,5.051237379056766e-05,9.956420829087494e-06,3.324384140317592e-05,0.00012170405159257677,4.859049141837534e-07,0.008895346863729656,0.9061143857029039,0.009809023900065482,0.9008697394555703
0.009813585563427268,8.98196704470977e-06,2.1387700769805144e-06,6.186688952238812e-06,0.00025799042306671305,0.0003871353408856199,0.00040496896411910873,9.014723493234806e-05,1.9441496232531448e-05,1.4433723757405233e-05,0.009813585563427268,0.9020688857454432,0.010710480074582307,0.8998852995028486
0.0044805644361810785,1.476402108677201e-07,1.0303696967140116e-06,2.9263857197157766e-07,4.932555697409135e-06,2.1215606577065657e-06,8.642047566246477e-07,4.3484681574910635e-06,3.17267147027709e-06,2.6012490478300983e-07,0.0044805644361810785,0.9330795771453262,0.005460989009206479,0.9089938792491343
0.005285520525914996,3.867692576798661e-06,2.9972850066354487e-07,3.6706548845631924e-05,3.806935417114077e-06,5.6168173929992785e-05,0.00020082827175518553,2.8425955072099316e-06,1.572560399549903e-06,2.0496045000433736e-07,0.005285520525914996,0.9275935787211692,0.006252767577697943,0.9077429682388456
0.0030162135305577434,2.993961495287387e-07,1.1632335127142243e-06,8.669785527503829e-07,4.377773187266658e-05,2.1215606577065657e-06,8.642047566246477e-07,6.383592570982923e-06,3.228370722678749e-05,2.789034213551003e-07,0.0030162135305577434,0.9451655568820142,0.004018677368770356,0.9119336323363589
0.0031821472468040383,1.4612555834768472e-07,1.1276634365442082e-05,7.442847967523998e-06,4.53380827898323e-05,2.9248896436811152e-06,6.2337622056046125e-06,1.9729889798122118e-06,1.76087740111642e-05,6.220958011571319e-06,0.0031821472468040383,0.9436858439005492,0.0041820415802835504,0.911620540362992
0.00252021844039143,3.196260620643114e-07,5.091480562160988e-07,1.9092299903387567e-07,7.305167117952557e-06,1.2328355729162539e-07,3.7615212564482345e-06,4.409008970194092e-06,4.655515359098278e-08,1.0626626723261948e-06,0.00252021844039143,0.9498155056486034,0.0035303984310129048,0.912827503312708
0.0010448808798595988,4.8254629369243705e-06,2.8482038272661967e-06,4.244015133582938e-05,2.7669974137540736e-05,1.0566218063028138e-05,4.087707180106112e-07,2.403061297191944e-05,3.2783907303482095e-05,3.0732891316176915e-06,0.0010448808798595988,0.9678216269653537,0.002077344666065682,0.9158615078686656
0.001137340123044736,3.867692576798661e-06,2.9972850066354487e-07,5.699975596557611e-05,3.806935417114077e-06,5.6168173929992785e-05,3.957020475459194e-05,2.8425955072099316e-06,5.3697957931237576e-06,1.4922361843023654e-06,0.001137340123044736,0.966443069976119,0.002168121528513781,0.9157037027750248
0.00034092818842580957,1.3238396583888265e-06,8.486148777879935e-07,4.633290560376825e-06,3.10584485420017e-05,1.2963482857240302e-07,2.2003280353911993e-06,2.4694577431183727e-05,2.4546124368098216e-05,1.602537694400121e-06,0.00034092818842580957,0.981625956144068,0.0013844684203768425,0.9171802087140946
0.0006034534508352146,7.186070843038309e-06,1.0981759237566788e-06,4.892157928755174e-08,1.517522024206491e-05,2.793350025388328e-05,3.924083247807117e-06,4.398211499348132e-06,3.920026376381883e-06,2.6786016095608665e-06,0.0006034534508352146,0.9755002581610028,0.0016429007091428181,0.9166371000389301
1.0406029640707402e-07,0.0008973590655369406,9.90582635381776e-07,0.003690698858923745,0.0011439726206788788,0.003712822637965868,0.00014164961655536808,3.339412108791637e-06,2.4885987139069325e-05,9.639013950868475e-05,1.0406029640707402e-07,1.0093879624397513,0.001007431987481244,0.9282476541185195
4.1240493981641994e-05,2.0146716050484526e-06,5.590192579482823e-07,4.564832932201524e-08,2.563687702069089e-05,6.039053630379593e-05,0.00024676741952798755,7.443533785212517e-07,4.412250548911055e-06,2.3142570051254993e-07,4.1240493981641994e-05,0.99391783179595,0.0010884142111385836,0.9180482155565342
0.02707913096400664,1.4111068284028234e-06,7.038933208897707e-05,3.813055171183263e-05,0.0001909373158127683,8.040501920853004e-05,5.877405731812843e-05,2.2488414704275242e-05,2.7312458657520887e-05,4.750716394872208e-06,0.02707913096400664,0.8358965301068857,0.027742258835815905,0.8660385917254544
0.02906799082325388,4.422264950712667e-06,4.63848339691706e-07,4.3184229357284043e-07,2.1582143774927088e-05,0.0021119812437279035,1.7067315691210746e-06,1.2723336136201306e-05,9.729676646943435e-07,2.341326338454687e-07,0.02906799082325388,0.8314775770469234,0.029696060064087017,0.8639733819546478
0.027545001640940498,4.347866623401082e-06,4.63848339691706e-07,6.457625476509184e-06,2.1582143774927088e-05,2.7642659291156686e-05,8.985108479367417e-06,1.2723336136201306e-05,9.729676646943435e-07,2.341326338454687e-07,0.027545001640940498,0.8341096191040479,0.028203248437108988,0.8647168108285115
0.021747271316710125,1.4770594107540719e-06,9.729065478080453e-05,4.221983044517013e-05,0.0005740449685751044,6.0729929083489987e-05,0.00031656915481205185,0.00013745692138587468,0.00012850883715118022,1.356527686725472e-05,0.021747271316710125,0.8538011826666437,0.022478212620915483,0.8771262410982484
0.023981836144795512,7.132397632815994e-06,8.520934001864746e-07,2.4518212223514402e-08,3.457816058328451e-05,6.657905928206079e-05,9.728045012638594e-05,7.087522096289563e-06,2.882994569281002e-06,7.228765188594786e-07,0.023981836144795512,0.8453396285917909,0.024686002570106138,0.871623063930272
0.01925348348646492,2.1318397806354405e-07,7.929016096567573e-07,4.564832932201524e-08,4.285682725870743e-06,8.497504107947306e-06,3.222023743837419e-08,4.295830898171037e-06,5.414365777840536e-06,1.135049074859809e-07,0.01925348348646492,0.8612651249170362,0.020021786834919654,0.8804367759899357
0.015475480025491862,3.823008897279176e-06,1.1632072997954442e-05,7.285335046960312e-06,4.5035584700777404e-05,6.289706481921032e-06,9.956420829087494e-06,3.323876513705651e-05,9.930628241737112e-05,5.143164821888816e-07,0.015475480025491862,0.8758030972878356,0.01629570309208418,0.8878990490851489
0.018587946695482447,5.471095742891816e-07,8.66613739025757e-07,4.564832932201524e-08,5.427260472278047e-07,8.512128692236759e-06,9.394535658349298e-07,2.4867233952060964e-06,4.865824896254249e-06,2.597073907510908e-07,0.018587946695482447,0.8636801459894986,0.01936536272589114,0.881706516075434
0.015629643289992452,4.481863820693342e-06,5.3788322595670026e-08,1.0788999807698068e-07,7.0871704576210915e-06,1.8199373294522063e-05,7.364651948710988e-07,1.2734144268248435e-05,1.0608076221727712e-05,1.544857141560946e-07,0.015629643289992452,0.8750322058162759,0.0164479026915855,0.8874238235955375
0.04528303792101975,1.09735629532112e-06,9.648072047781894e-07,9.782453394476815e-08,1.3320162102093879e-06,2.8881953013718668e-05,2.0059704708005433e-06,4.001885313138738e-06,1.5712113123994119e-06,1.8452522926567925e-07,0.04528303792101975,0.7872377515873965,0.04572790639558289,0.8315056862157851
0.044855237996014256,2.179333156321548e-07,6.952019644412012e-07,1.5223552657381536e-08,6.1199811549030065e-06,0.0004047843750560961,3.784998357964102e-06,2.767195451562695e-06,1.4328029247874212e-06,1.3688703053519645e-07,0.044855237996014256,0.7885849358708105,0.04530300439742129,0.8326837333707081
0.03962388950137528,3.823008897279176e-06,3.547013898800134e-05,3.329821925926555e-06,4.4291027098629655e-05,5.051237379056766e-05,9.956420829087494e-06,5.531320108391493e-06,0.00012038528564556873,5.143164821888816e-07,0.03962388950137528,0.8011890602399914,0.04013348486958083,0.842249097246011
0.04308443415641867,6.953226786998692e-06,1.4495679548549776e-06,1.1031009693301939e-05,1.865702756764802e-06,6.546101121737316e-05,4.492544747266586e-05,5.3983346583048054e-06,8.733808336706601e-05,4.2184275035762616e-06,0.04308443415641867,0.7926370104011187,0.0435538969657245,0.8357748062468994
0.04122583138373079,2.993961495287387e-07,1.1632335127142243e-06,8.669785527503829e-07,0.00015421530160251854,2.1215606577065657e-06,5.589905317414668e-05,1.1174288881019827e-05,6.408007886773962e-06,3.4988151588659828e-06,0.04122583138373079,0.7971702726492776,0.0417165832828804,0.8392282035056884
0.03611700949725166,4.422264950712667e-06,4.63848339691706e-07,4.3184229357284043e-07,2.1582143774927088e-05,2.7642659291156686e-05,1.7067315691210746e-06,1.2723336136201306e-05,9.729676646943435e-07,2.341326338454687e-07,0.03611700949725166,0.8100187548166875,0.03666853270083914,0.8485728595455461
0.03611700949725166,0.0005181329947619461,6.903772331417489e-07,2.6287912509264485e-07,6.1375308733947815e-06,1.4374440179247713e-05,1.722378781198109e-06,2.9401408931532956e-06,6.01011532839204e-07,1.89763745903426e-07,0.03611700949725166,0.8104485099176739,0.036667015362119554,0.8491019714987478
0.03611700949725166,4.778911917301596e-06,3.7158194653060955e-06,1.131672143753934e-05,2.1582143774927088e-05,0.00018777718642741653,1.7067315691210746e-06,1.2723336136201306e-05,6.01011532839204e-07,1.89763745903426e-07,0.03611700949725166,0.8101764138077292,0.036667678282559076,0.8487524467550336
0.05782797162408742,1.0642358588607827e-05,3.63950172224455e-06,0.001240206144007582,4.341525499890278e-06,8.916570320392165e-06,0.00011633806764186666,4.411277203224341e-05,7.247079047265545e-05,6.545442083271783e-07,0.05782797162408742,0.7608464032597861,0.05813590635408528,0.8101095147977873
0.05782797162408742,1.0642358588607827e-05,3.63950172224455e-06,4.375989835927098e-05,4.341525499890278e-06,8.157387266411644e-06,0.00011633806764186666,4.411277203224341e-05,7.247079047265545e-05,6.545442083271783e-07,0.05782797162408742,0.7597930815804295,0.05813848855870541,0.8088308480839291
0.057228381181483566,1.5110001412590542e-06,3.4713608780377393e-07,0.002508301899573883,1.3054259192526793e-05,5.141796350648046e-06,4.834180909700921e-05,8.50375629405558e-07,6.037667030648364e-06,1.0215635109578019e-07,0.057228381181483566,0.7630503053134777,0.057539897155521776,0.8123532720801454
0.05247216480649146,1.048114220833282e-06,9.97126163942444e-05,4.127082157443419e-05,3.754186622426803e-05,0.001462285407004691,6.620889922405916e-05,5.3802680079979905e-05,2.715003217517543e-05,1.356527686725472e-05,0.05247216480649146,0.7725281859628509,0.052830913152233094,0.8201024891185318
0.051024835985598996,9.579461764724498e-06,6.38997712388286e-07,8.425305632299658e-09,1.38606647351261e-05,0.0001345060323912725,1.7388308142152838e-07,2.0361659276609795e-06,3.374154442534417e-07,8.528385133615389e-10,0.051024835985598996,0.7742561658039937,0.05140608585062841,0.8210697445499375
0.07608904080144223,6.810694354875133e-06,1.2034661351935572e-07,3.388808303763652e-05,4.341525499890278e-06,9.333092533071546e-08,0.00011633806764186666,4.896185383349451e-06,4.321399222598859e-05,6.344189446518199e-07,0.07608904080144223,0.7243389080497521,0.07622867816566173,0.7760416405010364
0.07450078655066728,1.866059924215615e-06,9.55450535474708e-06,2.8566491619599554e-06,1.8727009321086418e-06,3.309703998965889e-05,1.0656183737900349e-06,1.2536312762088978e-05,0.00012108389506378031,2.468978341153174e-07,0.07450078655066728,0.7272107229447736,0.07465437359370707,0.7788201552098396
0.07586348988084804,1.091418771019035e-07,8.66613739025757e-07,1.1205675844678161e-07,5.427260472278047e-07,8.512128692236759e-06,1.2022311260712638e-06,2.7165036003196072e-06,6.761928886400293e-08,2.5269333831096082e-08,0.07586348988084804,0.7245789283756949,0.07600532673908646,0.7762298346945032
0.06687800772086618,7.132397632815994e-06,8.520934001864746e-07,4.564832932201524e-08,0.0005658143185124393,6.757756447378829e-05,2.378614040537341e-06,7.087522096289563e-06,5.414365777840536e-06,2.451218360076194e-07,0.06687800772086618,0.7419638412947002,0.06709922832205326,0.7928759379844119
0.07020316810624767,3.196260620643114e-07,8.39322919088247e-07,1.9092299903387567e-07,7.411694886451925e-06,5.5061968145677376e-05,7.2719588421317284e-06,4.409008970194092e-06,4.655515359098278e-08,2.2433858990916686e-06,0.07020316810624767,0.7351086839372581,0.07039492734359822,0.7863366043428962
0.062039757687711736,8.371393513125067e-06,1.637536303473257e-05,2.4518212223514402e-08,3.894479727483682e-06,0.004707413026793839,9.796818671020611e-05,0.0001559859067839693,1.1358176683361227e-06,3.066895753676315e-07,0.062039757687711736,0.7552928017553531,0.06228498466071723,0.8059386385397893
0.09062472581009803,5.281326796039287e-07,8.520934001864746e-07,4.564832932201524e-08,0.0005658143185124393,6.757756447378829e-05,2.378614040537341e-06,7.087522096289563e-06,5.414365777840536e-06,2.451218360076194e-07,0.09062472581009803,0.6995127209213403,0.0906466739332116,0.7510837615616569
0.0870873321663426,1.3309788053038086e-06,8.525424958530223e-07,6.278822054184528e-06,0.00035085533845201263,1.611585852394354e-05,1.3735591759039907e-05,1.9097996266650513e-06,1.9991983716378755e-06,1.989428916601067e-07,0.0870873321663426,0.7052296248096458,0.08713668645606441,0.7569538110942631
0.08712879681103422,5.471095742891816e-07,8.603965436128031e-07,3.0177070441024314e-07,3.2574808870946484e-05,8.512128692236759e-06,1.3668010124209155e-06,2.7342433156835998e-06,4.6076593425620184e-05,2.5676070858929104e-07,0.08712879681103422,0.7049035968481141,0.08717842805115546,0.7565756569072319
0.07908915336181702,0.0003349527621935022,1.1307020387324618e-06,9.000599302893185e-05,3.4978027903851878e-06,0.0009913371264429762,3.0330641361211e-05,6.454152273050796e-05,0.00030308829751117924,3.037662433690172e-06,0.07908915336181702,0.7203379128924611,0.07919785703784707,0.7724063819069653
0.07908915336181702,0.0002008277643274284,1.2453928702912554e-06,9.161138129953681e-05,0.00015559007684769712,0.000986713059334436,2.5466609662062215e-05,8.647844660854741e-07,4.660412928186391e-05,3.037662433690172e-06,0.07908915336181702,0.7200714998990757,0.07919790063510028,0.7720696024770018
0.10738180479706226,1.1475548409060507e-06,8.671361104711295e-07,4.633290560376825e-06,3.10584485420017e-05,1.2963482857240302e-07,8.484173464384368e-08,3.271355749488976e-05,2.4546124368098216e-05,3.1898638069346574e-07,0.10738180479706226,0.6723882220942282,0.10729038545606208,0.7219269766748092
0.10612290158143763,6.875605692643852e-06,3.2099551907870326e-07,6.261823533009993e-06,3.806935417114077e-06,5.6482397965574854e-05,3.4788991336453966e-05,2.8868694727123814e-06,0.00047971599343801406,1.0267014198124802e-06,0.10612290158143763,0.6747306251818648,0.10603941882357108,0.724573118216665
0.10396224389997621,0.00064323548758774,8.085557288018647e-05,0.0008751887511027311,1.7941039182765586e-05,0.00036902908363812046,0.000444549027417188,4.6573394224828843e-05,0.00011189706588004381,4.320555836618859e-06,0.10396224389997621,0.6797439665710943,0.10388815633615431,0.7302983817942215
0.0953648440008341,1.104183998770774e-06,8.671361104711295e-07,4.633290560376825e-06,3.10584485420017e-05,1.0629198942571382e-05,0.0006159886340348651,3.271355749488976e-05,2.4546124368098216e-05,3.126615482511582e-07,0.0953648440008341,0.691798426765482,0.0953522530064935,0.7430178011278407
0.09589281781873284,1.3309788053038086e-06,1.1782259472983286e-06,3.4742425630185975e-06,3.0188984935745525e-05,1.3560037002200206e-05,8.91049829874726e-06,2.129444047079387e-06,8.387088885734803e-06,1.4722574370646054e-07,0.09589281781873284,0.6903929210653187,0.09587755098779517,0.7414238809565735
0.11968090827045463,7.516101561030467e-06,3.165869863471949e-06,0.0005885456094742588,0.0001559239963545019,5.953913414207806e-07,2.0290302488048553e-05,1.1037427402941495e-06,4.756194569924696e-05,2.0344766222667963e-05,0.11968090827045463,0.654749621073205,0.11951825354765001,0.7021811306064386
0.12248992748970537,0.0003349527621935022,1.0986716634738395e-06,9.000599302893185e-05,3.4978027903851878e-06,0.0009913371264429762,3.0330641361211e-05,6.454152273050796e-05,0.00030308829751117924,3.037662433690172e-06,0.12248992748970537,0.651517607431099,0.12230793925085234,0.6985048119694637
0.1204727860530186,3.196260620643114e-07,2.13964150743096e-07,1.3378680373122364e-07,7.411694886451925e-06,5.5061968145677376e-05,6.946872685617011e-06,4.409008970194092e-06,8.280512037370226e-08,3.7110614745622414e-08,0.1204727860530186,0.6529697690589745,0.12030595629637125,0.7000767410415519
0.11181535769743964,1.8801878370957067e-06,1.1612593276060266e-06,5.7645890758652434e-06,8.877525994962155e-06,0.0005023058777551424,7.271215369071014e-06,1.2689263769935357e-05,1.1091797136452159e-05,1.0298427131061014e-07,0.11181535769743964,0.6660709746765534,0.11169478779137414,0.7149268623112479
0.11015397190145747,9.28169055150048e-06,2.986737958655862e-08,8.311858456147265e-08,2.4598062111230387e-06,0.0021988718540822123,1.684462613252417e-05,1.2678659454511556e-05,6.215160475143579e-06,1.9082991753929453e-07,0.11015397190145747,0.6699795191988773,0.11003533031382434,0.7193649440928824
0.11015397190145747,9.28169055150048e-06,2.986737958655862e-08,8.311858456147265e-08,2.4598062111230387e-06,0.0021988718540822123,1.684462613252417e-05,1.6729987702258284e-05,6.215160475143579e-06,1.9082991753929453e-07,0.11015397190145747,0.6699828989749339,0.1100353272212984,0.7193690615136342
0.1370993770456579,2.277863790163307e-06,3.8039025987393706e-07,7.06271896352516e-07,7.411694886451925e-06,2.760413947792155e-05,3.051605289736065e-08,2.4893262310976634e-05,8.57274106873602e-07,2.677673293007486e-07,0.1370993770456579,0.629783170882969,0.13685421440977247,0.6729940066866379
0.13108149780596115,1.3010735776293276e-06,1.1782259472983286e-06,3.4742425630185975e-06,3.0188984935745525e-05,1.9528449149012533e-08,3.6435858380361643e-06,4.051807054605222e-07,1.6511232745219676e-06,8.43176492707469e-08,0.13108149780596115,0.6379825641376669,0.13086271843922634,0.6826880513370941
0.1363730333168578,5.471095742891816e-07,8.66613739025757e-07,3.0177070441024314e-07,5.427260472278047e-07,8.512128692236759e-06,1.2022311260712638e-06,2.7165036003196072e-06,4.72030353914656e-06,2.607163662130213e-07,0.1363730333168578,0.6307288419089663,0.1361310131365116,0.6741177214586928
0.12438915521588043,1.7122156716659935e-06,9.729065478080453e-05,1.885893796971992e-05,0.0005307407806361574,0.0003732128614788222,0.0003118980946110873,0.00013969974062803245,0.00012850883715118022,1.2215268011140697e-06,0.12438915521588043,0.6486320840709582,0.12420012417969137,0.6951728061690517
0.12823700794555923,8.863101522408413e-06,8.603965436128031e-07,3.0177070441024314e-07,3.461054597869196e-05,8.795814553926374e-06,1.3668010124209155e-06,2.7342433156835998e-06,4.6076593425620184e-05,2.5676070858929104e-07,0.12823700794555923,0.641983317309618,0.12803146672865046,0.6873771112297494
0.1504641277600489,6.888131060612375e-06,1.9823322291573143e-07,6.247016228055577e-06,7.539731591921515e-07,1.6702001243041315e-05,9.569738540761033e-06,4.848580333112805e-06,8.741011680484991e-05,2.968148523476177e-06,0.1504641277600489,0.6122122319371761,0.1501690878699544,0.6518320448300325
0.1465878107156982,1.3012222780492394e-06,3.6664552055502533e-06,1.1896983707809892e-08,4.207834569528652e-06,5.2289016207819416e-05,3.56064916461713e-06,4.001885313138738e-06,1.5712113123994119e-06,1.8636693151783127e-07,0.1465878107156982,0.6171893676004884,0.1463058717804763,0.6578736008793451
0.15190387365994223,1.5902317933037584e-05,8.603965436128031e-07,3.0177070441024314e-07,3.461054597869196e-05,0.00011664758211038733,1.2980795461929658e-06,2.7342433156835998e-06,4.6076593425620184e-05,2.5676070858929104e-07,0.15190387365994223,0.6104275990407071,0.15160360034620127,0.6496482245526819
0.14270025104011003,6.784391390114486e-06,1.9823322291573143e-07,5.5861454335921355e-05,7.539731591921515e-07,1.6702001243041315e-05,1.041043191083528e-05,4.848580333112805e-06,8.741011680484991e-05,3.0501881524103284e-06,0.14270025104011003,0.6223940183289921,0.14243290085552734,0.6641641793837483
0.14111442228979085,2.0717548990860428e-07,2.986737958655862e-08,2.9899007148510407e-08,2.4598062111230387e-06,4.0041225703205954e-05,1.684462613252417e-05,1.6729987702258284e-05,6.215160475143579e-06,1.847211969058179e-07,0.14111442228979085,0.6244152053496465,0.14085298072692828,0.6665830506958764
0.16456143090248251,0.00033712244946408154,1.851201006142832e-05,9.029507615819657e-05,5.848903669151381e-05,0.0014757089355416845,0.0009313543311260486,0.000406783799775574,0.00015361294334795175,6.9147459723856655e-06,0.16456143090248251,0.5971120794964384,0.16421870262627752,0.6331974809286
0.16390364732187845,0.00033712244946408154,1.851201006142832e-05,9.029507615819657e-05,5.848903669151381e-05,0.001921002819761234,0.00029588820579218734,0.00040910636119725717,0.00015361294334795175,4.036502511145127e-06,0.16390364732187845,0.5977728705794539,0.16356098470191968,0.6339884383499174
0.1583007813428299,1.3012222780492394e-06,2.3463025101940666e-06,9.711647065083883e-08,1.6236498786734844e-05,3.724330696763262e-05,4.9258263526856785e-06,5.1526645677213685e-06,1.5712113123994119e-06,1.8636693151783127e-07,0.1583007813428299,0.6021850149997724,0.15798134484919973,0.6395260809109832
0.15579288802251373,0.00032424375373207517,2.4408974049029017e-07,3.813055171183263e-05,0.0001909373158127683,8.040501920853004e-05,5.877405731812843e-05,0.0006575228667476486,3.7490720780707054e-05,4.750716394872208e-06,0.15579288802251373,0.6064117027512466,0.15548055614576953,0.6447474020203363
0.15586631852401894,5.0786858149849444e-05,9.124511578222417e-07,4.236034400737734e-07,2.4117816894055783e-06,0.00018901485973928412,1.122354091800541e-06,4.210692708481881e-06,2.572191507571436e-06,2.341326338454687e-07,0.15586631852401894,0.605402922496514,0.15555329136908017,0.6434851135482491
0.17732156405446164,0.00022069678994456632,1.5534750924583288e-05,9.170842014098286e-06,0.00020051753516309233,0.00021903057307319743,0.0007801832934648339,9.369164067740515e-06,7.177697076197662e-05,2.0124431026896205e-05,0.17732156405446164,0.5801252671343036,0.17695738501167182,0.6119547552249481
0.17347952347293125,0.00022069678994456632,1.5534750924583288e-05,9.170842014098286e-06,0.00020051753516309233,0.00016933248774821493,0.0007801832934648339,9.369164067740515e-06,7.177697076197662e-05,2.0124431026896205e-05,0.17347952347293125,0.5846763956244487,0.17312270051001283,0.6176989969048914
0.1757534812198952,1.1915103819695031e-06,7.07312803107651e-06,1.569557123785414e-05,2.391411252214553e-05,0.00036250198000690467,1.7892588894383725e-05,1.7202870825808e-05,3.211910906036395e-05,1.4391973429823013e-05,0.1757534812198952,0.5811592403623642,0.17539177349557164,0.6132559716332835
0.1717376511341475,7.126463639878472e-06,8.547495430996005e-07,4.575344133068445e-06,1.7443016283845524e-05,0.0021087320399686077,0.00011633806764186666,2.7244064852866413e-06,5.381069857676792e-06,4.904284227303951e-07,0.1717376511341475,0.5873824684405327,0.17137607419261508,0.6209805600688859
0.18820922223298367,7.132397632815994e-06,8.198442266511969e-07,7.421079276291657e-05,1.856244069314173e-05,1.975985512156718e-05,0.00030777667402576077,2.9440689927598776e-06,5.414365777840536e-06,2.720703074067788e-07,0.18820922223298367,0.5665112658954818,0.1878297678211025,0.5946771785040443
0.19595601784289257,3.867692576798661e-06,2.9972850066354487e-07,3.6706548845631924e-05,3.806935417114077e-06,5.6168173929992785e-05,0.0002787567890369757,2.8425955072099316e-06,1.572560399549903e-06,2.0496045000433736e-07,0.19595601784289257,0.5576299947944934,0.1955685629507385,0.5832919697447273
0.18744199220067673,0.0001502850383969404,1.851201006142832e-05,7.970505168139878e-05,0.0005384448249106148,0.0014757089355416845,0.0009313543311260486,0.00029998598754339136,0.00029465208870716787,2.8529831298925895e-06,0.18744199220067673,0.5700258055712603,0.18705832326240832,0.5990217191019778
0.21096530660844662,7.742298554834589e-05,3.425853848555904e-06,5.070009811851551e-06,0.0001045560901279662,4.3125491375981053e-05,0.0006829963271561725,6.056489368453995e-05,0.00012422352011367575,9.137467446599553e-07,0.21096530660844662,0.5415396226295909,0.21057151091109114,0.5624866934378834
0.21377261067268916,1.3012222780492394e-06,3.5845712983868423e-06,8.491263851608213e-07,1.6236498786734844e-05,0.0009323359614252965,7.70931923506169e-07,5.1526645677213685e-06,1.5712113123994119e-06,1.8636693151783127e-07,0.21377261067268916,0.5383841491835126,0.21337455552005127,0.5583343699755898
0.2054659653968548,1.4612555834768472e-07,8.531342669777944e-07,7.442847967523998e-06,4.218926037171162e-06,3.5879802931842346e-07,1.13354413345446e-06,4.799924586836498e-07,5.427279388820863e-06,6.185249170456101e-06,0.2054659653968548,0.5467367599882575,0.20507319661089554,0.5692515952650173
0.20491260079873558,0.0002743827201548134,1.1549590850329985e-05,4.633290560376825e-06,3.1074003971646045e-05,0.0003887803690126645,0.0006159886340348651,5.838328776669137e-05,2.4546124368098216e-05,5.624187034341035e-06,0.20491260079873558,0.5484220876669302,0.20451859205670583,0.5713732082643859
0.20087328294906903,2.7027013909724777e-07,2.8212526958166393e-08,2.3539051244304988e-08,7.306761297246314e-06,0.0011066958747598858,4.881354749524089e-06,3.45293807387189e-06,2.9699244010942507e-06,1.863260416823572e-07,0.20087328294906903,0.5526847051938336,0.20047801209631552,0.5768394562924996
0.2266522378546313,7.516101561030467e-06,3.322250535719838e-06,0.00016534230439911815,0.0001559239963545019,8.793733334981688e-07,8.204077563367745e-05,1.1037427402941495e-06,4.756194569924696e-05,2.0344766222667963e-05,0.2266522378546313,0.5242887543803322,0.22626265910233628,0.5400429519467699
0.22944289913510701,7.186070843038309e-06,1.0299051377682527e-06,9.972796350427696e-06,1.9511496604503325e-05,7.095972217880407e-05,4.552865386746587e-06,2.494489732237493e-05,1.9840354440955786e-05,3.0763596282691697e-06,0.22944289913510701,0.521120516134888,0.2290539780084157,0.5359102611472792
0.21629303505628467,3.212405475587855e-07,9.57042844720453e-07,3.4742425630185975e-06,3.0534828465932076e-05,1.3560037002200206e-05,8.371748787390377e-06,1.118701969315885e-05,3.353008285589106e-05,1.7899034836058212e-07,0.21629303505628467,0.535005220091914,0.21589899863958997,0.5540259591846222
0.21956429643918937,7.825775797043811e-07,6.043517216076518e-07,8.491263851608213e-07,2.3379068429185557e-06,0.0018096396163074869,3.0400562660390498e-06,1.554949421261382e-06,1.116974058478511e-06,1.863260416823572e-07,0.21956429643918937,0.5328169903336293,0.21916347457725874,0.551008098372093
0.23941341331656185,6.756812292823422e-06,6.981873276937852e-05,3.972452368516173e-05,0.00013837440321430046,7.563357411642006e-06,3.7259818905820363e-06,1.0491128062265661e-05,5.576166039525109e-05,1.1059325164268113e-06,0.23941341331656185,0.5109528823818981,0.23903402377585042,0.5226032262354435
0.24046115314959635,7.0509908826756905e-06,5.627035409494399e-07,9.877307432033077e-06,1.9511496604503325e-05,6.757123637430905e-05,4.552865386746587e-06,2.4328291777316722e-05,3.083341597597136e-06,2.9071114487985453e-07,0.24046115314959635,0.5097348966530412,0.24008200719098288,0.5210126801252157
0.2407778488172752,1.3012222780492394e-06,3.6664552055502533e-06,9.525757283289683e-08,4.207834569528652e-06,8.333888274808963e-05,4.880615636570063e-06,4.001885313138738e-06,1.5712113123994119e-06,1.8636693151783127e-07,0.2407778488172752,0.5093867235522131,0.2403988893113378,0.5205566925555789
0.23324687428623797,1.8899631697461893e-05,1.167519906656386e-06,0.0001664660612856821,8.930022179498508e-05,1.4314201514203472e-05,0.0003169183893902419,8.370567860945427e-06,0.00017438425125717788,4.8793250842296714e-05,0.23324687428623797,0.5176797598842693,0.23286234349637489,0.5313934962146826
0.23085923095597155,7.186070843038309e-06,1.0299051377682527e-06,5.853204768975535e-07,1.9511496604503325e-05,1.1752440128007595e-06,4.552865386746587e-06,4.398211499348132e-06,3.920026376381883e-06,2.9661184885979244e-06,0.23085923095597155,0.519556309036429,0.23047149238401157,0.5338731273199714
0.23682629439520095,1.3006822676983692e-06,4.042460625576492e-07,8.695776068680069e-07,2.3613041446642936e-06,1.2145173803468724e-05,9.378754954563519e-06,2.903101060579102e-06,4.060896288907359e-06,1.6966447582656433e-05,0.23682629439520095,0.5133901101981362,0.2364436574848542,0.5258038414642718
0.26114885797331866,0.00033481414310595966,1.1875477618015737e-06,1.2579377721601948e-05,0.0005259860862595015,0.0019088440938344162,0.00018194470394989305,9.402483459056855e-05,0.0016870189357873371,1.4345869200348011e-05,0.26114885797331866,0.49251849699509875,0.260798405163472,0.4982226916813788
0.24707194919290992,0.0002851935686054034,7.038933208897707e-05,3.972452368516173e-05,0.00013837440321430046,1.0461534121244797e-05,3.7259818905820363e-06,1.084002824589004e-05,5.576166039525109e-05,1.1059325164268113e-06,0.24707194919290992,0.5033992850017261,0.24670200584154411,0.5126994649073775
0.25625297418496384,8.333401832935126e-06,8.520934001864746e-07,2.4518212223514402e-08,3.46435484861392e-05,4.2282421558993516e-05,9.728045012638594e-05,4.248288495763455e-06,1.1358176683361227e-06,3.1203522384125583e-07,0.25625297418496384,0.49392689312270904,0.25589577893914167,0.5002990479141151
0.2766100127518475,1.4653798283719093e-07,6.41614878079683e-08,9.735965273134443e-08,4.06202229398223e-05,3.367986879182481e-05,8.642047566246477e-07,2.740454691470684e-07,3.100262269198836e-06,2.916663425113115e-07,0.2766100127518475,0.4741210571043605,0.276292823735143,0.4743958506796856
0.26153130341927894,0.0011372007216564675,0.00024063951289978572,2.3471415775892925e-05,3.7682242127145424e-05,0.000981924096061097,0.0003004384455056715,0.0001310100187128518,8.035654959036713e-05,5.442843106479541e-06,0.26153130341927894,0.490786112483841,0.2611826305785787,0.4960293417668231
0.26863248909592424,2.8738220475452173e-07,6.572148672863393e-07,6.186688952238812e-06,2.71517092474129e-05,8.53701037495301e-06,5.34794017344516e-05,1.0167420712886691e-05,3.311842929667306e-05,4.198124365968106e-06,0.26863248909592424,0.48180883956293963,0.268298391048874,0.4844401872121191
0.2680911479015075,1.333750860225371e-06,5.028104030979127e-06,6.755534392169172e-06,3.010741229455952e-05,0.0017436764218196237,5.34439010353558e-05,1.118701969315885e-05,3.306976605474373e-05,4.139331334202791e-06,0.2680911479015075,0.48362480972685307,0.2677493715736536,0.48664229721312824
0.28732171437794846,1.3309788053038086e-06,1.813209637424632e-06,6.306119789181235e-06,3.776754587677818e-05,1.611585852394354e-05,1.3735591759039907e-05,1.118701969315885e-05,1.0483685025039334e-06,1.9255114961067862e-07,0.28732171437794846,0.464041524689553,0.28703042471086726,0.4612666999287367
0.2797015595233142,8.518339399123857e-06,3.3487825464138565e-06,1.019071860223604e-05,2.4117816894055783e-06,0.00024390778792282697,8.910691637755082e-05,3.072186098449047e-05,2.575249526490739e-06,5.875872356890297e-09,0.2797015595233142,0.471419272631667,0.2793908503861558,0.4708486681704983
0.2838687113937253,1.4653798283719093e-07,2.9776978881925486e-08,9.574462168840348e-08,4.06202229398223e-05,7.673200908896582e-05,8.642047566246477e-07,2.740454691470684e-07,3.100262269198836e-06,1.9589527470174383e-07,0.2838687113937253,0.46729623346243526,0.2835684969572543,0.46549567231323963
0.305104540526836,8.98196704470977e-06,1.5108368061287887e-06,6.310811459191456e-06,0.0001582416248633758,0.0003871353408856199,4.4983476421436835e-06,2.9753093727916187e-05,3.172296535368536e-05,1.4433723757405233e-05,0.305104540526836,0.44810245690171574,0.3048614518624613,0.44059380793824277
0.299966424116991,1.1354679264533243e-08,6.51307008420465e-07,2.999606116478302e-08,3.697080821101494e-05,7.407250237722575e-05,0.0011494884170827678,8.612399899791555e-07,1.9801638582310083e-05,2.4426955210448932e-08,0.299966424116991,0.45323907159269533,0.29971046428512343,0.4472192598137307
0.29673658926378715,0.00025467887222189247,9.513855541299932e-07,1.0865099847565322e-05,1.910750274952679e-06,0.00043502404480754445,0.00025260117545614113,1.1114337337764079e-05,6.980887609834473e-05,4.323497704785159e-06,0.29673658926378715,0.45602240262520777,0.29646957192964657,0.45081274080288364
0.32226607260141577,4.481863820693342e-06,5.3788322595670026e-08,1.0589217710871553e-07,7.0871704576210915e-06,1.6362196252892762e-05,7.364651948710988e-07,1.2734144268248435e-05,1.0608076221727712e-05,1.544857141560946e-07,0.32226607260141577,0.43235263685513997,0.32207641561823747,0.4204557197870755
0.316195802520999,6.8205007521504495e-06,1.0262881538082049e-06,7.163482076112508e-06,1.783247610987303e-05,4.4570380339183745e-07,4.763249157452932e-06,1.2723566930541961e-05,1.409059100963545e-06,3.3091320134076526e-06,0.316195802520999,0.43772698687185246,0.31598699831223176,0.42731329089326153
0.3155926279835135,6.833000269245508e-06,8.4974551110424e-07,7.445778612117024e-08,6.087153165031765e-06,4.4570380339183745e-07,3.843390608886583e-06,3.7933640626750707e-06,1.409059100963545e-06,3.3091320134076526e-06,0.3155926279835135,0.43824284588865237,0.31538182001533316,0.4279733093860125
0.31223492916923556,3.1084692761403876e-06,2.9972850066354487e-07,1.8315174500549804e-07,3.806935417114077e-06,5.684113502508644e-05,1.2629266241859902e-05,2.8425955072099316e-06,5.0297682041878344e-08,1.682638324519492e-08,0.31223492916923556,0.4412776320479526,0.312013484295457,0.43185601636354987
0.33842262778839577,3.823008897279176e-06,1.1632072997954442e-05,7.285335046960312e-06,4.5035584700777404e-05,6.289706481921032e-06,9.956420829087494e-06,3.323876513705651e-05,9.930628241737112e-05,5.143164821888816e-07,0.33842262778839577,0.4184129107639574,0.3382875308234875,0.40283285675628183
0.33842262778839577,2.215082835190382e-06,1.1493064438118026e-05,7.285335046960312e-06,4.5035584700777404e-05,0.00040088824817640544,9.956420829087494e-06,2.048794393797629e-05,0.0001383138474375268,5.143164821888816e-07,0.33842262778839577,0.41871013884845465,0.3382862100634055,0.4031815205004536
0.3329962620088938,6.858568754361674e-06,1.1008483342626616e-06,3.7513692368441953e-07,1.517522024206491e-05,8.627631868487153e-05,6.223723021612988e-07,4.398211499348132e-06,3.7986110695039505e-06,2.692429764590121e-06,0.3329962620088938,0.42302801782650173,0.3328418249244586,0.4086313079079344
0.33654915029281346,2.693658728225191e-07,8.401631699685902e-08,4.2958401320844084e-07,2.685368616770454e-06,0.0002363949225380145,2.574196120111823e-05,7.102086810144033e-07,4.969223042111843e-07,2.524260814704109e-07,0.33654915029281346,0.4200610404048652,0.33640616943408325,0.40488359659663675
0.34843236803415434,8.98196704470977e-06,6.424553961217416e-07,3.671589841873276e-05,2.7143899958462405e-05,0.0003871353408856199,3.675082605390937e-06,5.666114073502e-05,3.256277281259488e-05,1.4433723757405233e-05,0.34843236803415434,0.4101187495617124,0.3483309743903676,0.39244497506838383
0.34125270009060105,4.612839577621966e-06,1.0299051377682527e-06,1.337155731691693e-07,1.1275545649169322e-06,1.3349574260353817e-05,4.884914396572828e-06,4.398211499348132e-06,3.920026376381883e-06,2.9661184885979244e-06,0.34125270009060105,0.4158574010781282,0.34112668574734,0.3996235849688986
0.3657276051899244,6.874356557031176e-05,7.646473107162391e-05,9.62779191429941e-06,4.308966950364417e-05,0.0002088240866336303,2.291959239247367e-05,2.1583462644404025e-05,0.00012035089045169498,6.173227925370991e-07,0.3657276051899244,0.3956450500855759,0.36568929938960715,0.37463662084585564
0.36253665806411894,6.069498915305497e-06,8.34973413895601e-07,7.166268031965367e-05,2.3584855943527122e-05,1.8693872229009602e-05,4.5669523860470064e-06,7.0357296697173405e-06,5.3908233632103e-06,2.189861710588442e-06,0.36253665806411894,0.39798770317114973,0.3624866209339278,0.3774996156002018
0.35552857735842325,2.256275513645003e-05,2.334324501585689e-05,9.62779191429941e-06,8.946218601643741e-07,1.913353048146026e-06,1.9040639558879983e-06,1.2561101846557455e-05,0.00012035089045169498,7.255909997841035e-07,0.35552857735842325,0.4038739118780933,0.35545344833446696,0.3847365257107507
0.3579656556667605,3.2496663082094844e-07,1.2724015436752778e-07,2.6548480906440904e-06,0.00012261296688641544,3.258578139241412e-06,7.3797907820497605e-06,2.1122369946002105e-06,2.219868787305175e-07,7.301918494525822e-08,0.3579656556667605,0.401794943907615,0.3578992271142316,0.38216687925063847
0.37262468308293795,7.186070843038309e-06,1.0299051377682527e-06,5.734436578462411e-06,1.9511496604503325e-05,2.793350025388328e-05,1.0737537148889105e-06,4.398211499348132e-06,3.920026376381883e-06,2.927631034360066e-06,0.37262468308293795,0.3896212999140489,0.3726107648969586,0.3673196774114148
0.3805379531492794,5.471095742891816e-07,9.55885440074845e-07,4.2957807038468774e-07,6.851739568135638e-06,0.0002363949225380145,8.721972715724773e-07,2.1402492165893525e-06,5.12148751607627e-06,1.7576996341930165e-08,0.3805379531492794,0.3832976150640163,0.38055196983176426,0.3597097867137266
0.3921024689368001,9.100287481889959e-05,0.0001912606127046421,0.0006017809863475551,0.00015636424058233068,0.0003645429537808892,0.0008179408569046225,6.418589256532304e-05,0.00012422352011367575,2.994808001177526e-05,0.3921024689368001,0.37549652430743413,0.392167701004976,0.35055671870108274
0.3866635305419996,3.1750051383396715e-06,1.4495679548549776e-06,1.0893383815263455e-05,1.5320887996179898e-06,0.002150060023894028,5.234847727693647e-05,1.2403327247663155e-05,8.837703877525578e-05,1.1388452616729147e-06,0.3866635305419996,0.37977730489127587,0.3866941125062655,0.3554773672439004
0.38915551016895744,6.803347627174987e-06,1.2034661351935572e-07,5.225389584598723e-06,4.5014739464283624e-07,8.916570320392165e-06,0.00011633806764186666,4.896185383349451e-06,4.321399222598859e-05,6.344189446518199e-07,0.38915551016895744,0.37630509850754074,0.3892019808165398,0.35141121635758504
0.40961864364902256,1.448834028516932e-07,9.57042844720453e-07,1.988407686514937e-07,7.627880667639792e-06,1.3560037002200206e-05,5.806813808875105e-06,4.514259126219631e-06,2.4595245057299922e-06,1.7767630205123919e-07,0.40961864364902256,0.36000953858904455,0.40973761642864825,0.33244970617051606
0.4128581688832372,8.191578235120804e-06,3.919531891327347e-07,1.62823445766262e-07,3.967374886208574e-05,5.912003064029519e-05,3.988232232047474e-06,5.03923191834157e-06,1.9536872263602527e-07,5.039655800774359e-06,0.4128581688832372,0.35754226973147246,0.4129885532989491,0.3296372474968136
0.40928443331063025,1.1354679264533243e-08,6.620681877099859e-07,3.0218181038502446e-08,4.7887147172600886e-06,7.86840319136119e-05,0.00018896515578937164,8.81151866901554e-07,2.5333231814590182e-06,2.4426955210448932e-08,0.40928443331063025,0.3604346988985384,0.4094025250283137,0.3329449693700451
0.4014276664169446,1.262776338890111e-06,6.474525858673559e-07,8.105383614641693e-07,0.0001542659801055763,5.2554051055146274e-08,0.00013094126839118843,6.421663570060968e-06,4.894234867869633e-05,7.838540316741738e-07,0.4014276664169446,0.36665192468732155,0.40151918261358754,0.3401190097623696
0.40224181253446833,5.471095742891816e-07,8.66613739025757e-07,4.564832932201524e-08,6.851739568135638e-06,8.512128692236759e-06,9.379550309570656e-07,2.4867233952060964e-06,5.1287992634643844e-06,2.597073907510908e-07,0.40224181253446833,0.36579214268902455,0.4023347881632745,0.3391048220454074
0.4289002080556092,8.19076432806547e-06,3.322250535719838e-06,0.000164420999604923,0.0001559239963545019,2.1215606577065657e-06,0.00013003015257276714,1.2723566930541961e-05,4.756194569924696e-05,2.0344766222667963e-05,0.4289002080556092,0.34546158857646975,0.42908772476303636,0.31613242193263835
0.4256978065197019,1.262776338890111e-06,1.0282645648468241e-06,8.211082902858897e-06,0.00015952207600035168,2.1215606577065657e-06,0.00013325525241085788,2.1917008540480264e-07,3.92047929507226e-06,1.3193792537381461e-05,0.4256978065197019,0.34776224387235255,0.4258732597970982,0.31865180921833086
0.4179184490541851,3.517389673935024e-06,8.650993266469437e-07,4.564832932201524e-08,7.421138851012546e-06,8.374899491840266e-06,2.2728220737280452e-07,5.237897750811885e-06,5.314463038061113e-06,2.597073907510908e-07,0.4179184490541851,0.35355503452880727,0.4180661066435693,0.3251189777259459
0.44583432688448116,0.0004780112677151457,0.0006777287741513315,5.350558999035611e-05,0.0001753137714058941,0.0018225160032464328,1.1505781909496288e-05,0.00017239040498986718,0.00013565702210303565,1.3988975085026039e-06,0.44583432688448116,0.3346429531871099,0.4460772756097788,0.30454346249714626
0.4408614611785393,1.0701079838152448e-06,2.860519507271906e-07,1.4884168637373817e-06,2.684233844979254e-06,3.054102935043697e-07,0.00032129200033932393,9.31322113140962e-07,1.7181491171045381e-06,2.4334558125040293e-07,0.4408614611785393,0.3362464747050817,0.4410848964213034,0.3060325026364606
0.43439457598533626,1.1237181562393428e-07,2.6653157230223303e-07,5.061912043482929e-09,6.85448406094403e-06,2.79591589752233e-05,9.192224585549305e-07,5.279719575035529e-07,3.7986110695039505e-06,2.6909745214430676e-06,0.43439457598533626,0.3409427525574183,0.434596627511036,0.3111094325205058
0.45998791541203393,4.481863820693342e-06,1.208831146170826e-06,1.0788999807698068e-07,2.1350045338496328e-05,0.0021472615885681653,9.641123001262538e-06,1.2734144268248435e-05,2.9784943142830498e-05,1.544857141560946e-07,0.45998791541203393,0.3232479461863254,0.46025989207610407,0.2923680883104999
0.4485238690283362,1.6358975474301225e-06,1.1632335127142243e-06,8.669785527503829e-07,0.00015952207600035168,2.1215606577065657e-06,5.589905317414668e-05,1.2723566930541961e-05,4.756194569924696e-05,1.301064071626921e-05,0.4485238690283362,0.33047664797284315,0.4487710494308289,0.2998560008167596
0.4508277397664322,2.993961495287387e-07,1.0303696967140116e-06,3.005988710672143e-07,4.06202229398223e-05,2.1215606577065657e-06,8.642047566246477e-07,4.3484681574910635e-06,3.17267147027709e-06,2.965719082933942e-07,0.4508277397664322,0.3285981724750367,0.45108020694791245,0.29783786385883204
0.4664337152664946,2.403499166104822e-06,2.899228531836614e-06,9.155121284916886e-05,3.2355656717862936e-05,5.912003064029519e-05,0.0004376098258098166,3.1018371245369627e-06,0.0001257270107727616,3.28149418290745e-05,0.4664337152664946,0.31755916562250064,0.4667318794539995,0.2864634225926649
0.4655390632546643,4.431483895870927e-06,6.597533709577684e-07,2.6785996331005386e-08,2.1350045338496328e-05,0.002155847481045499,9.514676062825015e-06,9.871938170026258e-07,3.454224663205995e-06,1.544857141560946e-07,0.4655390632546643,0.3191432909949516,0.46582551751954865,0.28813566794991213
0.4829007017104726,1.1439835370388239e-05,3.0881925226633468e-06,4.564832932201524e-08,4.3339439934774665e-05,1.3095834924731278e-05,5.3216409864578326e-06,4.295830898171037e-06,1.2862951953734478e-05,6.406327796508316e-07,0.4829007017104726,0.30515085379212076,0.4832343520875412,0.2739559535312231
0.4865084893747061,6.98101466752188e-07,3.0881925226633468e-06,4.564832932201524e-08,4.3339439934774665e-05,1.3095834924731278e-05,5.3216409864578326e-06,4.295830898171037e-06,1.2862951953734478e-05,6.406327796508316e-07,0.4865084893747061,0.30255270186794203,0.48684951591483466,0.27142298322166836
0.4818091897967661,0.0003914599055007563,8.268505240414397e-05,0.0006121834593921923,0.0002532193589013604,0.0017020553224773643,0.00047557807937553603,7.146466038265735e-05,2.4434355627346944e-05,7.215086690764309e-05,0.4818091897967661,0.30828263688370716,0.4821488355930553,0.27751470235015235
0.4784094625895652,8.41274866358187e-05,1.3053582158616764e-07,6.977829919330466e-06,0.0004961243095360627,0.0001633924390896656,4.733187566477281e-06,0.00012000905900512762,7.611192780314325e-05,1.2123644354036985e-06,0.4784094625895652,0.308951879630199,0.4787379078319555,0.27783232010838
0.5074291265362982,3.867692576798661e-06,1.0257164095465833e-06,9.553208610268023e-06,5.727661954403636e-07,5.6168173929992785e-05,0.00030864448395375544,9.65153813135046e-07,5.319755427471082e-06,1.4444607061007393e-07,0.5074291265362982,0.28790810256011,0.5078059829980888,0.2576716162884792
0.50746116212084,3.867692576798661e-06,1.0257164095465833e-06,6.410265647971018e-06,5.727661954403636e-07,5.6168173929992785e-05,0.00030976275096149887,5.001218602931296e-07,5.319755427471082e-06,1.4444607061007393e-07,0.50746116212084,0.28788400933952657,0.5078380327079992,0.2576488386421671
0.5005722389150358,0.0002700194588843314,2.4625246069522443e-05,0.0008486899398117248,0.0005989204891337684,0.0008015424967488514,0.0003118980946110873,0.00013649961002142914,5.5732515218356776e-05,1.1181575560376914e-06,0.5005722389150358,0.29445995019734267,0.5009525978864076,0.2642476691798256
0.49403170216265757,8.198333591283072e-05,6.57162826715787e-07,6.1718711594287785e-06,3.219759313645204e-05,7.069983928303638e-07,1.1733169257234079e-05,1.2751669658081092e-05,7.317756031071953e-05,7.837445896546707e-07,0.49403170216265757,0.2972689061063716,0.4943876651501843,0.2663804158335234
0.5165139139853934,3.166672434320901e-06,3.782227018284493e-05,8.491368001432372e-07,0.0005658143185124393,0.0003732128614788222,0.0003118980946110873,0.00013692745702934027,6.63799483996783e-05,1.1528877416537198e-06,0.5165139139853934,0.28227038124521553,0.5169069956918044,0.25280277947267427
0.5126300953735867,8.191578235120804e-06,1.1565885767263927e-06,1.62823445766262e-07,1.6971619822787853e-05,5.912003064029519e-05,3.988232232047474e-06,1.1325365138752173e-05,2.406337205175508e-06,4.736535993267187e-06,0.5126300953735867,0.2840874660232745,0.5130122826746145,0.2541579870527799
0.5119719308941251,8.306991158347162e-06,5.533643221457276e-07,2.7547088304877333e-08,3.862582258183112e-06,5.742095903852746e-05,1.9644424863941724e-07,4.370150898251671e-06,2.3944572168086826e-06,4.777548263641163e-06,0.5119719308941251,0.28453046777233615,0.5123531775166923,0.25455129971035995
0.5353967989132978,9.263269174154345e-08,4.1116426511408533e-07,1.62823445766262e-07,3.967374886208574e-05,2.7678627273379134e-06,0.00018441171986748503,2.076123972060117e-06,8.321499953803671e-08,3.2578112711582345e-07,0.5353967989132978,0.2684377238250471,0.5357955838956612,0.2406135584554421
0.5282934173726859,6.962756870625029e-07,9.206301669300194e-07,6.299041945715021e-06,0.00014885510202609212,5.9753523355964376e-05,1.1733169257234079e-05,2.4292550041059395e-05,7.233775251174192e-05,7.837445896546707e-07,0.5282934173726859,0.27336936798903955,0.5286901630415258,0.2448078120565717
0.5252755741992743,8.191578235120804e-06,3.919531891327347e-07,1.6694622282069142e-07,0.00011306116357285027,5.539676422143462e-05,3.988232232047474e-06,0.00010565799187314789,3.3657142203403545e-07,5.039655800774359e-06,0.5252755741992743,0.2754273634984717,0.5256707084078731,0.24656840133730637
0.5413892028922052,1.7497863081453458e-06,6.824600869078333e-07,1.1583991739755759e-05,0.00015937115189296652,2.9248896436811152e-06,6.69408252640835e-05,2.6894949965378302e-06,1.1461597831549084e-05,6.09494121719985e-06,0.5413892028922052,0.2643750167715634,0.5417893578828166,0.2372731027394406
0.5519229221833192,7.128688176847033e-06,1.0257164095465833e-06,7.267282647377439e-06,5.727661954403636e-07,6.703057445251557e-05,0.00030864448395375544,9.65153813135046e-07,5.414351508412666e-06,1.4444607061007393e-07,0.5519229221833192,0.2573351448037359,0.55231946372758,0.2316625761605022
0.5513788261299857,3.517389673935024e-06,8.650993266469437e-07,4.564832932201524e-08,7.421138851012546e-06,3.057793275952616e-05,2.2728220737280452e-07,1.1042288653585787e-05,6.0209953696898525e-06,2.597073907510908e-07,0.5513788261299857,0.25748883850400245,0.5517743463091997,0.2317041751502621
0.5648484716223445,1.8099157585964806e-06,8.650993266469437e-07,4.564832932201524e-08,6.851739568135638e-06,8.540239354550152e-06,3.005815380053463e-06,1.1052865991292262e-05,5.1287992634643844e-06,2.597073907510908e-07,0.5648484716223445,0.24845942867225135,0.5652327970971736,0.22479120664832913
0.5657503600478286,9.579461764724498e-06,6.38997712388286e-07,8.425305632299658e-09,1.38606647351261e-05,0.00013306117592246788,1.1640298214019843e-06,1.1132677926632712e-05,3.374154442534417e-07,1.894388746676055e-07,0.5657503600478286,0.2479422661169062,0.5661333908291666,0.22443667838810125
0.5650083486162358,3.8900263659902086e-08,1.9427056742777432e-07,8.425305632299658e-09,6.625755760397095e-06,0.00013306117592246788,1.1640298214019843e-06,1.1341787508220082e-05,3.374154442534417e-07,1.8917117727628682e-07,0.5650083486162358,0.24842510271465074,0.5653921373811029,0.224790305839393
0.553817776282815,4.087641459718558e-06,4.069789201097442e-05,5.754189905729538e-06,2.517301091254689e-05,5.553387793568301e-05,0.00031656915481205185,4.027484397656194e-05,1.0601252566213192e-05,1.245074041494799e-05,0.553817776282815,0.2561316317742546,0.5542145340171776,0.23075405210365374
0.5581817506930062,2.1555551990916144e-05,2.1265125804325054e-06,5.892171284237129e-06,5.837939442048813e-06,5.488316260648548e-07,1.0613989769053046e-06,1.4933738768368597e-05,8.946514889932092e-05,2.6030379770043545e-07,0.5581817506930062,0.252973136505253,0.5585733526496377,0.2282334193136737
0.5552007085928707,6.98101466752188e-07,3.0881925226633468e-06,3.380198183309421e-08,4.3339439934774665e-05,1.309238675592469e-05,5.3216409864578326e-06,4.295830898171037e-06,1.2862951953734478e-05,6.406327796508316e-07,0.5552007085928707,0.2549343963779264,0.5555943254337818,0.22971888063987747
0.5784042414196413,6.603349097767587e-06,1.1149828481964174e-05,4.679724274966943e-05,0.0005666380943946503,5.8842460061905086e-05,6.118495725411543e-06,5.854466078782645e-05,2.7829586070712232e-05,5.510663546908122e-06,0.5784042414196413,0.2399595097789878,0.5787746093374269,0.218876897002462
0.5984006416958485,2.6768701554469257e-05,9.124511578222417e-07,1.615843503753709e-05,1.439109634936858e-06,0.00015007934178715545,1.3447842314346676e-06,4.210692708481881e-06,2.624779832454107e-06,2.71133068258008e-07,0.5984006416958485,0.22656138466874048,0.5987149916168863,0.20972191067988022
0.586143365709886,1.6301290482445926e-06,3.3665461568391235e-07,3.563824743945407e-06,2.3294530465675083e-06,3.608228826670154e-06,0.00011367320388388641,2.7202122846710003e-06,3.8315165756299645e-05,2.5521149210576095e-08,0.586143365709886,0.2345025790311659,0.586491316307058,0.21491993687883987
0.6094955848178062,7.132397632815994e-06,8.520934001864746e-07,4.564832932201524e-08,3.457816058328451e-05,6.657905928206079e-05,6.352161399699146e-07,7.087522096289563e-06,2.882994569281002e-06,7.228765188594786e-07,0.6094955848178062,0.2193714917818171,0.6097726502472878,0.20526980923842386
0.6265585126799091,3.1750051383396715e-06,3.1630035953759573e-06,1.0960610827687508e-05,1.5320887996179898e-06,8.185438917532515e-05,5.234847727693647e-05,1.2403327247663155e-05,6.375645097925926e-05,3.822407527820127e-06,0.6265585126799091,0.20858630750727045,0.6267629343826068,0.1991973692345806
0.6304106345433639,3.867692576798661e-06,1.0257164095465833e-06,5.699975596557611e-05,1.3386695266242786e-05,5.6168173929992785e-05,5.4775087937169146e-05,2.9440689927598776e-06,4.333558138542211e-06,3.210778264942925e-06,0.6304106345433639,0.20613459583235183,0.6305961938896838,0.1978824215067091
0.6175092859256385,1.866059924215615e-06,3.569964710780361e-05,2.8566491619599554e-06,1.8727009321086418e-06,0.002207308233535557,1.2489212268199655e-06,1.2536312762088978e-05,0.00012038528564556873,6.396332413162737e-07,0.6175092859256385,0.21563052348270043,0.6177502731704011,0.20378779503135944
0.6158712945394342,1.866059924215615e-06,9.55450535474708e-06,2.8566491619599554e-06,1.8727009321086418e-06,0.002207308233535557,1.0656183737900349e-06,1.2536312762088978e-05,0.00012108389506378031,2.468978341153174e-07,0.6158712945394342,0.21665885556737574,0.6161188220451527,0.20436805578584882
0.6397002341967357,1.3561569364748717e-05,3.522742423230684e-05,0.0007058656525026945,0.0001559239963545019,2.9248896436811152e-06,0.00013609536941633886,3.74876385275507e-07,4.756194569924696e-05,4.506781087881851e-06,0.6397002341967357,0.20084882567573908,0.6398460604392778,0.195628390848259
0.6324154395408995,3.196260620643114e-07,8.39322919088247e-07,2.009376892693918e-07,7.411694886451925e-06,5.5061968145677376e-05,7.2719588421317284e-06,4.409008970194092e-06,4.655515359098278e-08,2.129277837372898e-06,0.6324154395408995,0.2048012779516074,0.6325895359792133,0.19713807745488088
0.6560517491076626,6.812208170482043e-06,1.4303279002842387e-07,1.3485053505642286e-06,1.856244069314173e-05,0.0005232910145510373,0.00011820398521887123,2.8811011423142322e-06,3.070818927660887e-07,6.939238542845063e-07,0.6560517491076626,0.19042982555913357,0.6560814491880502,0.19054177331137875
0.6543501082398778,3.196260620643114e-07,5.091480562160988e-07,1.9092299903387567e-07,7.305167117952557e-06,1.5901501447039572e-07,3.7615212564482345e-06,2.6451181340647517e-06,4.655515359098278e-08,1.0626626723261948e-06,0.6543501082398778,0.1910904298172268,0.6543917756620229,0.19057714112644497
0.6760141503073996,7.132397632815994e-06,3.0671315729716467e-06,8.491368001432372e-07,0.0005658143185124393,6.780225155946744e-05,0.0003118980946110873,0.00013578463689546387,5.414365777840536e-06,1.1528877416537198e-06,0.6760141503073996,0.1784464779507497,0.6758995041663128,0.18605802705614216
0.6635471125592747,1.6649975866898387e-06,6.727945253439609e-07,8.491368001432372e-07,0.0005658143185124393,6.653462955560049e-05,9.6468670735614e-05,1.825042382955473e-05,1.1689535607887255e-05,1.1556438714297689e-06,0.6635471125592747,0.18586834285958112,0.6635297972303438,0.18871600207890643
0.6701532267432898,4.909460183465868e-06,2.8482038272661967e-06,4.244015133582938e-05,2.5800430903723612e-05,4.729324070588964e-05,4.087707180106112e-07,2.403061297191944e-05,3.2783907303482095e-05,3.0731677928103845e-06,0.6701532267432898,0.18147957623117877,0.6700782693941087,0.18674336314294385
0.666992968778546,6.8205007521504495e-06,1.0262881538082049e-06,7.136184341115802e-06,1.783247610987303e-05,4.4570380339183745e-07,4.763249157452932e-06,1.2723566930541961e-05,1.409059100963545e-06,3.3091320134076526e-06,0.666992968778546,0.18333644206608266,0.6669423997001722,0.18739212339066963
0.684023617233643,7.126463639878472e-06,8.547495430996005e-07,4.0948655229902286e-05,1.89562164181167e-05,1.1389724521267055e-05,0.00011633806764186666,2.993139442092708e-06,5.381069857676792e-06,8.976078881293863e-08,0.684023617233643,0.1730624870049816,0.6838291078692542,0.1837893162780888
0.6914644206732736,1.3012222780492394e-06,9.168116019757715e-07,9.77960044686834e-08,1.3320162102093879e-06,5.0369362044048765e-05,1.1421012650453852e-06,4.001885313138738e-06,1.0557385082956878e-07,4.8738793590846007e-08,0.6914644206732736,0.16849125741697984,0.6911974550891479,0.18229530629664015
0.7075593177531084,7.132397632815994e-06,2.7329486896581353e-06,7.307567838022083e-05,1.856244069314173e-05,6.719950139375699e-05,0.00030777667402576077,2.9440689927598776e-06,5.414365777840536e-06,8.314963330670709e-07,0.7075593177531084,0.1591159780664139,0.7071260357185167,0.18003103863812042
0.7076180172523123,1.3012222780492394e-06,3.6664552055502533e-06,9.77960044686834e-08,1.3320162102093879e-06,5.0369362044048765e-05,2.0059704708005433e-06,4.001885313138738e-06,1.0557385082956878e-07,2.902776142977031e-07,0.7076180172523123,0.15883625831829595,0.7071808356687217,0.1797448507120292
0.6993522744633637,1.3561569364748717e-05,9.913755480596997e-05,0.0007058656525026945,0.0001559239963545019,2.9248896436811152e-06,0.00013609536941633886,2.0960819025957144e-06,0.00012177557907831406,2.0565740784707265e-05,0.6993522744633637,0.16445927162429572,0.6990199322092454,0.18185101507235454
0.7203854875183587,1.6301290482445926e-06,1.5518396084693698e-06,2.3232579895147074e-06,2.3294530465675083e-06,4.951176611905525e-05,7.698045645395825e-06,2.7202122846710003e-06,3.2154372635839982e-06,2.009364126589475e-08,0.7203854875183587,0.15128561213173602,0.7197972319516935,0.17818628685657892
0.7258893285509237,7.978226460563419e-08,4.0901623770191646e-07,3.112479213828509e-07,1.843356636879904e-05,0.00015250773164607426,4.9039807135596065e-06,4.343287576537411e-06,1.0841821439788579e-05,1.5832994513959074e-07,0.7258893285509237,0.14811881635108928,0.7252312791770693,0.17770921306629053
0.7295651636381439,2.179333156321548e-07,6.511383213895702e-08,1.4039483631489498e-08,6.087153165031765e-06,2.7690099667147217e-05,1.1123814495242063e-06,1.3248928024576936e-06,1.4328029247874212e-06,5.3664425259797854e-09,0.7295651636381439,0.14587587471895966,0.72885882469172,0.17728799183160454
0.7691874922118795,2.179333156321548e-07,6.952019644412012e-07,2.6746030828850058e-08,6.087153165031765e-06,4.4570380339183745e-07,1.1123814495242063e-06,1.3248928024576936e-06,1.4328029247874212e-06,1.1483420651624576e-09,0.7691874922118795,0.12297302219732874,0.7678764179927507,0.17584018529391005
0.7576123159945861,3.7839102099422187e-06,8.39322919088247e-07,5.618625138349925e-06,1.6516837140274134e-06,5.5061968145677376e-05,7.271215369071014e-06,1.572726374182467e-05,4.655515359098278e-08,2.2433858990916686e-06,0.7576123159945861,0.12964281913166967,0.756494728445996,0.17591445873223263
0.7570407791938657,2.693658728225191e-07,8.073439467108491e-08,4.2957807038468774e-07,6.851739568135638e-06,0.0002363949225380145,4.472651999831301e-05,2.4830006810213004e-06,3.2613283466981285e-06,2.3275625388063547e-07,0.7570407791938657,0.1300856161221393,0.7559320630671028,0.1760392824625081
0.7476443920660772,1.6291822509264929e-06,1.5518361161273193e-06,1.080673740353531e-06,2.20795229159805e-06,1.7952137545781222e-05,4.756282239190111e-05,1.4925472845831018e-06,1.4935153050415744e-06,2.5521149210576095e-08,0.7476443920660772,0.1353782501866128,0.7466821087692138,0.17618395341821813
