x0,x1,x2,x3,x4,x5,x6,x7,x8,x9,f1,f2,predf1,predf2
1.4365331810581213e-07,5.242406942396865e-07,0.05238663640944291,4.852362016828899e-06,1.697337795125006e-06,2.2961729679971022e-06,1.3174998011996373e-06,1.6676161276770206e-06,1.2390639926406934e-07,1.5720236385465142e-05,1.4365331810581213e-07,1.0520260133502,-0.0013925474995741716,0.9939279537757324
1.4365331810581213e-07,5.242406942396865e-07,0.0526607695506535,4.73508554640976e-06,9.734491870789276e-08,1.1165071586398743e-06,1.3174998011996373e-06,1.6676161276770206e-06,1.2390639926406934e-07,1.5720236385465142e-05,1.4365331810581213e-07,1.0522971994543728,-0.0013937059020757829,0.9941854554838088
1.4365331810581213e-07,9.015807366137723e-07,0.1329221336351783,7.954956721224091e-07,1.3889159058430906e-06,2.78413651779368e-07,1.3174998011996373e-06,1.6676161276770206e-06,2.879830581390147e-08,1.5720236385465142e-05,1.4365331810581213e-07,1.1325408078516672,-0.0017276669667096176,1.0706352569081103
1.4365331810581213e-07,9.015807366137723e-07,0.138356138107212,4.73508554640976e-06,1.5395055923130414e-06,1.1165071586398743e-06,1.3174998011996373e-06,1.6676161276770206e-06,1.2390639926406934e-07,1.5720236385465142e-05,1.4365331810581213e-07,1.137978868486465,-0.0017501506332304846,1.075838489919445
0.015153005362337437,2.032660478333988e-06,0.0002156104722786176,5.414073411061195e-07,7.138800613644037e-06,7.316104555608342e-06,9.169731696447013e-05,8.344049645852655e-05,1.8999767916161045e-05,1.3822011946033415e-05,0.015153005362337437,0.8773159395997088,0.014012677562838647,0.8927426149785325
0.018909827900802263,5.700973536976578e-06,2.4424231492749225e-06,5.911189036816047e-06,9.680582433855169e-06,3.4915112376510055e-05,3.1286642687045974e-06,1.0386579018408506e-06,2.9182970351176743e-07,0.00048251893762569104,0.018909827900802263,0.8629951080533969,0.017781513807493692,0.8807425134077019
0.01911602417926355,4.770407073008207e-07,2.4077652817687495e-06,1.6152036649873947e-06,2.4626403318749628e-05,1.4093024421494416e-06,0.00027349830151687684,1.4339623839150706e-06,1.0115936434342854e-07,0.0005475585011292602,0.01911602417926355,0.8625334522936963,0.017988812997631713,0.8804219816145187
0.004356782273055549,9.455837306212063e-06,4.436942504600493e-06,1.3434613708579808e-06,1.4092561924374566e-05,0.00016601308867686824,6.595967514902872e-05,7.751468558184114e-05,1.1234728633067028e-05,5.51826310800411e-05,0.004356782273055549,0.9343859350119408,0.003191991206899368,0.9292389683572264
0.005911016350018661,1.6350889195355412e-06,3.6570005695328237e-06,1.438617577984776e-06,1.019622112771575e-07,1.5551172686667155e-05,1.1843956754927529e-06,3.0248267974018825e-05,4.248701451357754e-09,0.00012134043284331771,0.005911016350018661,0.923285293644941,0.004748914298546524,0.923577308069795
0.007573831707109829,1.2165685041584917e-06,2.4672872194613486e-05,2.489553296764515e-06,3.985916556178579e-08,1.163591264915655e-06,3.127750331608355e-06,5.797466312673503e-06,1.3742531446934631e-05,4.261197544646121e-06,0.007573831707109829,0.9130262883932909,0.006414814612983866,0.9177172556553999
0.002809661232791074,2.8138680530382066e-06,2.010716681050015e-05,1.1799016891174064e-06,1.8184500620401278e-05,6.8783555635171195e-06,3.8358060200039446e-05,2.5949527240150198e-06,5.598424675875204e-07,1.452449783394138e-05,0.002809661232791074,0.9470961753826779,0.0016406977013528974,0.9343881839861892
8.358873516919645e-06,5.582927038239467e-06,0.010179746412004859,2.389029957309212e-06,2.1378981821307767e-06,1.7466752201416526e-05,1.0351023262064535e-06,9.217317079280702e-08,2.760564645582468e-07,8.269454116717146e-05,8.358873516919645e-06,1.0073854101901116,-0.001207979568646537,0.9540327219302223
0.0025943092197264145,2.7606319179823726e-06,9.592315917204667e-07,9.934241544018913e-07,1.3846099533221779e-05,1.2012752713656834e-05,5.677070352120919e-06,1.856516929932927e-05,4.188892094849168e-07,1.212665234981103e-06,0.0025943092197264145,0.9491206465593683,0.0014249739412251759,0.935101768668039
2.876324051236904e-07,5.248502362366581e-07,0.05699277485137315,5.61667937149822e-06,1.4675836246421608e-07,2.0658590792260433e-07,2.9596788370721105e-06,8.869852248506642e-07,1.688623611366686e-06,1.4109680957809162e-06,2.876324051236904e-07,1.0564548275152965,-0.0014116530635998933,0.9982836967067288
2.876324051236904e-07,5.248502362366581e-07,0.0585108836648357,5.61667937149822e-06,1.4675836246421608e-07,2.0658590792260433e-07,1.6771908876054542e-06,8.869852248506642e-07,1.688623611366686e-06,1.4109680957809162e-06,2.876324051236904e-07,1.0579712583555732,-0.001417981806813858,0.999723171004192
2.61771004696962e-05,1.3868312860387042e-05,0.08469884981501231,0.0008864175274384666,2.10401258108314e-06,0.0010657993157086108,0.00013617246454940434,0.00037302731408732104,6.917413101958732e-06,0.00034508427405847015,2.61771004696962e-05,1.0821926677515636,-0.0014853134868155256,1.0273797137636484
3.2257922158342977e-06,3.161750295731202e-05,0.08850016301642308,2.8962005328731573e-06,2.1956380632146446e-05,2.2610266401999353e-05,0.00015433927392206556,2.243323156434857e-08,2.4343350429183898e-05,0.00016073661187641027,3.2257922158342977e-06,1.0870444850956673,-0.0015385740983176915,1.028657750038004
2.5873691586241943e-05,7.901398440677214e-06,0.07986857068034327,5.820457176830094e-07,2.67098756087498e-05,0.004441491368039592,3.516013386317487e-06,3.237433805697018e-05,1.5835438406474796e-06,0.00042902061706400575,2.5873691586241943e-05,1.0795138177701797,-0.001475169291244869,1.0247375331014597
2.876324051236904e-07,9.021902786072687e-07,0.1490132263964517,5.74826566558966e-06,1.5857628032510042e-06,2.0658590792260433e-07,2.882713340960848e-06,2.9020644921264765e-06,5.183862560720519e-07,1.4109680957809162e-06,2.876324051236904e-07,1.14845449370468,-0.0017941976300772584,1.0860291492025227
2.876324051236904e-07,9.021902786072687e-07,0.14745932001677303,6.0081925460357145e-06,1.5857628032510042e-06,2.0658590792260433e-07,2.882713340960848e-06,8.869852248506642e-07,1.6507160788267205e-06,1.4109680957809162e-06,2.876324051236904e-07,1.1469003535199855,-0.0017877522830122713,1.0845403983366628
2.568016915062384e-07,2.17112943217717e-05,0.23806441899366657,1.3655695578759516e-06,9.33362187250873e-06,1.385678352915404e-06,1.2804221153218308e-05,7.205196219992592e-05,1.6701984534536007e-06,0.00045302315028988616,2.568016915062384e-07,1.2380737750861202,-0.002158918279305425,1.1722659482444473
2.595040076763256e-05,1.8134307092322994e-07,0.22743962555683267,1.5127162774736163e-07,4.7500647523716535e-07,1.9493787263680265e-06,2.5470080160405727e-05,8.256477916971871e-07,3.9798533506001276e-07,1.630070845562084e-05,2.595040076763256e-05,1.2218414654386835,-0.0020914389245445717,1.1613536300333742
5.589064616442153e-06,8.775251800418245e-07,0.32345428150570155,1.0278398036479843e-07,3.3717628740533887e-07,5.0096046819375175e-05,1.7939113292177692e-06,7.126984941670071e-09,9.216149290330864e-08,2.5565006499141558e-06,5.589064616442153e-06,1.320790368328597,-0.002501654557982942,1.2544389967618321
2.770931020789204e-06,9.181689407140549e-06,0.32345428150570155,4.755447707184716e-06,1.030773251582134e-05,5.0096046819375175e-05,1.7939113292177692e-06,5.376851201309358e-07,9.216149290330864e-08,2.359680138908626e-06,2.770931020789204e-06,1.3216183550067693,-0.002504370406554975,1.254471794676153
1.3285574261193469e-05,1.9973751306687795e-05,0.37463942431194736,0.00013290897619110185,4.184447676996047e-05,3.1454403939935e-05,2.3035946114949164e-05,0.00011605402075016259,5.9183365432295215e-05,0.002197189198711182,1.3285574261193469e-05,1.3729834868678437,-0.0026887443681919048,1.3070466358030806
6.395358598418104e-06,8.658201718684194e-07,0.38436407110446585,2.9938755280224094e-08,1.0113497981567574e-07,1.0522179730312089e-06,2.7017480888986525e-07,5.8838512590223945e-09,1.8439512954803172e-07,7.142818310874462e-07,6.395358598418104e-06,1.3813918075493483,-0.0027434524311147246,1.3137529300011535
5.9851971535035174e-05,6.921090815134595e-05,0.44178076358666535,5.292557592853569e-05,2.0799605656211847e-05,3.102690136078107e-05,0.01206556895124797,7.40423650649062e-05,1.3054598436266122e-05,0.00214177125053822,5.9851971535035174e-05,1.4469132447472428,-0.002897659879153007,1.3861894607417418
6.395358598418104e-06,5.661755091634886e-06,0.41132958727945124,2.94485457862396e-07,1.941177504133364e-06,1.6099469445444635e-06,2.117205481624509e-06,7.987704885234137e-09,1.3296615326699719e-06,0.0002747424900827073,6.395358598418104e-06,1.408612662430387,-0.0028487452451050684,1.340429853502664
9.762077858068387e-06,7.253741391177428e-05,0.4754106603261233,1.2226008084931273e-05,9.522884055986426e-06,3.102690136078107e-05,2.0794447146888195e-05,5.245357097571822e-05,3.2436774171051986e-08,0.00030333227249528314,9.762077858068387e-06,1.4721168026028706,-0.003092942573710383,1.4034996188938482
8.358873516919645e-06,1.615613808454203e-07,0.5038333578226895,2.3110668968238268e-06,1.5651875792462789e-06,0.000702949234916866,0.004300404081313364,6.271923714112408e-07,5.850884406472596e-08,1.6223549865438027e-05,8.358873516919645e-06,1.5053062711078382,-0.0031990429553755244,1.4365707620901906
8.358873516919645e-06,1.9758286572846433e-08,0.5404962820076944,2.3110668968238268e-06,2.2239089072171613e-06,1.151724726337925e-06,1.9550058527594708e-05,6.271923714112408e-07,2.6345272532325045e-08,1.5346164544854608e-05,8.358873516919645e-06,1.5369490624463273,-0.003341611782528959,1.4671354926190001
6.395358598418104e-06,4.916474115064551e-06,0.5687386524178636,2.94485457862396e-07,1.936744458926285e-06,1.6099469445444635e-06,2.1519061158584627e-06,7.987704885234137e-09,1.3296615326699719e-06,4.608569525530691e-07,6.395358598418104e-06,1.5655839123754884,-0.0034483391905657875,1.4950128697746108
4.5462111547292263e-07,2.3241712555198015e-07,0.5448912516092709,2.94485457862396e-07,1.214543054114833e-07,1.6017812446798475e-06,2.1519061158584627e-06,7.987704885234137e-09,1.3267089732439088e-06,4.608569525530691e-07,4.5462111547292263e-07,1.5440593901390356,-0.0033661233202289566,1.4714701548130837
1.3271655536779506e-05,1.1303565967648385e-06,0.6162471695096825,8.953667618021163e-06,3.1438376034375546e-05,3.10720741809578e-05,9.299415929735676e-05,0.00011697797247886783,1.3086880174174985e-05,0.00020020803165193824,1.3271655536779506e-05,1.6121108763887495,-0.0036129566448208036,1.5425435519511121
1.3271655536779506e-05,7.723148326287113e-07,0.5847274638169828,5.329775965370455e-05,3.173665977017687e-05,2.647554985318468e-05,3.9323645445672986e-05,4.6297865671838535e-07,2.3653912524270197e-06,1.9244929637138022e-05,1.3271655536779506e-05,1.5803148305806765,-0.0034990705127287552,1.5109628002839137
7.652477873849194e-06,4.6861246574457077e-07,0.6115858500074967,4.0166788665026965e-08,8.684526381046583e-08,6.999664738648575e-06,1.3499687130590885e-06,1.4005436418073914e-07,2.0258468509149265e-06,1.0911269451207296e-05,7.652477873849194e-06,1.6080960646986366,-0.0036032575794114046,1.5374337600834167
0.00013325306264873874,1.9284074489927675e-06,0.6965560454721774,5.6935491668206145e-06,2.930931144629863e-05,2.3219312251344494e-06,9.758432140837933e-05,0.00011835678509468733,1.7492236611069153e-06,0.00020087076819670486,0.00013325306264873874,1.6819761639964805,-0.0037733327342815773,1.6217395029676376
8.54390705727839e-05,1.704176619736402e-06,0.6980109910953847,9.968955974006305e-08,3.0590995543578344e-05,1.624390279041898e-05,4.749220661100196e-05,6.660417096673807e-07,2.433890500024809e-07,5.727473535325849e-05,8.54390705727839e-05,1.686119989074346,-0.0038281119947190514,1.62306620060424
5.692644851100171e-06,2.924046830211194e-06,0.7222111502169062,5.403000565891377e-06,3.0590995543578344e-05,1.624390279041898e-05,5.13913894144775e-05,1.3470214012834492e-06,3.199444082888971e-08,2.8452541775994667e-05,5.692644851100171e-06,1.7192162873028758,-0.003992544545254775,1.647512373265101
8.035694069568447e-07,6.193128663475145e-08,0.7493519660252387,1.5665245962358021e-06,8.80181024975906e-07,1.843007814875129e-07,1.9319719241173896e-06,4.419078924247905e-08,6.259047857328569e-09,1.105474870754516e-05,8.035694069568447e-07,1.748182057755926,-0.00408923685711145,1.6744746156278663
5.875180011097212e-05,5.789844083415324e-06,0.009454007962953554,6.412915483260509e-05,1.4808729442766406e-05,0.2459491256147156,0.5502763349434086,0.0032922495003586184,0.0013316249855982757,0.0028192146588966395,5.875180011097212e-05,1.8028859874143244,-0.0046536582782835114,1.7981145464419177
3.437191843665502e-06,9.401414530584162e-06,0.003919615638267598,6.336152372616701e-07,7.723899008883786e-06,0.4970060636579081,0.3144021643319425,8.628395157545743e-06,6.107301389819751e-07,5.8182611949655635e-05,3.437191843665502e-06,1.8129150405391925,-0.004369068097252835,1.7641638590071353
3.3520094442933955e-06,2.924046830211194e-06,0.8228263251528192,3.599840683358544e-07,9.295681811813796e-07,2.7830576628738424e-06,5.91453697559379e-07,1.0758167053748902e-08,8.105780186334004e-07,7.996422793687294e-06,3.3520094442933955e-06,1.8203708519698076,-0.004325918516342214,1.7478855430385762
2.1191115838550285e-06,0.00012519208062658008,1.3890803867969044e-05,8.283440040784619e-07,7.959565238210922e-07,0.5278603072623738,0.3130532654702705,5.775547485417165e-06,0.0008779733363131053,0.006192231763581427,2.1191115838550285e-06,1.8461512723782108,-0.004546146927610445,1.795131587208259
1.1011408933690583e-06,6.29225196908982e-07,1.174753414123106e-05,1.6660119477804522e-06,1.760063073192149e-06,0.5275644050796094,0.3055005721346025,1.0578773925661134e-06,7.399162292814543e-08,2.6054320290977147e-06,1.1011408933690583e-06,1.8316637836226086,-0.004470293670821871,1.7796508757634508
3.674147543771891e-05,9.580040937285674e-06,0.00027919076576143025,6.0695856027655526e-05,8.400287373897154e-06,0.5310307228564213,0.3687255941720066,0.003133228520261632,2.0044834102478537e-05,0.0003868270333336461,3.674147543771891e-05,1.8952910871826751,-0.005071046587503256,1.853866699594881
3.674147543771891e-05,9.580040937285674e-06,0.0002892508118836542,2.9443046493842653e-05,8.403467693436153e-06,0.5310307228564213,0.40616454125212953,6.451144399010187e-05,8.695793713258952e-07,0.000406718360667711,3.674147543771891e-05,1.929565727765999,-0.005463520518845179,1.8904954479586298
1.7455128955473583e-06,2.7872070268769426e-06,0.00032382309973489915,1.2058376759033934e-07,2.1805366525362321e-07,0.5975362863141386,0.33944852385623864,3.9071055638049754e-06,8.355350552474525e-08,0.00046021092094922217,1.7455128955473583e-06,1.9359368269506572,-0.0052752479213022865,1.8822847591129972
1.1534425948437867e-05,3.3190338216953942e-06,0.00021216751578099919,1.112690663573789e-06,3.164922897015819e-05,0.33261207267400533,0.6571478736811163,4.1810197976866584e-05,6.148039006860081e-06,7.654948197865389e-06,1.1534425948437867e-05,1.9852727492929143,-0.00643645737753079,1.9747652243390028
1.1534425948437867e-05,6.09628877827017e-06,2.428622818952774e-06,1.112690663573789e-06,3.164922897015819e-05,0.33261207267400533,0.629080679564673,5.975866967060641e-06,4.2513541365176045e-07,1.701366599470167e-06,1.1534425948437867e-05,1.9569852969532713,-0.006158576616893885,1.9445496802342317
1.2571992553324985e-05,6.091634848739517e-06,2.015180686614508e-05,6.670184065476232e-09,4.644070214161633e-07,0.33261207267400533,0.629080679564673,5.975866967060641e-06,3.3905813444488603e-07,3.1280233771185244e-06,1.2571992553324985e-05,1.9567627400307168,-0.006157792004874739,1.944537402546426
1.1480149105754465e-05,4.1286351185717086e-06,2.791195633308159e-05,9.060510212065123e-06,1.9167632658834503e-06,0.3383836475040774,0.7401263866623917,1.2063889102591656e-05,0.00012568405408066842,4.807526373298143e-05,1.1480149105754465e-05,2.0738537721442483,-0.0073316724792250685,2.068452859331112
1.1507344854205449e-05,3.441257389267327e-06,0.0020074457493307425,4.626897002049721e-07,8.793589006334454e-09,0.33239248694198253,0.7025093297712848,4.1810197976866584e-05,3.696966435378796e-06,0.0005668009528908938,1.1507344854205449e-05,2.0326833238451183,-0.006891993604608509,2.02520244329221
2.770660543334803e-05,9.95246337815796e-06,9.743544406246383e-06,2.5455256165765344e-06,3.0175926544150907e-05,0.44204297823452077,0.6826971591207254,0.00036059761471181486,4.866866908264124e-07,0.00010050688309602764,2.770660543334803e-05,2.117580582416269,-0.007660668965301292,2.1016644165074068
3.518011645555385e-06,6.010527261392914e-06,2.1431162174033187e-05,4.491843988039768e-06,9.656245590763741e-08,0.4366771685379208,0.710224349539089,1.0534173473191632e-06,3.892618208529088e-07,0.0004667003099163588,3.518011645555385e-06,2.14465313078294,-0.00793554422156977,2.126109981394676
3.6334395763235753e-06,0.00017318411800538213,0.0018880116087660408,4.480639198629215e-05,7.726278747251649e-06,0.4467112177221986,0.7074250357731148,1.3592949489214169e-05,1.5364623528175435e-06,5.525072825163695e-05,3.6334395763235753e-06,2.1535212800865158,-0.007997559552022873,2.1338437457743002
2.824579388313818e-05,1.356158639328462e-06,2.1626198628954397e-06,2.4230611718887294e-06,9.968546055071023e-08,0.4590131281531062,0.7050111239118219,4.6285197996662846e-07,4.978240982214364e-07,2.680805853600134e-06,2.824579388313818e-05,2.1562156963645775,-0.008056815269006848,2.1403923388156505
2.824579388313818e-05,8.328039608725326e-07,1.6465368795306968e-07,2.4230611718887294e-06,1.0014482793402251e-07,0.508471386858785,0.6903775312946947,4.6285197996662846e-07,4.978240982214364e-07,2.680805853600134e-06,2.824579388313818e-05,2.1909751897641767,-0.008340359352111354,2.1702966412999465
2.829606755407288e-05,0.00027752333018571195,5.668766225073948e-06,5.254601114883037e-06,0.00037142278512762475,0.4269045888264681,0.7947159763121108,2.548506320234087e-05,3.866242395286712e-05,0.0003531604026461228,2.829606755407288e-05,2.2147671936350486,-0.008735766019921926,2.207303267415824
5.821867931926178e-05,9.101839191023468e-05,5.668766225073948e-06,2.310728393596467e-06,0.0003152671157565715,0.516218775480882,0.7338340725872051,0.00015343913002359262,1.1998940626675744e-05,2.157031448296382e-05,5.821867931926178e-05,2.239207283003095,-0.008861647769844319,2.223864449636013
2.2091201764898884e-06,5.647802757293902e-06,1.3814293277269676e-05,9.228427169188239e-07,1.2116207824129683e-06,0.4005188155354032,0.8548783099968664,6.19460598235686e-07,1.1431734397972656e-05,0.006469368724465009,2.2091201764898884e-06,2.2596647876230476,-0.00915899520589709,2.2530205309800593
5.875180011097212e-05,9.580040937285674e-06,9.705367559449196e-07,6.0695856027655526e-05,8.400287373897154e-06,0.5163599904645082,0.7931477192221041,0.0007977907768699946,2.0044834102478537e-05,0.0003868270333336461,5.875180011097212e-05,2.299140272796564,-0.009533323138764075,2.2875914048674284
6.422012521514346e-06,5.626459506750338e-06,2.1477878405574384e-05,4.491843988039768e-06,9.656245590763741e-08,0.5885536359883191,0.7178367682744401,1.7387997991981705e-07,3.892618208529088e-07,0.0004667003099163588,6.422012521514346e-06,2.3030403511890833,-0.009389126609330691,2.274069218614866
6.422012521514346e-06,5.626459506750338e-06,2.1477878405574384e-05,4.491843988039768e-06,9.656245590763741e-08,0.5676116006686883,0.7173117956140812,4.9691365109140715e-06,8.202854982050852e-07,0.0004667003099163588,6.422012521514346e-06,2.2815965156523137,-0.009196087561859105,2.2540770881916927
5.875180011097212e-05,6.036848775319447e-06,0.00021233086273020774,4.348978623152742e-05,8.400287373897154e-06,0.5478234638682428,0.8361947257553839,0.00014987951739885096,1.9301645636628135e-05,0.00035407500966513797,5.875180011097212e-05,2.372974812920833,-0.010327452771220758,2.361672150234454
2.5428027111079716e-05,2.7035654535723666e-06,5.692003195633288e-07,1.6976389535200115e-06,9.439927324633478e-06,0.5155412207466218,0.8419700258136544,3.5519253108726874e-06,1.3575375142966382e-07,1.8139402347249427e-05,2.5428027111079716e-05,2.34980488871516,-0.010124473446006421,2.3374989306876333
9.277167690823354e-06,1.1601126346094794e-06,4.9965167426620724e-05,1.7370960879307945e-06,1.0709180975533821e-05,0.5767936659057432,0.8616280048822735,1.94721602759645e-06,1.6211854775728945e-06,3.8019338328560122e-06,9.277167690823354e-06,2.4337363215959606,-0.010951845621694004,2.4149094435172325
2.824579388313818e-05,9.4737548993283e-06,9.062615074867851e-06,2.6050136913274124e-06,9.968546055071023e-08,0.44504566217542235,0.979686270062909,4.6285197996662846e-07,4.978240982214364e-07,2.680805853600134e-06,2.824579388313818e-05,2.416480995723745,-0.011001640621166367,2.419190180280236
3.858599677953456e-05,0.0008264922248659381,0.003919615638267598,6.336152372616701e-07,2.6458624081816884e-05,0.5012907746261671,0.9944959336157665,8.061034093419116e-06,4.0346916159925307e-07,1.826918984765365e-05,3.858599677953456e-05,2.490763830417764,-0.011726572907152804,2.4904627840764664
6.060888761687951e-06,2.6647766953271213e-06,4.1230530218491015e-06,7.670970211119443e-07,2.150097767071658e-06,0.5558512092621303,0.9692820640736299,7.420457192908209e-05,9.472023133243814e-07,7.891878887990673e-06,6.060888761687951e-06,2.5213138469128227,-0.012017630640191746,2.509636344229022
2.865412868462202e-06,1.8698426315959348e-07,7.204676023931335e-06,2.465047185129133e-07,2.2807243065668183e-07,0.5947388954194348,0.886057223496399,6.007025940947659e-05,2.2641594052033263e-06,1.1113128390792693e-05,2.865412868462202e-06,2.4782112110066294,-0.011415269484951127,2.4574481069093337
6.060888761687951e-06,2.6647766953271213e-06,4.1230530218491015e-06,3.2766050243918524e-06,9.327626943682142e-06,0.5558512092621303,0.9990451249051439,7.420457192908209e-05,9.290715081120203e-07,0.0008622071999426187,6.060888761687951e-06,2.551917239188559,-0.012367045759086448,2.542027707970803
3.518011645555385e-06,6.010527261392914e-06,0.00033238303881406395,4.491843988039768e-06,2.2807243065668183e-07,0.6432926929979129,0.9438213456346275,7.061423817742452e-06,3.892618208529088e-07,0.0004667003099163588,3.518011645555385e-06,2.584913957843266,-0.012558057619291942,2.5644696288479336
3.518011645555385e-06,6.111204632286014e-06,0.00032382309973489915,1.454524029160321e-07,2.2807243065668183e-07,0.6432926929979129,0.9201713482370503,1.2617978169221138e-06,8.355350552474525e-08,0.00046021092094922217,3.518011645555385e-06,2.5612523937021714,-0.012275802482800635,2.5394107867049045
5.534272162876719e-06,9.284421927569856e-06,0.0014878659749366398,4.800871309027087e-06,9.327626943682142e-06,0.7203843905993618,0.9180360223933989,0.0003629751428346566,3.948540693590282e-07,0.00011106855634061073,5.534272162876719e-06,2.6365834708765794,-0.012952506766691907,2.6105948465161406
1.1002278773356335e-05,1.768442630505865e-06,5.1241498227375236e-05,5.7481522282749236e-05,9.523509185397988e-06,0.7711034831071449,0.9389673157875547,0.0001529572119724159,3.155446997061821e-05,0.0006502170075834349,1.1002278773356335e-05,2.705564090480328,-0.013657755853765498,2.679772908672395
4.999161665181933e-06,5.478300307482673e-06,0.00048449441804462797,8.404191821084394e-05,9.523509185397988e-06,0.7185192188558353,0.9864095905913111,2.2294845219306234e-05,3.081933726755194e-05,1.1394781756351436e-05,4.999161665181933e-06,2.7018991376848605,-0.013764300526974223,2.6799438081373164
5.564138238016634e-06,1.341243207583012e-06,0.0007971155068433629,2.5972580900558846e-06,2.8438128369163653e-06,0.6921352468046473,0.9824966728638478,0.0003629751428346566,9.611104694503703e-07,0.0004661354901335536,5.564138238016634e-06,2.6724069886939774,-0.01347237124335783,2.6519108037754364
4.669286179500108e-06,2.4564363656577796e-07,0.0007971155068433629,3.715575998931192e-06,1.8929554380798233e-07,0.7453002252542753,0.9884477383524721,0.0003629751428346566,4.7352907243685345e-08,0.0004524522884050605,4.669286179500108e-06,2.731790882843475,-0.014030983114878132,2.7083252405314737
4.7188102575547344e-06,2.4564363656577796e-07,0.0008292082828101489,2.668211976479483e-07,1.8929554380798233e-07,0.7430239156725735,0.9824966728638478,5.34838744424185e-06,4.7352907243685345e-08,0.0004524522884050605,4.7188102575547344e-06,2.723221245941203,-0.01394066257821788,2.6995464361577395
1.0308352906716171e-05,7.388873039958878e-06,2.9512597958096676e-07,7.665600638690037e-06,4.986834948410409e-05,0.8905748172221573,0.9460472516318343,4.847054119788265e-06,5.394009956298029e-07,0.0004565547366306824,1.0308352906716171e-05,2.831741239876255,-0.014773357484756765,2.801209838944112
3.656651620668891e-06,1.3303625582022348e-06,3.930431434153436e-05,2.656690113236169e-06,2.074151290349867e-06,0.838359855573554,0.9702463542665895,0.0003629751428346566,9.508246210997558e-07,0.0004661279678269304,3.656651620668891e-06,2.806276431085662,-0.014632219478910441,2.7769994104287816
6.3704322199925855e-06,1.3298433297330222e-06,0.0007879989756439394,2.1656491317996077e-06,2.074151290349867e-06,0.838359855573554,0.9638906234870838,0.00035384777672225044,9.178667228770805e-07,0.0001471267732596425,6.3704322199925855e-06,2.7993198545099305,-0.014549410696235174,2.770641418667518
6.060888761687951e-06,9.691703767690664e-06,4.1230530218491015e-06,7.33015540931496e-08,9.327626943682142e-06,0.8863735071414518,0.9951245596024958,0.0001542732778238754,9.290715081120203e-07,0.0008622071999426187,6.060888761687951e-06,2.8783588897866177,-0.015341218394454105,2.8496266593385173
5.564138238016634e-06,9.531806472440019e-07,0.0007971155068433629,4.010468686669348e-06,2.2136232226454218e-06,0.8872153583500647,0.9702463542665895,0.00038203923626485575,3.687907844745141e-08,0.00046641122308372545,5.564138238016634e-06,2.8551259455959994,-0.01504125378315766,2.8246775402777904
4.825056870352974e-06,9.531806472440019e-07,0.007066559436041789,4.010468686669348e-06,2.2136232226454218e-06,0.8918979848159416,0.9702463542665895,0.00038203923626485575,3.687907844745141e-08,0.00044720070448946115,4.825056870352974e-06,2.866326043473447,-0.015061047669646306,2.834978503462485
1.0308352906716171e-05,7.168199094726931e-06,2.9512597958096676e-07,2.1062610105733552e-07,4.73075586916351e-05,0.964453986158937,0.9460472516318343,4.847054119788265e-06,5.394009956298029e-07,0.00556893690232023,1.0308352906716171e-05,2.9106477967442297,-0.015387660082698243,2.8775614150132913
1.0308352906716171e-05,6.795043781740864e-06,2.9512597958096676e-07,2.1062610105733552e-07,4.73075586916351e-05,0.9735013541026659,0.9426480600257978,5.006200860323415e-06,5.251659926451315e-07,1.4719267436093396e-05,1.0308352906716171e-05,2.9107414390907818,-0.015406227138250414,2.8776211980086117
1.0308352906716171e-05,0.00013157447096096144,8.28563260471592e-06,4.286131872984985e-06,2.2225392007917485e-05,0.9985415496724588,0.9969897708624014,1.3091693318657493e-06,0.008269953598764545,0.005365465452859572,1.0308352906716171e-05,3.00376474523837,-0.016293457594194087,2.974003300073936
1.0308352906716171e-05,0.00013157447096096144,8.28563260471592e-06,4.286131872984985e-06,2.2225392007917485e-05,0.9992121066657642,0.9969897708624014,1.3091693318657493e-06,0.008269953598764545,0.005365465452859572,1.0308352906716171e-05,3.0044346817329086,-0.016298718252999018,2.974659061769874
1.0308352906716171e-05,0.00013157447096096144,0.0002507380265495619,4.286131872984985e-06,2.2225392007917485e-05,0.9992121066657642,0.9969897708624014,2.013052323689282e-07,0.07172982997734556,0.005387645643453402,1.0308352906716171e-05,3.068099428585537,-0.01642632706416171,3.0464639417658015
1.0308352906716171e-05,0.00013157447096096144,0.0002507380265495619,4.286131872984985e-06,2.2225392007917485e-05,0.9992121066657642,0.9969897708624014,2.013052323689282e-07,0.08026092453295157,0.005387645643453402,1.0308352906716171e-05,3.0766227170139384,-0.016444059131391485,3.0560783648625938
0.036324620144976366,0.00027576894179502594,0.00021366827228538437,4.587733167167289e-05,0.00015335018768784518,1.791639314979992e-06,0.0005474419963939238,9.229473447684781e-05,1.0758757047386952e-06,3.415246413308243e-05,0.036324620144976366,0.8106451588591015,0.035253580461403485,0.8293860984481227
0.03348805449827453,2.748331287050274e-06,4.779016788363661e-06,6.729363039042283e-07,9.926795707767001e-06,1.1520122565529964e-05,9.414126351287186e-05,0.0003604899086750368,1.4143818098811588e-06,6.381520074627451e-05,0.03348805449827453,0.8175018189506817,0.03240650516776617,0.8366991421756399
0.03373687981854631,7.431435382315797e-05,1.0128273828600011e-05,2.244373251877971e-06,1.0526665481255928e-06,3.9492880447502456e-05,1.998601536369127e-05,4.9844978659101836e-05,1.2616847560919748e-06,2.075903076583296e-07,0.03373687981854631,0.8165042822364817,0.032653893404735464,0.8356128752127618
0.023050118841828147,2.748331287050274e-06,4.779016788363661e-06,6.729363039042283e-07,9.926795707767001e-06,1.1520122565529964e-05,9.414126351287186e-05,0.0003604899086750368,1.4143818098811588e-06,6.381520074627451e-05,0.023050118841828147,0.8486851439164845,0.02193486852104086,0.8678133432280261
0.021931562410534823,1.161734180957985e-06,1.8421358892052392e-06,5.63144783859965e-05,2.720734578785359e-06,4.323682781674285e-06,7.695584764874843e-06,1.3688058319702212e-06,3.667504742280107e-07,3.0313628694170365e-05,0.021931562410534823,0.85200516387021,0.020810898822419068,0.8708144813571638
0.02893588170725103,5.7293649177375915e-06,1.4370526575777619e-06,2.6607455142425898e-08,9.233012231452641e-06,1.2092716586327355e-05,6.38003915855544e-07,9.402423309380056e-05,3.3655752286552736e-08,6.569858993358564e-07,0.02893588170725103,0.8300078346396492,0.027836896058557912,0.8495535343864705
0.05986332350594544,2.3357293186017506e-06,1.056930520673832e-05,5.9960444044050257e-05,0.00044919422478371766,2.7248346270428756e-06,1.005760700297605e-06,1.4048556671686476e-05,3.215813965084497e-06,0.0004640256488390046,0.05986332350594544,0.7562140847467395,0.05888175981917385,0.7676072622922429
0.059897782651750504,8.938156367278886e-09,2.3022247405500167e-06,5.9661018809751475e-09,3.3669396456669915e-06,1.012346069648785e-06,4.230529599459008e-06,1.23032512728896e-06,1.9605785076066276e-08,4.197742890204359e-06,0.059897782651750504,0.7552741358135578,0.05891121199343434,0.7666838484910882
0.04074404904143883,7.194415725795213e-06,0.0021057696882511427,1.2991640855689193e-07,3.099125780229613e-06,2.3540438267805783e-06,7.808384144692732e-06,1.0829967890582089e-05,3.888726280064488e-08,9.889829916153523e-05,0.04074404904143883,0.8001590143377451,0.03967959277179555,0.8177832258581258
0.05517559630442427,8.832559116460467e-07,9.265913040436705e-06,5.431629381691305e-09,2.2542735084556925e-06,2.7882882546104147e-06,7.740677629303778e-06,2.1447492825917536e-05,6.917199691981894e-06,6.0602486559933945e-05,0.05517559630442427,0.7652039001946526,0.05417093396861242,0.7782959726876474
0.06213754457884683,2.4722126740711474e-05,0.0001765776488870377,0.00022713778295797065,4.3414567109263726e-06,6.5637723518967545e-06,0.00013745714924581596,0.00019364748901481735,2.301645962011658e-06,0.00023240405105472077,0.06213754457884683,0.7516058701932606,0.06116490540280211,0.7622717400446759
0.07355002182915252,1.6350889195355412e-06,3.6570005695328237e-06,7.099887180359656e-06,1.019622112771575e-07,1.591793650177922e-05,1.1843956754927529e-06,3.0248267974018825e-05,4.248701451357754e-09,1.455155781076724e-05,0.07355002182915252,0.7288632391146844,0.07261814125314386,0.735416230026157
0.09573301893904546,1.70328508539537e-05,2.1660200847643014e-05,5.823359631412549e-05,0.00025427487787382536,8.384054011402598e-05,7.383728024691811e-05,1.9805843834980665e-05,1.884660687976328e-06,0.0004560642126690215,0.09573301893904546,0.6914265067916525,0.0948918267258287,0.6909482637042995
0.09803934156507156,1.721580655429983e-06,3.5601756233251683e-06,4.330350527212769e-06,6.694233288026575e-06,0.00019430834386368107,1.4098752464717186e-06,1.730304679165415e-06,6.90278007385512e-07,1.5480821579983662e-05,0.09803934156507156,0.687081585148548,0.09720520132823705,0.685990356259018
0.08975384584008464,6.850426973288149e-05,9.389974743935504e-06,8.236326426760095e-06,0.00038452519722637475,3.39186806357754e-05,0.00010172354221541502,0.0031622549077952363,1.0913593415809442e-05,0.00021234546977718836,0.08975384584008464,0.7038049929383123,0.08891726910966405,0.7054594827418776
0.08994070072667774,3.4781776642977344e-05,2.0084124256228106e-05,6.97102827900551e-06,2.5340943398892742e-05,6.8783555635171195e-06,3.8358060200039446e-05,2.5949527240150198e-06,5.598424675875204e-07,1.452449783394138e-05,0.08994070072667774,0.7002264362140949,0.08907407564374434,0.7014361045928073
0.0854214929853894,3.824201349367097e-08,0.00043142085370009224,8.025321415043725e-07,4.5997473395543366e-07,1.1337552001078064e-09,1.072919379793114e-07,1.0843019623104357e-08,2.6581851259924133e-07,1.1679667136293247e-05,0.0854214929853894,0.7081102394760532,0.08453578750153835,0.7107019885463411
0.11791340183627243,2.286198915299958e-06,1.8421358892052392e-06,5.923939570670646e-05,2.7252961722224864e-06,2.8371242066321117e-06,1.9867923326836457e-06,1.3688058319702212e-06,3.667504742280107e-07,0.0005466257488286539,0.11791340183627243,0.6571277600980262,0.11715070001499264,0.6513538678693236
0.1113053108403388,2.7746296791395638e-06,5.668965559096535e-05,8.358393911570892e-07,5.996240136145365e-06,0.00018355592033842414,5.191570991424362e-05,1.3041992637126909e-06,1.766526271455461e-07,2.338880338075924e-06,0.1113053108403388,0.666630110088732,0.11052073131508156,0.6622800700701731
0.10847895755312172,5.434051314213604e-06,0.00022028423607084856,8.114360306685557e-06,6.540715402233904e-06,2.692071415573594e-05,1.7523129650520464e-06,1.2093711377785381e-07,5.197591182610554e-07,1.1242515310029702e-05,0.10847895755312172,0.6708732300811382,0.10768262273749289,0.6671350320919088
0.13671628153216298,5.574055510434513e-06,4.2546531440848246e-05,7.087298346646414e-06,1.7143351851882748e-06,6.383105267119447e-05,7.138271069030564e-07,0.0003854240123924751,4.188892094849168e-07,3.1384830274361314e-06,0.13671628153216298,0.6306644424892452,0.1360192880205671,0.6219348433479874
0.13608255560488758,2.1616851876787428e-07,1.5106658324442302e-05,1.60953158081485e-07,7.311158122217325e-08,1.8295750523309503e-05,2.5638526957931196e-05,2.100011174000096e-06,2.5050904306765136e-07,7.011588307802973e-06,0.13608255560488758,0.6311624622583171,0.1353798030573314,0.6224683973761989
0.13820903430995318,4.794818819883412e-07,2.3022247405500167e-06,1.7913950003646753e-08,3.284574461085505e-06,3.500375934374352e-06,2.473162484806235e-06,1.23032512728896e-06,1.9605785076066276e-08,4.197742890204359e-06,0.13820903430995318,0.628249494793936,0.13751259174051025,0.6192822119822754
0.12074708443142065,2.9775055883170845e-06,0.0004321576432157923,4.046691993744075e-06,5.645788119077778e-07,6.3331050131273995e-06,5.605102999441818e-05,1.659158835097507e-05,7.723311894180741e-07,1.1171018545436253e-05,0.12074708443142065,0.6529516662098452,0.1199941280127215,0.6466624814160536
0.12243230034431349,2.9775055883170845e-06,0.00040353841420834845,6.599932091950763e-07,5.645788119077778e-07,6.3331050131273995e-06,5.605102999441818e-05,6.518261760290843e-08,7.723311894180741e-07,1.0669767038904105e-05,0.12243230034431349,0.6504941069204384,0.12168494323497869,0.6438968032565777
0.12092277926229902,5.574055510434513e-06,4.2546531440848246e-05,3.291079649829258e-05,1.3846099533221779e-05,1.2012752713656834e-05,5.677070352120919e-06,0.0003854240123924751,4.188892094849168e-07,3.1384830274361314e-06,0.12092277926229902,0.6526748275723728,0.12017467831500467,0.6463998878268838
0.15113470620500416,1.013445104285375e-05,0.00028891683612284415,2.8121343228589566e-05,2.281559657927315e-05,0.00025253600612876377,7.720877910575826e-05,9.571208209051664e-06,2.773770535928529e-06,0.0008973112235435097,0.15113470620500416,0.6125200919460246,0.15047426638151218,0.6022102629668987
0.14271821399762893,2.0873477148863733e-07,0.0007206738290292364,4.1146141364989735e-06,1.0829808584892721e-05,8.123470291146836e-05,7.080257922606927e-06,3.279445940868922e-06,2.149326280317455e-06,5.779419558826457e-05,0.14271821399762893,0.622939144740119,0.14203485328116439,0.6134418112769736
0.14979214783682457,1.9402654479881194e-06,8.900174037506499e-06,2.8547747809218086e-05,2.452718501652023e-06,9.331702445406048e-07,7.13066768624129e-06,1.3343484604309017e-06,4.5188490707854024e-08,6.035061138917628e-05,0.14979214783682457,0.6130601268636388,0.1491286619717191,0.6028862005157395
0.17920880521524118,0.0002806111274821745,1.7038392053522854e-05,1.2505978554231166e-05,0.0004325566375443548,0.0006279478210522456,1.4964000031862865e-05,0.00010690289619758512,9.011947225335073e-06,7.550299815164362e-05,0.17920880521524118,0.577912758442134,0.17862008034811938,0.5664643862132014
0.17308837374942734,2.2709092248270575e-06,4.482231777512889e-06,5.243970929835147e-07,2.664125473770798e-05,2.6505333063070167e-05,3.4787160126267874e-05,1.3351262396211457e-05,3.005173008321174e-06,6.045541790291712e-06,0.17308837374942734,0.5840542391987738,0.17247861180283505,0.5726500681516831
0.17260128149318646,7.496373751169229e-07,1.7745726977171146e-08,1.7349555788404614e-06,4.3437958299356046e-07,6.605413048332979e-07,2.4787036200290283e-07,8.406201992593443e-07,1.0289102856201379e-07,3.3778406848027735e-05,0.17260128149318646,0.5845774518818627,0.1719899078605275,0.5731748171003603
0.1988275002750344,4.124640662365228e-06,6.749117723872055e-06,5.68093011463251e-06,2.3355441541664034e-07,3.405211680661857e-05,1.0642801429582124e-05,1.0678234450710983e-05,3.825319468762763e-07,0.00047877814381199407,0.1988275002750344,0.5545276475154818,0.1982531313405989,0.543159200264524
0.19813035172045224,5.407789136246505e-06,1.415763855684984e-06,5.952923849473331e-06,5.353362086210685e-06,0.0005280711310434766,5.5909391161992475e-05,2.5949527240150198e-06,5.225074133869688e-07,1.452449783394138e-05,0.19813035172045224,0.5553634851364673,0.19756202987764163,0.544075693941658
0.180323886865773,5.574055510434513e-06,4.2546531440848246e-05,3.972701962151029e-06,1.7143351851882748e-06,1.5895136871609136e-07,9.587629670377432e-07,0.00037619424978189444,4.188892094849168e-07,3.1384830274361314e-06,0.180323886865773,0.5756967936667531,0.17972956641622725,0.5642105667739339
0.180323886865773,5.574055510434513e-06,4.2546531440848246e-05,3.972701962151029e-06,1.7143351851882748e-06,1.5895136871609136e-07,9.587629670377432e-07,0.00037619424978189444,4.188892094849168e-07,0.00038309568579314885,0.180323886865773,0.5759961024765018,0.17972793430582243,0.5644806248419441
0.2011843921940227,4.124640662365228e-06,6.749117723872055e-06,5.68093011463251e-06,2.3355441541664034e-07,3.087574381853244e-05,1.0642801429582124e-05,1.0678234450710983e-05,3.817054713245063e-07,0.00047877814381199407,0.2011843921940227,0.5518893988444641,0.20061227929570052,0.540586477966834
0.20589945681629082,8.393902947145201e-06,2.4801672832697287e-06,5.881353949872641e-06,2.5913806487596018e-06,1.613962450127936e-05,2.918039389513982e-06,5.084236831754188e-06,7.381664766053678e-08,2.1002156365398358e-05,0.20589945681629082,0.5462884627863024,0.2053334874055449,0.5351772864964619
0.2106657093235354,2.0272918019601545e-06,0.00033567408741274983,2.489553296764515e-06,1.004982059227877e-07,3.156254409516898e-05,2.6156793828426175e-05,5.840359690402011e-06,0.0030390044388902576,6.271723508594418e-05,0.2106657093235354,0.5437184336775613,0.21013996365029172,0.5331503689926785
0.22994363190047742,0.00011987102360990119,0.00021862365183085666,4.739712041712225e-05,1.5863789686239367e-05,0.00026697884330540784,1.4611135675468735e-05,1.1286136268405454e-05,3.8094683884765705e-07,0.000593109344675113,0.22994363190047742,0.5214549975107649,0.2293863062580862,0.5115315368807576
0.22135205079502138,3.040673846625296e-06,8.30296510428722e-06,5.102687316795258e-07,9.047684280618018e-08,2.061463930429595e-06,1.409566907554662e-08,5.592465541634363e-06,3.8099353800852374e-07,0.0005879528560359628,0.22135205079502138,0.5299842951894315,0.2207907616442901,0.5195375388916227
0.22592048951995577,1.094953237363583e-07,4.992071661292647e-07,5.37346308836009e-09,4.119034105148541e-08,3.5215083686497133e-08,9.673348821242122e-07,1.2463368263903513e-08,3.197202156574253e-08,1.346994875849156e-07,0.22592048951995577,0.5246904605620843,0.225363105017616,0.5145552391468969
0.2489826632438619,0.0001323713790143154,0.0006363938989716372,5.606440113787526e-05,0.00014730611313605374,3.9881070651696245e-05,2.7044039921978098e-05,0.00048142666867103973,1.2049958077727873e-05,0.0005837390511970551,0.2489826632438619,0.5026069379062107,0.2484201304828061,0.49399772032634803
0.2585988679044245,1.5898338316040465e-06,1.8403239129970543e-07,1.2578373201427914e-07,6.6411064763116395e-06,3.297805800364152e-05,1.2474646304957048e-06,5.748514784538499e-07,4.4136191916924306e-07,3.8108800498801195e-06,0.2585988679044245,0.49150931998822167,0.25802849380852827,0.4836739160940355
0.25689257724140063,1.5898338316040465e-06,1.8403239129970543e-07,1.2578373201427914e-07,2.8050512228782837e-06,3.431774198694275e-05,1.2474646304957048e-06,5.748514784538499e-07,4.4136191916924306e-07,3.8108800498801195e-06,0.25689257724140063,0.49318795507042634,0.25632367077611445,0.48522006573683224
0.2411581359927344,2.2634646189904477e-06,0.0002157553755675258,4.33587703059548e-07,3.2609352874592474e-05,2.3469499155452078e-05,3.966944876210443e-05,8.557950486863635e-05,1.955375507324217e-05,9.687613192439881e-05,0.2411581359927344,0.5093109330080293,0.24059889606043836,0.5001684191798405
0.24337594429813159,9.23948386966665e-06,4.728657721311844e-06,2.21385375959342e-07,3.898806010699478e-08,2.722320783384391e-06,2.516338419746261e-05,0.00017001585808377074,2.8217782443770803e-08,6.253974482587095e-05,0.24337594429813159,0.5068754690251048,0.24281628216456985,0.49790271053793395
0.24448487082003917,0.0007679428885567997,5.193194774913495e-07,1.7329118117492086e-08,3.7475381644528174e-07,2.7644991017650796e-07,1.3920323716612839e-06,4.800656506530274e-08,2.417651523393534e-08,4.7845446178232e-06,0.24448487082003917,0.5061296078853763,0.24392627954362234,0.49719111798157717
0.2781871924088336,3.733088347440874e-05,4.1096491574456375e-06,7.639581198675758e-05,2.5312429723222773e-05,0.000285202055820254,5.2882501364540195e-05,0.0002606359952892293,7.721566384302673e-06,0.0007671879356210704,0.2781871924088336,0.4736823911154699,0.27759410179411875,0.4673865152038039
0.2714992072579894,1.5127945751555416e-06,4.689289171686083e-05,6.015577245943416e-06,9.825408834723395e-06,0.0005173898911125386,1.635898085729187e-05,2.5949527240150198e-06,5.225074133869688e-07,1.452449783394138e-05,0.2714992072579894,0.47939941331908115,0.2709192246182524,0.4726349180093081
0.2801945524034948,2.3592595438234912e-07,0.00042905002024819846,5.520402508299071e-07,7.26634649366858e-08,1.6212488044842098e-06,1.7602036041647958e-06,6.523894614880376e-07,2.468346603530512e-08,1.1065356433174208e-05,0.2801945524034948,0.47099319663242695,0.27959796199013653,0.4648610439118599
0.2827232599868812,2.368043621365931e-07,3.078959921306389e-05,5.486577796138062e-07,7.26634649366858e-08,1.6212488044842098e-06,1.7602036041647958e-06,6.523894614880376e-07,2.468346603530512e-08,1.118245762779977e-05,0.2827232599868812,0.4683171485998956,0.2821236736917558,0.462406317416718
0.29667244296622713,1.4456463656292904e-07,1.1943804151132042e-06,2.830959123657219e-07,7.176367582742577e-07,2.3059515122397966e-06,7.341001883902021e-07,1.0293834534023786e-07,1.3630781600978933e-08,1.7425152767546432e-06,0.29667244296622713,0.45532881026831384,0.2960504098572143,0.4505380991133164
0.3191372705314041,5.285418914634848e-06,3.7028267903036278e-06,9.577387393650822e-06,2.6456821239850235e-05,7.161370684848482e-07,4.881370770258255e-05,9.662832139851423e-05,4.536620454816671e-07,0.0014213995284379367,0.3191372705314041,0.4362352399959895,0.318463032462763,0.4330479201735233
0.31966425642428375,3.505110853063955e-08,2.488685964935764e-07,1.330621314392977e-06,3.383468243529319e-06,3.3240671176771483e-06,4.230529599459008e-06,5.117427650652025e-07,4.005542668067357e-08,6.278659141349412e-07,0.31966425642428375,0.4346212613791217,0.3189980256191346,0.43158991286023834
0.30374298219557794,2.59684296619381e-06,4.436942504600493e-06,4.641912197908952e-06,3.1601227746960437e-07,4.0474395918278386e-05,0.00014187023507897706,0.00012022389006942564,1.7849285891023634e-06,0.00091015932166568,0.30374298219557794,0.4497598016565237,0.3031029054061104,0.44546420912563184
0.30597561016942937,4.083523911943494e-06,3.866995412237769e-06,2.6967408771226494e-06,6.042094212856605e-08,1.5549698081799987e-05,5.5593282812930993e-05,5.1789600757134044e-05,2.7189725313058397e-08,1.2874594439681632e-07,0.30597561016942937,0.44694617111734214,0.30533689910032863,0.4428919053842697
0.30740513003229636,3.2285869234212003e-06,0.00013074046648250715,2.7675970170769212e-06,5.0191054016661826e-08,2.377201932376771e-06,7.695584764874843e-06,1.2916126025397157e-06,2.936354066752104e-08,0.0005475585011292602,0.30740513003229636,0.4460616220494593,0.3067595388595422,0.44205527368706354
0.3215440898825893,5.285418914634848e-06,5.101008332403119e-06,1.169381531635904e-05,2.6456821239850235e-05,3.1214924219406877e-06,4.881370770258255e-05,9.662832139851423e-05,3.879493071559353e-06,0.002049963166049746,0.3215440898825893,0.4345645268317395,0.3208606222212448,0.4314975591847638
0.32428741451191095,4.800987338565879e-07,2.4077652817687495e-06,1.6152036649873947e-06,0.00010273563753440004,7.200252456871587e-08,0.00028077066333220737,1.7876416808919207e-06,3.440440901778456e-08,0.0005475585011292602,0.32428741451191095,0.43120820901512735,0.32360765882793097,0.42848334602759186
0.33688670880557675,4.800987338565879e-07,2.415409730195268e-06,1.6152036649873947e-06,0.00010273563753440004,7.200252456871587e-08,0.00028077066333220737,1.7876416808919207e-06,3.440440901778456e-08,0.0005475585011292602,0.33688670880557675,0.4202460456195461,0.3361795417903464,0.4183906856736314
0.3401464644034681,0.00012694884551694597,1.5185522219305245e-05,4.66449487797056e-06,1.7013124970629261e-06,5.264234280002866e-05,0.00014187023507897706,0.00011627146051745921,1.7849285891023634e-06,0.00091015932166568,0.3401464644034681,0.41775073283556213,0.3394305470894464,0.41607029142756913
0.3415807172017565,3.009483796801048e-06,1.8403239129970543e-07,6.560784974126e-06,6.833418410594524e-06,3.297805800364152e-05,1.2474646304957048e-06,5.748514784538499e-07,4.4188633408294754e-07,3.215631751923587e-05,0.3415807172017565,0.4156103724350267,0.3408671577491239,0.41408925945625796
0.3639376159899868,1.9929845725459498e-06,0.00015053380513797718,5.844946385754244e-05,4.512056108627819e-05,1.0143005244438631e-05,5.404549003996436e-05,3.296968882907238e-05,3.243360987210535e-05,8.5140171089106e-05,0.3639376159899868,0.3970564037834245,0.36317376789094696,0.3968501982353721
0.3639436766325567,4.45921250080129e-07,5.795018772673387e-05,2.711363559267114e-06,2.938703001269596e-06,2.3794320333647253e-06,2.162041938683197e-06,1.6493665050505665e-07,4.148289572140902e-09,7.865570301250377e-06,0.3639436766325567,0.3967760646754215,0.36317980024839136,0.39657591291938826
0.3684679203954031,8.034189182424837e-07,1.9067314567483516e-06,1.5955504115659834e-06,7.209102987172169e-07,2.2035818508879497e-06,0.00028002907121182403,1.7632895007026665e-05,4.743396834501545e-06,9.23140232008501e-05,0.3684679203954031,0.39326438203707953,0.3676930593905751,0.3933155151927041
0.3894621836529443,0.00015770836371745877,0.0001565064649169205,5.914360435008349e-05,4.752432860463224e-05,1.8447943365453406e-05,5.404549003996436e-05,0.00011952037555919429,3.1617329688816814e-05,8.5140171089106e-05,0.3894621836529443,0.376432964731338,0.3886437859248944,0.37743124331900485
0.3916079993077256,1.548150247345061e-06,3.744092714001888e-06,5.846920681675486e-07,3.7032068424436704e-07,1.3375202103679585e-05,9.220425581169412e-05,6.246795954249127e-07,1.1226730948965622e-06,0.0004927580937542073,0.3916079993077256,0.3746307385209542,0.3907815179448383,0.37569479944175266
0.3886185552510082,1.2197706343767632e-07,1.1364643635781897e-07,2.2551409746077635e-05,0.0010503652491618025,2.408165281581415e-06,1.3111418880320296e-06,1.1976137691875518e-06,4.080049027665495e-07,9.046153280813973e-06,0.3886185552510082,0.3773558606983558,0.38780303205905814,0.378360072901284
0.38010102207873403,8.868008025016836e-06,7.308047132251912e-06,6.795507360060813e-07,3.217872210852301e-05,1.1362106423028382e-05,9.414126351287186e-05,0.0003604899086750368,8.731886052770214e-06,6.381520074627451e-05,0.38010102207873403,0.38388313995968343,0.37930244572521943,0.3845068445794443
0.4048908737848469,0.00010854224117596548,0.00010236723610325167,6.336121641869371e-05,6.937258123651697e-06,7.316104555608342e-06,1.7596635741635344e-06,8.669859351865741e-05,1.8283545948317632e-05,1.4382389184396663e-05,0.4048908737848469,0.3639689702414784,0.40404289598369564,0.3655409936368304
0.41556491002703727,1.1771998025690486e-06,0.00048111116979852414,4.2255846293646234e-07,3.0490327860574963e-06,2.7248346270428756e-06,1.46056696777469e-06,8.93416808170691e-06,1.808537546859677e-07,6.3833130379668925e-06,0.41556491002703727,0.35569930640360725,0.4146968758374856,0.35758241894555165
0.40635099720407275,5.160780341087753e-06,0.00016137732687003723,1.434393626262083e-06,4.281101815276023e-06,2.1643074072031618e-06,1.8172994720830242e-06,4.977126311806343e-06,9.000683174888507e-08,5.860791210427551e-06,0.40635099720407275,0.3626708487307428,0.4054995398771728,0.36429248734246117
0.42677253015469274,2.324314543991562e-06,2.001241667581952e-06,1.8877929470648539e-07,2.6570016788481295e-05,1.2694277928528635e-05,1.246150014974234e-07,5.926662599690556e-06,0.00013585040862590394,2.1058527707426887e-06,0.42677253015469274,0.34684815616560716,0.42588909253952756,0.34903852037159444
0.4329411753377871,4.800987338565879e-07,2.4077652817687495e-06,1.6152036649873947e-06,0.00010879620912492368,1.4093024421494416e-06,0.0002799307541562986,1.7876416808919207e-06,3.440440901778456e-08,0.0005475585011292602,0.4329411753377871,0.34265086298588043,0.43204391723785207,0.34494179642493167
0.42490435309051794,4.5653285178360584e-07,0.0004524380065312547,1.6152036649873947e-06,0.00010273563753440004,7.283461559609982e-08,0.00028077066333220737,1.3283351254087585e-06,3.5044400456137236e-08,8.898823689495074e-05,0.42490435309051794,0.34877903161811386,0.42402059023477545,0.3509119080512647
0.4483292116271346,1.97365586705309e-05,5.313186600278164e-06,1.3604599224228376e-06,0.0004096507451159045,3.303380783355317e-05,6.706171969668998e-05,7.751468558184114e-05,1.867359595988217e-05,0.00020137816647965254,0.4483292116271346,0.3309807584857523,0.4474177671162296,0.3335460579084749
0.4465454942992433,2.467582618383026e-06,1.006492136577954e-07,1.627439234291113e-08,8.529012965222895e-07,3.2588558495803472e-06,1.980125428876048e-06,1.9170743843761407e-06,3.197202156574253e-08,2.1854036951523226e-07,0.4465454942992433,0.33176662467571694,0.445637340590307,0.3343053331520492
0.469211065810045,2.0441138291383236e-06,1.0359647408277036e-06,7.935914905797925e-07,3.792382020613784e-05,2.4411087484748708e-05,8.429940329289735e-06,5.3387160998129605e-05,1.92474388800005e-06,2.4537677730486737e-05,0.469211065810045,0.31511174977232986,0.4682876372386586,0.31784794991324045
0.47117731594951495,8.393902947145201e-06,2.586803753477212e-06,5.112661011709222e-07,5.209799564887984e-06,9.659235223772618e-09,2.0759402298041752e-06,1.8890210305820307e-06,1.8416366902045256e-07,4.986127856961865e-05,0.47117731594951495,0.3136228807911096,0.47025297649914194,0.31636003672494184
0.478956986281502,5.7000921028462615e-06,6.248622614960929e-06,5.378908677371889e-06,1.3103916792345675e-05,1.2012752713656834e-05,5.677070352120919e-06,1.9775087077357032e-06,5.342387773724412e-07,1.9291671265116334e-06,0.478956986281502,0.3079671908447589,0.47803161682977885,0.31072322467530744
0.46422167607574505,4.74151243935066e-06,1.6588263684366474e-06,2.001367916458238e-05,0.0001404853464035092,2.6219903606635197e-06,4.788042738789957e-05,9.093786866308057e-07,6.62151594781792e-07,6.489068713812267e-05,0.46422167607574505,0.31884901612530225,0.46329980470154325,0.3215582086205591
0.4622325605654578,5.118722738517048e-06,1.0010754888170438e-07,2.7444725999934303e-06,6.099053164278818e-08,3.822128577366152e-05,8.148117327298802e-06,8.602430176670249e-07,1.639952503069149e-08,0.0001588797569860756,0.4622325605654578,0.320264484523148,0.46131146953633995,0.3229508988817847
0.482577708416721,0.00016141040039066015,4.561675606882534e-06,4.907071805333635e-05,0.0003271974827145489,9.875101196182528e-05,4.223182532180215e-05,7.765604509171133e-05,1.1046734216428682e-05,0.0007552278022066321,0.482577708416721,0.30631878295516046,0.48164703147982474,0.30902937655849017
0.48071052119603924,4.550283490551327e-06,1.8421358892052392e-06,2.837883188931105e-06,2.694518818828155e-06,2.6932458332265897e-07,7.975541335765533e-06,1.2877532329420895e-06,3.397558112150534e-08,0.0005476125479185702,0.48071052119603924,0.30703893485875267,0.47978116940124577,0.3097558701176065
0.48338228759152146,1.968960012996828e-06,3.511632296668531e-06,5.858458422185099e-06,1.2702029167733697e-05,1.850290720242494e-05,2.867968012388016e-06,6.812218973855578e-07,1.7926655771328038e-07,3.522522330645914e-05,0.48338228759152146,0.3047961734149042,0.48245672195613226,0.30754885928608
0.510266806418279,6.470415239070775e-06,1.0128273828600011e-05,0.00018960353867625713,1.0857245176469135e-05,4.041976319272891e-05,0.00045837715741117984,9.030071583750674e-05,2.2170872237926952e-05,2.075903076583296e-07,0.510266806418279,0.28620305280589214,0.5093547858058918,0.2888244206725064
0.5140514178894211,1.6350889195355412e-06,3.6570005695328237e-06,7.099887180359656e-06,3.3251008606110617e-07,5.484802670266607e-06,1.1843956754927529e-06,3.0248267974018825e-05,4.248701451357754e-09,0.00012134043284331771,0.5140514178894211,0.28313590115317183,0.5131420605711107,0.2856976883199743
0.5135202619754934,4.800987338565879e-07,2.4077652817687495e-06,1.6152036649873947e-06,0.00010879620912492368,1.4093024421494416e-06,0.00027349830151687684,1.7411435912137564e-06,1.0115936434342854e-07,0.0005475585011292602,0.5135202619754934,0.28399845927722644,0.5126064336417534,0.28655224981626204
0.533116478818535,3.7349841489386158e-06,3.8006757788389276e-06,6.927185435496263e-06,8.306790235060878e-05,3.9474818596797113e-05,0.00013980428726852398,9.60757698990357e-06,9.37178747608214e-06,4.844379598140238e-06,0.533116478818535,0.2700426301882147,0.5322333338260936,0.2723754168573413
0.5394936468328628,1.9585353365882728e-07,1.1943804151132042e-06,2.7384384656121244e-06,1.0048935967284078e-07,2.3695210630762056e-06,1.9828801737079257e-06,1.1583808693916844e-08,8.79353851252979e-09,1.8213245962225216e-06,0.5394936468328628,0.2655042829787856,0.5386221216128544,0.2677258894979896
0.5309897548823961,9.161152125939567e-05,3.341533707719682e-06,9.196789542728234e-07,9.672990585435834e-06,1.313619049323816e-05,8.148117327298802e-06,4.7678678679993084e-06,3.267083778052092e-08,0.0005508436942241297,0.5309897548823961,0.27174342213180314,0.5300997438578272,0.2740594479709678
0.5495508092584194,1.0219852781116954e-05,0.00028097122286934817,0.00018723891529414194,1.0857245176469135e-05,0.00023527950250951747,6.6723200519364505e-06,5.6219049341168926e-05,1.8573351084952272e-06,0.00033973258487843413,0.5495508092584194,0.25939373235542906,0.5486989146500797,0.2614068391583114
0.5567912588633025,3.7349841489386158e-06,1.0128273828600011e-05,1.869667828048182e-05,9.059552228627366e-07,4.041976319272891e-05,0.00045837715741117984,1.1555197440678126e-06,2.2153756556740527e-05,2.075903076583296e-07,0.5567912588633025,0.2541639843525035,0.5559564751079064,0.2560915602892927
0.5781932988300825,9.472956990047246e-07,1.1206728132220752e-06,3.343700413382487e-05,6.583940192000612e-08,3.6367112214601195e-06,1.7602036041647958e-06,1.4035185684957919e-06,1.302530190292149e-06,1.1891419838317374e-05,0.5781932988300825,0.2396442118782338,0.5774173946551905,0.24109445194417875
0.5769817237169471,5.841935324906748e-06,2.8879514797042782e-06,1.6863599601070462e-06,0.00011798435684343807,3.3578383196500595e-05,8.508275225663343e-05,3.3794910821536306e-06,4.1245608061596574e-07,2.759478021127436e-05,0.5769817237169471,0.24057957167835067,0.5762012085527721,0.24206645610740182
0.5904862817550979,0.00012228167398784144,0.0001598720994517713,5.8650674914493165e-05,0.0002790503643840117,0.00015194092935269169,2.6900138747053614e-05,1.1183458829413966e-05,3.62151217332856e-06,0.0006705338911433166,0.5904862817550979,0.23248300489160725,0.5897443724350947,0.23361212452324237
0.5811252929891866,0.0007589971134970786,5.197620561537006e-07,1.6132139535530382e-06,3.3840876905804665e-05,9.45808354636509e-06,1.4590684657400747e-06,2.7923067375548225e-05,3.746507263748239e-07,6.151683201871963e-05,0.5811252929891866,0.2382386313285648,0.5803587163740621,0.23959502000151753
0.5889114982812005,5.7407043641468765e-06,3.257460066243695e-06,1.0897047434027132e-06,4.2590118483657276e-05,2.233271181803489e-05,2.923543159316887e-06,6.425688602524805e-07,2.0284465034311504e-07,3.474861472660985e-05,0.5889114982812005,0.23266427497441003,0.5881692850976956,0.23386837448169126
0.605545232333707,1.6548669765947105e-05,8.43749315699171e-06,1.169381531635904e-05,0.00033069179292837117,8.123470291146836e-05,0.0001663715192013799,3.279445940868922e-06,4.78012363250919e-06,0.00028733025939636715,0.605545232333707,0.2223883699133018,0.6048583011552201,0.2231898905647923
0.6086560617081176,2.1055720609817655e-06,7.009056706835335e-07,1.0893629132884763e-06,6.659603785218292e-05,0.0001378574491011511,2.0175308207563074e-05,9.158278506220985e-05,2.1028948574684292e-06,0.00019106542316374293,0.6086560617081176,0.2201489569121503,0.6079835817101062,0.22086894248251246
0.6175207118386917,1.344171657763381e-06,5.379023540088142e-07,2.21385375959342e-07,2.991960269245071e-08,2.722320783384391e-06,2.516338419746261e-05,0.00016985645151508584,2.8217782443770803e-08,6.253974482587095e-05,0.6175207118386917,0.21433447215819343,0.6168834509011687,0.2148312909142223
0.6382101752103693,8.570156049735258e-06,6.397979391701612e-07,5.330577656211712e-06,0.0002583990869109714,2.409191531771682e-06,1.775432928657673e-06,0.0002754445749441405,1.7503658844107838e-06,3.2769574530547124e-05,0.6382101752103693,0.20147203995143684,0.6376570691730921,0.20144660997973254
0.6391574149959446,1.9878872867325915e-06,2.3524159568107012e-05,3.563303467591617e-08,1.4855287448816667e-07,1.3610021290045223e-07,0.0006609371994366507,2.098074702628511e-07,3.7759170570165936e-07,0.0006012979063343649,0.6391574149959446,0.20130048724356875,0.6386070211844735,0.2012347162724541
0.6312441420855315,9.23948386966665e-06,4.728657721311844e-06,2.21385375959342e-07,3.898806010699478e-08,2.722320783384391e-06,2.516338419746261e-05,0.00016985645151508584,2.8217782443770803e-08,6.253974482587095e-05,0.6312441420855315,0.2056567418348757,0.6306633840721964,0.20580082971468738
0.6554905928245833,8.853258283623482e-06,4.779016788363661e-06,1.9828764337546286e-05,9.926795707767001e-06,1.2546088091091923e-05,9.455678406253622e-05,0.0003604899086750368,1.4143818098811588e-06,6.381520074627451e-05,0.6554905928245833,0.19071925172423485,0.6550159124144794,0.19024397687008604
0.651172272020356,5.6779896705734105e-06,4.728657721311844e-06,1.9425306766405207e-05,1.0104798967480219e-05,1.2825145297076198e-05,5.618191389810428e-06,0.00016841998394067997,4.5089849216336176e-05,0.00018754176840784218,0.651172272020356,0.1933216236321414,0.6506780472336533,0.1929434618301082
0.6427129744661237,5.316659013093551e-07,1.516099949559219e-06,4.426179929283142e-08,5.600214861376594e-06,1.2835620323455908e-05,1.9464757860120465e-06,1.528921825540063e-06,4.095573751003376e-08,2.676724334472882e-06,0.6427129744661237,0.19832219409706542,0.6421823871052307,0.1981706449127282
0.6667947280537675,9.108799191718082e-06,4.728657721311844e-06,1.9161439949988453e-05,1.0104798967480219e-05,1.2825145297076198e-05,9.314148558241271e-05,0.0003604899086750368,2.8217782443770803e-08,6.253974482587095e-05,0.6667947280537675,0.1837635703829076,0.6663713826908643,0.1830011010346976
0.6663894543300041,3.4420682234491075e-07,4.113239792631392e-07,1.9239123022093476e-07,1.0198373491508987e-05,4.808031284245078e-06,1.0822241699067142e-07,0.00035932486736115176,2.3073619415885825e-08,6.334949812435922e-05,0.6663894543300041,0.18393288777478034,0.6659640625124994,0.18317771133047536
0.6658622095042359,3.4420682234491075e-07,2.1128804220164604e-07,1.3812676492999344e-07,1.0198373491508987e-05,4.808031284245078e-06,6.6805112678917e-07,0.00035932486736115176,2.3073619415885825e-08,1.799307161239813e-05,0.6658622095042359,0.18422928600560431,0.6654347217019532,0.18348981594920022
0.6824202024388971,1.97365586705309e-05,4.436942504600493e-06,0.0025356720685861503,4.0995143194867716e-05,0.00014011982813664023,0.0002219504061648824,7.751468558184114e-05,3.573816708675877e-06,0.0006713520838991372,0.6824202024388971,0.17609488695775552,0.6820803707194232,0.17478139516244498
0.682894213946034,2.3561137353262875e-05,1.0453018456631758e-05,0.0002107174714803328,0.0004286972502131525,0.00017951166369371718,9.981622534388363e-05,0.00016150805027151792,4.45153664341601e-06,0.00016253888704106394,0.682894213946034,0.17437788982446645,0.6825417239754312,0.1732169008302772
0.6906859634039876,3.457749857546146e-06,7.932254169372432e-07,4.046691993744075e-06,6.552771000126599e-05,2.272958866839345e-05,8.279962036523694e-05,0.0001756132270882243,7.723311894180741e-07,7.592003237610708e-05,0.6906859634039876,0.16917712332968518,0.6903711400495096,0.16782703694090292
0.701448588563264,2.097759589567652e-07,1.9684117718857242e-07,1.4556762504761265e-05,0.0008497377164060537,2.625211655919116e-06,1.4107285562450351e-06,6.364888536180183e-06,1.5703832953683242e-08,3.7921514741760624e-06,0.701448588563264,0.16298565966527354,0.7011734421616129,0.16140470493682166
0.7054305000570804,3.514466479139275e-06,1.922816824919904e-06,7.053006992063573e-07,7.311158122217325e-08,1.8093354751224674e-05,3.051798738017055e-06,1.5159429585341702e-05,2.8217782443770803e-08,5.437233008478551e-05,0.7054305000570804,0.1601571188381916,0.7051821765079127,0.15845730275904898
0.7038309538747486,3.457749857546146e-06,5.187572660146789e-07,4.046691993744075e-06,6.552771000126599e-05,6.947052225436709e-06,8.279962036523694e-05,8.148556257688437e-05,7.723311894180741e-07,7.592003237610708e-05,0.7038309538747486,0.16124030047882787,0.7035746604586922,0.15958175400925867
0.722209025926334,2.148673793802981e-06,5.020687556581581e-05,6.6416921819934805e-06,9.000511558977003e-08,2.0172865777107043e-06,1.4597624450420666e-06,4.739235262355444e-06,5.515463030714284e-07,0.0004298200905811633,0.722209025926334,0.1504574105776615,0.7220286344544199,0.1483701682121552
0.7349318500053034,4.860124198204621e-07,1.4441831640066302e-05,4.976124612073476e-07,2.647495966690963e-07,2.408165281581415e-06,2.3314549261270115e-06,4.786151172665994e-07,1.1655902095663142e-06,0.0005087445353289332,0.7349318500053034,0.14302165507264747,0.7347998328314763,0.14067372922839372
0.7349318500053034,4.860124198204621e-07,1.4441831640066302e-05,3.016921517743817e-07,7.98235427995844e-09,2.408165281581415e-06,2.3314549261270115e-06,2.007793207567094e-05,1.1603651330907748e-06,0.0005121953520848846,0.7349318500053034,0.14303456596913824,0.7347997662379344,0.14068677656995893
0.7575429945710085,0.0007299803376448963,0.0004300798370518304,0.0020491002666598638,3.747913336285368e-05,5.742941708158218e-06,5.629613880105791e-06,6.657253901221236e-06,6.892755335029222e-07,2.91417480457264e-05,0.7575429945710085,0.13149250438143145,0.7575080553507747,0.12862177124601692
0.7405322487070183,2.0055169796707217e-07,1.4441831640066302e-05,5.79806954561785e-07,6.521388168200435e-07,2.408165281581415e-06,2.391351014380605e-06,6.072616240245843e-07,1.3477980126604278e-06,0.0005087445353289332,0.7405322487070183,0.13976093489376318,0.7404203027737578,0.13730496326775435
0.772263029627916,1.9328513750389648e-05,1.6588263684366474e-06,3.0681034639453605e-05,0.00013904828645176708,0.00019442094411414746,4.2806616914468427e-05,4.923163815602041e-06,6.892755335029222e-07,0.0001009789010852224,0.772263029627916,0.12151472254308593,0.7722436062567604,0.11854977825761895
0.772587830834454,1.9328513750389648e-05,1.6588263684366474e-06,2.8948372119812552e-05,0.00013904828645176708,0.00019442094411414746,5.5915157123408105e-05,5.461874388600549e-06,6.90278007385512e-07,0.0001009789010852224,0.772587830834454,0.12133657157645436,0.7725691035445383,0.11836747776291066
0.7679653449724109,4.4618350701975405e-06,0.0003697141767133707,5.356097801768347e-06,9.000511558977003e-08,2.0172865777107043e-06,1.4597624450420666e-06,8.94266639088906e-06,5.544177139711123e-07,0.0004298200905811633,0.7679653449724109,0.1241258141894971,0.7679362894615928,0.12118812928647035
0.7622178688396937,2.148673793802981e-06,7.545828560345907e-06,6.370898885215737e-07,9.000511558977003e-08,2.0172865777107043e-06,1.4597624450420666e-06,4.739235262355444e-06,5.540461012793103e-07,8.231212505258424e-06,0.7622178688396937,0.12696455527378758,0.7621760123325733,0.12414856116287985
0.7873661757190353,1.9328513750389648e-05,1.6588263684366474e-06,3.0681034639453605e-05,3.6098371604253186e-05,6.046704696240347e-05,4.788042738789957e-05,6.657253901221236e-06,6.892755335029222e-07,0.0001009789010852224,0.7873661757190353,0.11283281689196752,0.7873729032054311,0.10965047298861481
0.7932956579572092,1.8080420759885198e-06,2.409235058214745e-06,1.4913063976399917e-05,2.5639360736941874e-05,2.730763570604732e-06,5.333361065826188e-05,3.930002295582142e-06,2.5060359491935632e-08,5.061519827121942e-06,0.7932956579572092,0.10938946691983031,0.7933087836060524,0.10613667158891818
0.7889033972213135,2.1356520134615017e-06,0.00016263102771048828,1.3945863578007396e-07,1.5481447175479902e-06,3.058806485869539e-06,1.4597624450420666e-06,4.591676641426164e-06,2.575050759296938e-07,0.0016585012789984632,0.7889033972213135,0.11281773116479124,0.7889017437006317,0.1095410939388716
0.8068656435121899,0.00012200313621905951,4.436942504600493e-06,2.3971213391269137e-05,1.5338121593332995e-05,1.7914246002927232e-05,6.266079471938896e-05,0.0002754445749441405,1.7849285891023634e-06,0.000591101769613281,0.8068656435121899,0.10235716845800448,0.8068798073714164,0.09893507583009484
0.8040238189999823,1.9328513750389648e-05,3.153811685254237e-06,3.0681034639453605e-05,0.00013904828645176708,0.00019442094411414746,5.573555489179713e-05,0.00010845824740286944,6.90278007385512e-07,0.0007147516157926545,0.8040238189999823,0.10402498030241535,0.8040360732926666,0.10063505445923754
0.8139095619202071,8.933243207791473e-07,1.457378224748471e-06,7.122006064441522e-06,0.00011037395018381642,1.7356687382886513e-05,3.6144621441899287e-07,6.074662903924597e-06,1.406161759059589e-06,3.72091322381876e-06,0.8139095619202071,0.09791229840138765,0.8139227381865802,0.09444710066175041
0.8233354877194772,0.0001595930846277768,6.999278601628147e-05,5.650271428542844e-05,0.00015787418519269515,4.779181606331661e-06,0.00014352523650544382,0.00036885292853349713,1.9120379422457012e-06,0.00035515458242536395,0.8233354877194772,0.09334197689482776,0.8233360924509133,0.08979405175748717
0.8364395437001255,7.481722835376729e-06,3.4030399488395286e-06,4.305005467682146e-06,1.9414917474284944e-05,2.713634631270397e-06,1.4864094730281656e-06,3.1014060033516884e-06,1.5889669578616242e-06,1.5463802291095616e-05,0.8364395437001255,0.08546131006719619,0.8364154798275995,0.08183400057031183
0.8471297972720716,0.0001418980328292725,0.0009546491505443813,6.334783045809286e-06,3.135531043239354e-05,2.5547665451951116e-05,4.085206716540893e-05,8.557950486863635e-05,1.937021705097783e-05,0.00010321992897454047,0.8471297972720716,0.08036416096035139,0.8470763891741256,0.07666416553701057
0.8561710731500336,1.5923937482866152e-06,8.221987348314735e-05,2.4001915146026193e-06,1.024510154244014e-06,1.642113348179655e-05,1.1306664469823762e-06,2.957545070764684e-05,7.538929933035186e-06,3.637192755134397e-05,0.8561710731500336,0.07480067262813826,0.8560727254954127,0.07109941974265181
0.8741004548155457,4.4618350701975405e-06,0.0003697141767133707,5.356097801768347e-06,9.000511558977003e-08,2.0172865777107043e-06,1.4597624450420666e-06,8.94266639088906e-06,1.670622713847526e-06,0.0004298200905811633,0.8741004548155457,0.06550524180688427,0.8738945152083758,0.061771651544537794
0.8616234650312579,5.649408384854499e-06,4.2546531440848246e-05,7.087298346646414e-06,4.571398551817744e-07,6.383105267119447e-05,7.448915705844149e-07,0.0003854240123924751,4.188892094849168e-07,0.0006300214109886525,0.8616234650312579,0.0723722574946643,0.86149174986121,0.06864857491575571
0.8616234650312579,1.7952312934671472e-06,4.2546531440848246e-05,3.7790305003789416e-06,0.00010463494048306599,2.010217379221321e-05,0.0002756629747068457,0.0003854240123924751,3.931086207868234e-08,0.0006300214109886525,0.8616234650312579,0.07254803168591269,0.8614906639371619,0.06883934213894427
0.8966530088094498,0.00011026128261819537,0.00043624328330628924,6.0240335251294905e-05,7.356902513749354e-05,4.158613888037644e-06,2.746632053464112e-06,8.687304296631472e-05,1.6140896337312955e-06,0.0017263547185106323,0.8966530088094498,0.05440054253798978,0.8962443475835121,0.05068524638390055
0.9156215679319152,1.665153501656792e-07,2.5960282411355097e-05,2.6265610184040023e-06,1.8719389292503337e-09,1.2833193044239726e-05,2.516338419746261e-05,1.7476318853623463e-05,2.5050904306765136e-07,0.0003774548677439671,0.9156215679319152,0.04335978419519907,0.9149988408843522,0.039823143172333035
0.9028292787169382,2.6258175564254816e-07,1.1615723841376832e-07,6.485915508002003e-08,4.992141772618334e-05,9.925394420811203e-06,3.601013195742317e-05,1.4740665602044617e-06,7.899878655008611e-07,0.00038864522967152444,0.9028292787169382,0.05008248234808003,0.902360462434162,0.04646048810739476
0.9201984079449289,8.589061422904959e-06,0.0002157553755675258,1.872003512393377e-05,6.316627932437901e-05,6.038881815023574e-05,0.00010925404705394683,1.259841308705553e-05,3.143575631564366e-08,0.00043478861386185547,0.9201984079449289,0.04121082480260524,0.9195145139920017,0.03771303558125313
0.9363872093612783,2.3788796846718564e-07,1.7183297500968388e-06,1.8032579397051252e-07,2.1744576071004058e-06,1.4302274133937222e-06,1.7602036041647958e-06,1.0227967408152133e-07,1.3477980126604278e-06,3.071864794436654e-05,0.9363872093612783,0.03234945320318634,0.9354566800869435,0.029023102093506357
0.9363872093612783,2.2799562874475337e-07,5.112837884253048e-07,1.8032579397051252e-07,2.174628724219143e-06,1.4302274133937222e-06,1.7602036041647958e-06,1.0227967408152133e-07,2.351237338287311e-07,4.790366692080169e-07,0.9363872093612783,0.032332642030491486,0.9354568704665139,0.029007310946715253
0.940455850974752,1.9328513750389648e-05,1.1700978231691168e-06,3.033121098645069e-05,0.00013904828645176708,8.171008875937578e-06,5.573555489179713e-05,5.557190265437813e-06,8.031192207372221e-08,0.0001009789010852224,0.940455850974752,0.030414633377969603,0.9394529212123565,0.0271398153379712
0.9481602716188167,2.3788796846718564e-07,1.4450770611020322e-05,1.8032579397051252e-07,2.1744576071004058e-06,2.408165281581415e-06,1.7602036041647958e-06,6.92313353557081e-05,1.4688483551420315e-06,3.1432668163387594e-05,0.9481602716188167,0.02632807761337586,0.9470196046908093,0.023147585465204148
0.9440485611301723,3.456873906714689e-06,7.082398709369686e-05,7.053006992063573e-07,7.311158122217325e-08,1.81701791260206e-05,2.516338419746261e-05,2.100011174000096e-06,2.8217782443770803e-08,0.0006042112786443949,0.9440485611301723,0.028751099133445864,0.9429810098232796,0.025498040765502755
0.9997417223404519,4.783484239103607e-08,7.666565247936828e-05,3.7209760245440312e-09,1.0019545163428184e-06,2.0325151466479547e-08,1.6108344266667126e-06,4.894809486317876e-07,9.423655455565732e-09,2.7032939015178296e-06,0.9997417223404519,0.0001704296121504741,0.9973477686403612,-0.002111205523718308
0.9673637771198184,5.483107881124295e-06,3.257460066243695e-06,2.0186516008212836e-06,4.521510099800315e-05,1.2294838750813544e-06,2.625249018533381e-06,5.928332590301209e-08,1.7291898179817447e-07,2.3797755966508755e-05,0.9673637771198184,0.0164960900301475,0.9658216798315433,0.013601359878389896
0.9994525752033261,2.3592595438234912e-07,7.666565247936828e-05,2.234843763374302e-07,1.6850267108422217e-06,2.192955596039892e-06,1.5655567899470834e-06,4.894809486317876e-07,9.423655455565732e-09,1.2540471245925823e-05,0.9994525752033261,0.00032156808528938433,0.997067234608594,-0.001966488717086688
