x0,x1,x2,x3,x4,x5,x6,x7,x8,x9,f1,f2
0.01983550576632595,2.3604152523699057e-07,4.278348545024295e-07,1.0248965706259103e-06,2.5951211792879897e-08,1.1635261843154203e-06,1.9601984972876106e-07,1.0506739855532215e-08,0.00025221808687776823,3.785703670917332e-07,0.01983550576632595,0.8593990971475811
0.019889120101765634,2.5282288655074748e-09,1.832240897266562e-09,1.2162699664568398e-06,1.6052788342183474e-09,2.7485659198067005e-09,5.902793939041395e-09,8.719771473533638e-10,1.2240968611939631e-08,9.158994751859241e-10,0.019889120101765634,0.8589723653839325
0.015060031342895963,1.6385399980215683e-05,5.245319243106281e-07,3.898199643099384e-06,4.97690748529694e-07,1.5260561748173545e-07,1.5533932082999286e-05,2.8501390239886676e-08,4.6107900938327934e-07,2.7590149937700832e-06,0.015060031342895963,0.8773184524541406
0.017277062596006865,3.034530383818287e-08,5.13475516074815e-09,2.966103186159125e-08,8.403780228236707e-09,2.106202679697905e-08,8.611317708612257e-08,2.901159843608715e-09,1.3371035742822105e-07,1.7842492641584987e-08,0.017277062596006865,0.8685580726143187
0.01581655381895225,1.5785509895783656e-08,8.908440500005571e-09,1.6866299721799266e-07,3.3270750534270214e-08,4.313604509672133e-09,4.907143812550736e-07,0.0024202498354348144,1.9719335384250698e-07,8.529343513861277e-08,0.01581655381895225,0.8765052116608018
0.010671302547578365,2.416838902544404e-07,5.38816012482258e-07,6.92633471264115e-07,1.074702052169219e-07,1.5541216537093045e-07,3.4513956110744425e-07,5.572888286703979e-08,1.2576140376971535e-08,1.4237590370785476e-07,0.010671302547578365,0.8967001766378679
0.01076718609762739,4.806618082152563e-08,1.1367576887121113e-06,8.926434022249974e-07,2.0654276156815842e-07,3.945246182207345e-07,4.2989056353859233e-07,2.5110278075302896e-07,2.513662933952753e-07,3.896456041092737e-07,0.01076718609762739,0.8962387405913687
0.01076718609762739,4.806618082152563e-08,1.1367576887121113e-06,8.926434022249974e-07,2.0654276156815842e-07,3.945246182207345e-07,4.2989056353859233e-07,2.5110278075302896e-07,2.513662933952753e-07,3.896456041092737e-07,0.01076718609762739,0.8962387405913687
0.006836762475167402,0.0001522721906725169,0.000894432730097683,7.392865454657212e-07,1.608775875900304e-05,1.709758163578843e-05,2.2351883928066135e-05,6.260185125488043e-07,6.74079415300122e-06,2.0589592303191847e-07,0.006836762475167402,0.9183799366516581
0.0069495502845058656,7.209352428269561e-09,6.145229035030323e-09,2.9522303474974564e-09,5.318760558048654e-09,2.21166294831093e-08,6.72433169011849e-10,3.779847189233623e-09,2.681950105110126e-09,1.8081317758366524e-10,0.0069495502845058656,0.9166360861843417
0.007731555573484636,1.602165792923824e-08,2.3739680351453773e-08,1.560822151072334e-07,5.390888839353405e-09,6.676720721102389e-09,7.854583241667361e-10,3.3766501201472746e-10,7.4193560493135e-10,1.2343808992491734e-11,0.007731555573484636,0.9120709359630836
0.006318141938779706,2.6867130597804656e-07,4.4608827761510456e-05,1.1107965103432931e-07,1.088578671335356e-08,2.6025747866815006e-07,2.240641439828553e-09,5.7906918667035915e-08,6.694271727909473e-11,1.2341676877786869e-08,0.006318141938779706,0.9205567899934571
0.0037071203550579357,1.249427162506845e-09,4.3006882909986485e-10,1.0186015915404359e-07,4.936424785789508e-08,1.4006218266070343e-09,7.2272415366256434e-09,8.133357715496852e-12,2.2693418325788576e-10,2.651610019841698e-09,0.0037071203550579357,0.9391140332835386
0.0055635375396342335,2.5769462966602268e-09,2.8150787213816626e-08,9.78114804751895e-10,1.4601506474066974e-07,2.988680626610233e-08,4.48706647794875e-09,8.224272612863177e-09,5.125110407515577e-09,6.539974534976409e-09,0.0055635375396342335,0.9254110985243242
0.002080044465680164,2.478444961312869e-06,5.405058294222993e-07,1.5968448493388935e-05,1.2275950042726465e-05,1.1933435870244793e-05,1.62681535907808e-05,2.666856952090145e-07,0.00020054791804395225,1.700214075576165e-07,0.002080044465680164,0.9546470062346462
0.0025700589328143675,2.996016553057544e-08,9.613923043452854e-09,1.0186015915404359e-07,5.174717155982404e-08,1.4006218266070343e-09,7.2272415366256434e-09,1.1290716754392021e-12,2.2693418325788576e-10,2.651610019841698e-09,0.0025700589328143675,0.9493044508344461
0.0028715540101242262,2.1308536899616863e-09,2.8150787213816626e-08,1.0296632154920104e-09,2.482524050838487e-08,2.997595736531855e-08,4.12645299122339e-09,7.240419389500173e-10,1.2534433094834714e-09,2.258330586292329e-10,0.0028715540101242262,0.946413207147668
0.0010738484326591191,1.3436676083806506e-06,7.015195484002986e-07,2.3666308867562043e-06,4.97690748529694e-07,1.1562879720936353e-07,1.5533932082999286e-05,0.0008567541550725335,8.842861888281463e-07,2.7590149937700832e-06,0.0010738484326591191,0.9680968987166243
0.0007803396691835052,1.6839459182957003e-07,1.1983263405452646e-07,1.580478374631102e-06,1.3376984532134292e-07,3.4634976224128816e-06,9.628918134686366e-08,1.8901505602373513e-07,3.8459051841308717e-07,2.1185062910485165e-09,0.0007803396691835052,0.9720714917759748
0.0005277866151664479,3.1569981625457666e-08,3.035354815887058e-09,6.041335947954268e-08,2.835266486729787e-08,1.934606920674042e-12,1.2545470104887963e-08,8.697011249916914e-09,1.6996694786035566e-07,7.145813133667113e-09,0.0005277866151664479,0.9770267111074259
0.03466996813689331,6.042900223114568e-08,1.5400665370368653e-06,3.052347717862042e-07,5.3460047246329214e-08,2.1416407694637564e-08,6.564737756777299e-06,8.19449093114605e-09,4.4837589121792296e-07,2.7397496932585425e-07,0.03466996813689331,0.8138096794034702
0.034864195315042534,1.9808510424919627e-07,3.0159507068354574e-05,2.2188898126940263e-08,2.6439628406583416e-08,4.7225751057753617e-07,4.020411167878172e-09,1.366563231239573e-08,2.436580170866709e-07,9.882423760232652e-09,0.034864195315042534,0.813308678308156
0.034214538316948706,2.551917319570986e-09,2.290296716090179e-10,1.2208620170568588e-06,1.6052788342183474e-09,1.9603149452860595e-08,2.163537088312417e-09,2.3887375467661397e-09,1.2200341369345603e-08,7.882873321110396e-10,0.034214538316948706,0.8150294226189986
0.030072461822085395,1.0442725238430856e-05,3.675642976501436e-08,1.934388229393482e-05,4.401499735640854e-06,6.005600570546727e-06,1.6289346088753556e-06,2.0988990776782225e-08,3.0135003914781224e-06,4.856463643710755e-05,0.030072461822085395,0.8266712213404148
0.026937438586073864,9.958528313067177e-06,4.840048209294563e-06,7.121660860021924e-07,5.466400580846188e-08,1.4461619265283084e-06,1.0970284606642955e-08,1.9964635663914553e-07,2.4757951844636828e-06,6.909943503317412e-09,0.026937438586073864,0.8358917993247222
0.029003014953970924,3.1629903480959024e-11,3.341395942583802e-09,1.2162699664568398e-06,1.248651548910291e-08,3.1203322258237524e-08,1.8108874851860797e-09,2.0500632370229708e-08,4.5426181067091414e-10,3.63295027741374e-11,0.029003014953970924,0.8296984609799783
0.022039209054967646,1.750693396487421e-06,5.651193868332713e-07,3.540935379457555e-06,7.5267180487194695e-06,9.527795986723447e-05,8.720132229539143e-08,1.3078746881167816e-06,4.889377468276969e-08,1.3016102747691095e-06,0.022039209054967646,0.8516470531117908
0.025376224088579424,1.8835137727304052e-07,1.1171642204422692e-06,5.747888912982631e-07,1.340569182297607e-07,3.9340675351968155e-07,1.3100587873225015e-06,4.086996209537726e-08,1.0132753173895244e-07,1.574991286967709e-07,0.025376224088579424,0.840704532156675
0.02041258711904348,4.9033341983473735e-08,1.3115822278631363e-07,1.15722217756151e-08,6.609923899559422e-09,5.601654987276864e-08,5.832644845731341e-09,6.792162987901831e-09,2.2929152166899493e-09,1.1886735926797602e-10,0.02041258711904348,0.8571276246737612
0.05774520089660545,2.0553262977188198e-08,4.5075198778715527e-08,8.441693891459553e-08,4.027786649159221e-09,3.3164950901610723e-07,4.2923115540339404e-08,4.849686346136797e-09,5.958663428271795e-09,7.588318988627094e-09,0.05774520089660545,0.7596981698472407
0.05804633018539859,6.707141388359912e-09,3.0346593337845503e-09,4.936796270733388e-08,2.3193433743133133e-08,1.041844334518933e-07,1.1798661483326462e-08,2.2818206558203084e-09,1.276846258920509e-06,7.707474454173206e-09,0.05804633018539859,0.7590732460312994
0.05804633018539859,6.707141388359912e-09,3.0346593337845503e-09,4.936796270733388e-08,2.3193433743133133e-08,1.041844334518933e-07,1.1798661483326462e-08,2.2818206558203084e-09,1.276846258920509e-06,7.707474454173206e-09,0.05804633018539859,0.7590732460312994
0.04909256795664507,0.00046134770578018947,0.00011272388707192884,9.497882522547255e-05,4.2155195349572475e-05,1.0257916111088258e-05,4.250290309548613e-05,7.634896376881753e-07,4.714384892005874e-05,2.3546642611722157e-06,0.04909256795664507,0.7791556158767596
0.05229264117615648,9.437171751678988e-06,1.346633960795372e-07,1.4904445299797082e-06,2.108770635604295e-06,1.4461619265283084e-06,2.8925040952848228e-05,1.560280465642123e-07,1.4335057909359248e-06,1.738531182732737e-08,0.05229264117615648,0.771364143958474
0.05133542546016945,1.3501407545290387e-09,4.5321578996238797e-10,6.00696728678621e-09,1.0343661671971524e-10,9.116561995032037e-09,2.6334340032820083e-09,1.482866329027776e-11,2.652384617632291e-09,6.087348272550093e-09,0.05133542546016945,0.7734268020233268
0.045295371104408955,6.695519011045922e-06,7.03280016039041e-06,3.389673758377758e-06,8.103744426604473e-06,1.3783891672454092e-06,9.89369350211174e-06,5.590741244223696e-07,7.737142922296592e-06,7.217131506214892e-08,0.045295371104408955,0.7872129962794661
0.04573764803357816,3.74998238101767e-06,7.015195484002986e-07,1.2705702399353966e-07,2.8578127122276608e-08,3.9411493369398714e-07,1.5533932082999286e-05,1.0578563423425002e-07,4.573299498594205e-06,2.8321856592172203e-06,0.04573764803357816,0.7861614272445494
0.040176211168701736,2.5282288655074748e-09,3.887893679230952e-10,1.2316405453468841e-06,1.8493921391755549e-10,3.3739686713999136e-09,4.603206760734833e-09,1.7018097938591903e-08,5.31198628156594e-10,9.158994751859241e-10,0.040176211168701736,0.7995610909636046
0.07874143547369322,2.068361136494533e-08,2.1957688926273406e-08,2.5616403186759875e-09,0.00010510895862904986,1.0215528389588687e-06,9.486591454659032e-08,1.0790335874339506e-08,1.0272814433673109e-08,1.044650442245366e-07,0.07874143547369322,0.7194824248302131
0.07979476336960928,6.330878892875098e-09,6.748502733898232e-09,3.795091860080432e-08,2.2080447247044084e-08,9.413277842250168e-08,8.1732064148561e-08,5.7268277207863426e-08,2.6097321556366205e-07,4.7241174703369716e-08,0.07979476336960928,0.7175208587231597
0.07954933922017038,8.695665258259234e-09,1.8493335845171145e-06,1.6375854428431187e-07,4.353130108544768e-08,1.061477727495206e-08,2.7677440526491607e-07,5.643018023475183e-10,2.647837994009326e-09,9.226668628523825e-09,0.07954933922017038,0.7179571074914074
0.07769059678007001,1.7299485094037135e-06,4.977014579237122e-07,3.1182294649756625e-07,4.216293855104268e-07,3.6545609841200945e-06,4.361335966376431e-06,9.880896128799966e-09,4.889377468276969e-08,9.526716599564273e-08,0.07769059678007001,0.7212792499128332
0.0745499566943516,1.429912034053329e-07,9.607440967146282e-09,1.9939505441242913e-07,0.00014907850539542725,2.6842755890681543e-08,4.6394796734262113e-07,6.763466075207412e-09,7.863519526870758e-08,5.873030550736235e-09,0.0745499566943516,0.7270911542098423
0.06859946820730176,3.407038987197656e-07,2.9376994713821813e-08,1.1750266171363214e-07,3.0656120005210166e-07,2.9731520682089557e-08,2.2860591760526254e-08,3.4429980877945075e-09,5.1598714176926355e-09,5.660236243489055e-09,0.06859946820730176,0.7380857463703627
0.060559141455295895,5.015511318060631e-07,7.944887026234383e-06,6.883361257087149e-06,6.186291329802286e-06,4.174252230946088e-06,2.6420601430011223e-05,2.282982184770858e-06,1.8509685596148533e-06,1.8839294808173488e-07,0.060559141455295895,0.7539618193552196
0.060559141455295895,5.015511318060631e-07,7.944887026234383e-06,6.883361257087149e-06,6.186291329802286e-06,4.174252230946088e-06,2.6420601430011223e-05,2.282982184770858e-06,1.8509685596148533e-06,1.8839294808173488e-07,0.060559141455295895,0.7539618193552196
0.066566009581639,2.035060063077694e-11,1.4559987831175381e-09,7.331605397414199e-11,2.6685950145610518e-08,3.956884831185809e-09,4.603206760734833e-09,2.8665879609630435e-09,1.2526815415769562e-08,1.4515323058098786e-10,0.066566009581639,0.7419961510743757
0.09563731345946938,1.530421673057663e-05,5.998552124119786e-05,1.6050105506394918e-05,6.284263497666025e-06,1.4464690421835808e-05,4.274548786106047e-05,1.8770994778126232e-06,2.341320446989268e-06,7.262141558974082e-07,0.09563731345946938,0.6908822429002123
0.09859952985983346,6.206895027581386e-08,5.0043247334352686e-06,2.7999141330442155e-06,2.179807614896704e-07,2.928495016521971e-06,2.1890523606708276e-06,1.3337072878025539e-06,1.2225514438411733e-06,7.732213732836565e-08,0.09859952985983346,0.6860077284761159
0.0921980508793025,8.889115189660509e-08,1.1712016707077056e-08,1.998667586320825e-07,2.432038837083325e-08,8.021700970630184e-05,3.1675634763862856e-07,2.875649027073553e-09,1.5651833439417802e-07,1.8420057414779984e-08,0.0921980508793025,0.6964274141711937
0.08462035986535249,5.191309856515965e-07,2.3706784385818608e-06,3.389673758377758e-06,8.103744426604473e-06,1.3783891672454092e-06,9.89369350211174e-06,3.9069101726075184e-07,5.220917460134191e-07,5.31682459530796e-08,0.08462035986535249,0.7091269606116701
0.08880227519815381,2.381411481053696e-07,8.700032482562428e-10,5.149015262975804e-07,1.4138658743609955e-08,1.2144710931548283e-06,2.2792263188639503e-07,1.0790335874339506e-08,1.8843675560358095e-07,9.823939511640407e-08,0.08880227519815381,0.7020050282134719
0.0854268052865623,1.8212242052818482e-10,8.805563190160838e-10,7.428648317080402e-09,1.125266091300491e-08,6.805853114902413e-06,8.35754787530339e-09,5.539932125111639e-10,5.340450060913616e-09,4.8118283241779866e-08,0.0854268052865623,0.7077272381393227
0.11686923673505463,3.8444274404983584e-09,1.0432167201040311e-07,1.3797177734425914e-09,1.500380467575688e-07,4.6756788013088113e-07,7.497999544976328e-05,1.345631415538599e-06,4.1093936457814876e-09,2.8584070551948826e-09,0.11686923673505463,0.6582024589805731
0.11797438783431027,1.8402641693247333e-07,1.9202941488039253e-06,3.220226146973002e-07,8.604195066583849e-09,3.3888882180750155e-07,4.2923115540339404e-08,6.489082637779472e-09,5.797567169814662e-09,8.193496878952717e-09,0.11797438783431027,0.6565283512060737
0.1197229888931978,5.9133655813135924e-08,4.039312239755181e-05,8.959064651805007e-08,1.410811326730275e-09,3.779567423024093e-08,3.737134727216774e-09,2.652397996871414e-09,1.103233722805411e-09,2.9419132028209833e-09,0.1197229888931978,0.6540234696175036
0.10459236006840855,3.3679617302403825e-07,5.715490740011236e-07,9.933528456268353e-07,2.2962713456403062e-07,1.7895984686364001e-07,5.552231632295715e-06,1.4019267486728187e-06,6.458851496495333e-06,4.1528358166047046e-07,0.10459236006840855,0.676606107750135
0.10401660445348168,5.016159543680752e-08,8.00177744978714e-09,5.206548612533514e-07,2.8296906247578327e-09,3.1818541051484864e-08,9.421422507520821e-08,4.90813725965033e-08,7.648866314366996e-09,1.5391310804858186e-08,0.10401660445348168,0.6774846010361779
0.10904848537065039,2.0553262977188198e-08,4.5075198778715527e-08,8.38628268730441e-08,1.5185724224076226e-09,1.316350723452645e-07,1.4719283611608881e-08,1.9662963749057434e-09,5.889216764311467e-10,8.193496878952717e-09,0.10904848537065039,0.6697753560425305
0.10072556295807308,4.1990982794237854e-07,2.2824168402159752e-06,3.069753717203093e-05,3.2946543344338136e-06,8.920042114684662e-07,1.4018445976985263e-05,1.14298284322464e-07,3.747734772679826e-07,4.065652803606433e-06,0.10072556295807308,0.682674339679937
0.13139230640279193,3.6850549365573e-07,4.597659360447687e-06,4.274130772752092e-06,1.9152859562253785e-06,3.133654806488014e-05,2.8906270927585905e-05,5.9515618355348925e-06,7.101544392441793e-08,2.6457584528300675e-07,0.13139230640279193,0.63758283912569
0.13545246639955333,7.328920386140437e-08,6.976168597475041e-09,8.545269654410863e-09,2.432290389145492e-08,2.116199093102996e-07,5.133885478376208e-09,1.277882227672487e-08,1.8194913352699877e-07,6.797255304454177e-09,0.13545246639955333,0.6319617584813645
0.1317145442236759,2.0394532781247658e-08,2.6362655938899376e-09,1.479112471796855e-07,1.0423810151820354e-08,2.6976429479097962e-08,4.113547459252085e-09,4.247169660199547e-08,3.4774917090321276e-08,1.7353554085932033e-09,0.1317145442236759,0.6370752542603245
0.12368283659065078,1.3997560633803923e-05,5.710238378162052e-06,6.069897256985413e-07,6.284263497666025e-06,4.616313589304153e-06,3.9701202629122816e-05,1.805831784545511e-08,1.0509477140288784e-06,5.0820498630568386e-05,0.12368283659065078,0.6484155050483515
0.12680024614395796,2.7931465309809113e-08,1.713921152585423e-08,1.684051391309597e-08,9.96404144727837e-09,7.037101454847484e-08,1.1809912192222789e-07,5.580256007532085e-09,2.7603969286327954e-08,2.192343643522612e-09,0.12680024614395796,0.6439100211544168
0.12453672408766986,1.3960167649784442e-09,1.8954016390931612e-09,1.6409972250254347e-07,9.439143165577088e-09,6.206207862650992e-09,6.8342322865294926e-09,3.2583013085200184e-09,5.833625006668784e-09,5.048901026041953e-10,0.12453672408766986,0.6471025529342945
0.15431479541422372,8.773473578660993e-06,0.0001620187443140934,0.00022820554606318668,5.728886380245552e-08,2.462641031974848e-06,4.249244187897654e-05,3.845421329658397e-05,1.9013722249864532e-05,0.00035890910335387594,0.15431479541422372,0.6078622117525894
0.1464542277276044,5.4873784608577426e-08,1.0432167201040311e-07,1.731162903748181e-08,1.2801235473736199e-09,2.9090992054751577e-08,1.9858218989784113e-08,3.1877341459848047e-09,1.4516252963853233e-08,1.3528385617210357e-08,0.1464542277276044,0.6173068225557659
0.15257072391357362,8.079068648521106e-09,1.919153517613868e-08,6.048421272203865e-09,1.1539212426450016e-10,1.184843019276785e-08,2.464243737732136e-10,5.145871567998252e-09,1.565554844593541e-10,3.46119606420788e-10,0.15257072391357362,0.609397015191396
0.14112189953218315,6.707141388359912e-09,8.673191561876413e-09,1.3134321694355106e-07,4.0192107677653156e-08,3.243412878253793e-08,1.963435805763672e-08,1.021011744994468e-10,4.930264924710292e-08,8.720315184148989e-09,0.14112189953218315,0.6243382928277028
0.14017741381295143,6.074432731652161e-09,4.4664961609579443e-10,1.2685502637841272e-08,5.4117422941937965e-11,9.8234701125856e-10,1.0910490175398144e-09,1.021011744994468e-10,5.568116438226631e-09,5.904034866450958e-09,0.14017741381295143,0.6255972839521513
0.17839607952925884,1.6222308204185428e-08,3.419195866493511e-09,5.031547741506667e-07,1.1331547084652409e-10,3.1818541051484864e-08,2.9587649428591833e-08,4.90813725965033e-08,1.9076906551158027e-07,1.2534759382050318e-08,0.17839607952925884,0.5776310593808782
0.1620977672614865,5.85669747456887e-06,5.611431507404933e-06,8.740452642245001e-06,1.0298813424821493e-05,3.168695666566244e-05,6.4417304699663765e-06,3.1599701103790604e-06,4.477354559824498e-05,0.0002847352083131685,0.1620977672614865,0.5977068575207194
0.16731052148604053,5.3378543289337264e-06,1.6408441323979947e-07,8.754326153078594e-07,2.3169354017188483e-07,2.2625741838211775e-06,2.0836234209656503e-06,2.849186974654525e-07,2.30364480289459e-06,8.640500678039716e-08,0.16731052148604053,0.590974754368215
0.1723503664042101,5.016159543680752e-08,5.8116835380412615e-09,5.031547741506667e-07,2.8296906247578327e-09,3.1818541051484864e-08,9.123299681639017e-08,4.90813725965033e-08,7.648866314366996e-09,9.045726152777456e-09,0.1723503664042101,0.5848495785571984
0.1948286323612287,0.00047645368145178964,3.757809832893661e-06,2.4392253727598718e-05,1.6591956730713822e-05,1.6704407675249795e-06,2.656094243322762e-05,7.660341723969491e-07,2.391818882075214e-06,1.1505700920228656e-06,0.1948286323612287,0.5590375796395198
0.1950436219461763,8.526177611130637e-08,1.044932361079956e-07,4.964758141918311e-07,1.1459697520879445e-07,1.785131395383824e-08,1.8048326231297707e-07,5.426984628165862e-08,2.1844049593334337e-07,4.0343807625341656e-07,0.1950436219461763,0.5583638726887133
0.19747885524241238,1.5955696296218754e-08,1.0240675332909006e-07,5.508675451010667e-09,9.082260203125512e-10,1.8788843951768783e-08,2.0000226123677815e-09,6.708697823732846e-10,4.2545126666932923e-10,5.9104008827554565e-09,0.19747885524241238,0.5556141881557909
0.18407011393428105,1.086976262124116e-07,8.62446992728169e-06,1.172662187508523e-06,2.318744458528607e-06,2.177567804705355e-06,2.1614358875604093e-05,3.822196969189757e-08,4.979146137128275e-07,2.964595573035402e-06,0.18407011393428105,0.5709971092173853
0.19303354636536305,1.492318729570803e-07,5.205665537890464e-07,1.1218479832101805e-07,1.6375420286566806e-07,1.1005227441732923e-05,1.2850476586305372e-07,8.466950535711119e-08,2.8341134811569236e-06,1.747854820666883e-07,0.19303354636536305,0.5606560087195283
0.19086013626495413,8.456143770462419e-09,1.0408841080474353e-09,8.235690051773892e-09,2.8574759965772913e-08,1.6604889778883022e-07,1.0421464023654249e-08,1.7154087039716833e-08,5.207265787757089e-09,1.778036271156115e-08,0.19086013626495413,0.5631247812937076
0.21907751644937107,1.5027594099504377e-06,5.825328890809551e-06,1.630078833680533e-06,3.872871419035524e-07,2.0771185485835874e-06,3.7636448620279993e-05,1.384838156880755e-06,6.954429905405165e-05,0.00015937901547638658,0.21907751644937107,0.5321568196333657
0.21734093407691202,5.43161993161734e-07,6.38799051246339e-07,3.719259519474342e-06,1.5443633890823564e-05,5.8873579422044355e-06,1.6921311800738624e-06,3.6051987008293216e-07,9.308964492271056e-07,4.281525763414571e-07,0.21734093407691202,0.533824349098548
0.21433394807880074,8.363398739670404e-11,3.454860426382405e-09,2.9527394127688467e-08,2.9843859592696486e-08,1.892520602346887e-08,7.344210534280605e-08,7.688941690971667e-12,4.413568185511052e-12,4.47539990982033e-10,0.21433394807880074,0.5370379742807402
0.21037007741979388,2.0378753682747357e-05,4.312365888754547e-06,1.7963021001397057e-05,4.2155195349572475e-05,1.0405467792479079e-07,2.656094243322762e-05,6.081086720059571e-07,1.229043971742136e-06,3.166147398593063e-06,0.21037007741979388,0.5414285872015956
0.20471780760096514,1.1860906462165852e-08,5.171689259073759e-08,2.5749113538694016e-07,4.071974872349066e-08,3.5144472289246775e-08,2.8716094783299584e-07,1.1560538896107593e-07,1.2782954986480651e-08,7.575378015617178e-09,0.20471780760096514,0.5475431143201449
0.23904631548909033,3.1823557400425195e-07,2.322948628817321e-06,1.1264758736365594e-06,1.9540173772138293e-07,4.866834320270538e-05,7.884252195025301e-06,1.397109319519683e-08,9.650395802512673e-07,3.7836225393827976e-07,0.23904631548909033,0.5111231181651018
0.23904631548909033,3.1823557400425195e-07,2.322948628817321e-06,1.1264758736365594e-06,1.9540173772138293e-07,4.866834320270538e-05,7.884252195025301e-06,1.397109319519683e-08,9.650395802512673e-07,3.7836225393827976e-07,0.23904631548909033,0.5111231181651018
0.2394397873936459,9.8416492286729e-08,6.005191371916454e-06,9.676897160956644e-07,1.367270278088841e-07,1.0452714244293367e-06,6.108941705494239e-07,8.574386820799442e-10,1.9615649428233923e-08,7.413236961766297e-08,0.2394397873936459,0.510680917001841
0.22246944437723398,8.773473578660993e-06,6.216667653066938e-06,0.00023818985055172083,4.393425391350752e-05,4.674127159806264e-07,4.005326190184838e-05,1.2880317739855158e-06,4.605211987177785e-06,0.00015297754267174792,0.22246944437723398,0.5287127610461836
0.22326227786833536,2.870308588742734e-07,5.589895989135883e-07,2.601602134766145e-07,2.1950518587297926e-06,2.177567804705355e-06,2.1614358875604093e-05,2.9855837199086376e-08,4.976348968703324e-07,2.964595573035402e-06,0.22326227786833536,0.5275169807853719
0.22207643492139592,2.9957557432206815e-10,6.4461387819559945e-09,2.9182841109782427e-09,4.501216990292944e-08,3.695733809363606e-08,5.694024404627697e-09,8.625475181753248e-12,1.018951113772805e-09,2.9227810876352348e-09,0.22207643492139592,0.528750212776227
0.25569434219805565,2.2272322015599134e-07,4.713754925098545e-05,5.4135912420011184e-06,4.17385874220059e-06,1.9013605896463414e-06,1.0204792180617618e-06,1.0538425951050681e-05,5.21961914245648e-07,5.024682773146955e-07,0.25569434219805565,0.4943910916266249
0.2545849399106732,6.206895027581386e-08,5.103851863400835e-06,2.817106650120874e-06,1.5238543756932771e-06,3.0815063273883077e-06,1.5538874739394623e-05,0.00016725592479219112,4.4276100526073855e-06,1.8209949843987209e-06,0.2545849399106732,0.4955866574523868
0.253154116190761,2.0031773210004797e-09,6.600147770491649e-09,4.062208699424784e-09,2.560378637517859e-07,1.9475593779067675e-06,7.431288578415048e-09,1.674505094682128e-10,6.306830148105645e-10,1.1767389922102669e-08,0.253154116190761,0.49685744367093276
0.24387765119159507,1.0021968750636853e-07,6.005191371916454e-06,9.676897160956644e-07,9.960595001909345e-08,2.1545096063638784e-06,6.108941705494239e-07,6.961364935411282e-09,1.9615649428233923e-08,7.413236961766297e-08,0.24387765119159507,0.5061678581230471
0.24738014239135292,1.0021968750636853e-07,6.005191371916454e-06,9.676897160956644e-07,9.960595001909345e-08,4.5297745285236596e-07,6.108941705494239e-07,6.961364935411282e-09,1.9615649428233923e-08,7.413236961766297e-08,0.24738014239135292,0.5026330213835564
0.24947279813823342,2.4019642731892368e-08,1.0432167201040311e-07,9.039867656840127e-07,3.8591022751988163e-07,2.181960882671509e-06,8.368940027066466e-08,2.5110278075302896e-07,4.37444384575638e-07,1.1497657863657757e-09,0.24947279813823342,0.5005307614408447
0.2709587961877764,6.622657207123759e-06,7.03280016039041e-06,3.3868794274140455e-06,7.975170780000126e-06,1.0594404042007451e-06,9.200208212649772e-06,4.988128930373705e-08,7.737142922296592e-06,7.217131506214892e-08,0.2709587961877764,0.4794948827174276
0.2722528124784006,1.226331787029599e-06,8.025864087909955e-10,5.736044779853661e-07,1.339900962968767e-05,2.442162348704642e-06,1.387269031161309e-05,5.600060852865695e-07,8.414772372351414e-06,6.986956780027444e-06,0.2722528124784006,0.47825658139425203
0.27754364655378916,5.3446674132735104e-06,1.713429937227308e-08,1.2665909286977133e-06,0.0001495133489769463,1.4988267075961972e-06,5.051088858592916e-07,5.6623247667062705e-08,8.131475826404508e-08,4.6961172800779106e-08,0.27754364655378916,0.47329251255502613
0.26714282287424373,7.153681227260971e-06,2.3979181387095043e-06,1.1209730636048063e-06,1.4575826594552873e-05,9.486467101390805e-06,7.430054427905615e-06,6.115827518677835e-07,3.373485346627732e-07,1.0813519534099911e-07,0.26714282287424373,0.4831734421412113
0.2673529064954197,3.5736184709752876e-06,6.486048548050175e-06,3.7849413531081872e-06,1.2384695563730831e-05,3.123538465956658e-05,1.5533932082999286e-05,3.6192600007429316e-05,6.53413122435167e-05,3.005647636845022e-06,0.2673529064954197,0.48306983968439415
0.2673529064954197,3.5736184709752876e-06,6.486048548050175e-06,3.7849413531081872e-06,1.2384695563730831e-05,3.123538465956658e-05,1.5533932082999286e-05,3.6192600007429316e-05,6.53413122435167e-05,3.005647636845022e-06,0.2673529064954197,0.48306983968439415
0.2992350336453653,4.147276212434318e-05,0.00011647925650380559,2.8454417537914927e-05,3.095426331655971e-06,1.9967194542314855e-05,3.529832430305216e-05,1.390778918083621e-07,2.32513408080042e-06,6.174585427724609e-06,0.2992350336453653,0.45316030473092983
0.29452764046856406,4.320451906306826e-05,5.482553351472173e-06,2.636452768939253e-05,1.2384695563730831e-05,1.9608352107305707e-05,4.166538793287097e-05,2.4945278483210897e-06,6.53413122435167e-05,2.9928661546917333e-06,0.29452764046856406,0.45745596157762103
0.29454766887827705,0.00019435153290486726,7.63079034451364e-06,1.83464023595734e-09,1.4715221229925708e-06,8.131638420074734e-09,2.0227718130782096e-07,1.804991903242565e-08,3.484496573455284e-07,3.141584293780904e-06,0.29454766887827705,0.45742849777881694
0.2839065921241651,6.622657207123759e-06,7.03280016039041e-06,1.7120521651794916e-05,4.8021179764792065e-06,4.626771617621125e-06,9.200208212649772e-06,6.067158442178122e-07,4.65491936881468e-06,7.217131506214892e-08,0.2839065921241651,0.46721129766070485
0.28350522286482926,6.684789563947931e-07,4.7408572160425384e-07,3.4936620816300783e-06,4.483333636453382e-06,4.639918724532193e-06,1.0237798125243466e-05,1.017487897222674e-07,7.650732572650692e-06,7.217131506214892e-08,0.28350522286482926,0.46757126512954955
0.2866686871817638,2.3786052605020578e-08,3.7335267719484455e-08,2.2188898126940263e-08,2.5196834890511496e-08,4.545913909683316e-07,1.1996661640817577e-07,2.737519809154347e-07,2.436580170866709e-07,3.2909474707146557e-09,0.2866686871817638,0.4645863811622754
0.31809891299367665,0.00017475093997570067,9.777307960000252e-05,1.9641534923229962e-05,9.335308103188217e-07,3.2015305014483164e-05,1.165144731752609e-06,1.7030426524510533e-06,7.496667999870815e-07,1.6942249381780119e-07,0.31809891299367665,0.4362335761621438
0.31929896936818386,3.156397905812108e-07,3.703358232015468e-08,1.1169953796505263e-08,7.789560809398834e-07,2.0083251945193775e-09,2.9635275054699745e-08,7.3700309132808255e-09,2.480933712300608e-07,6.397166857589855e-08,0.31929896936818386,0.4349356159824878
0.3004883551051567,0.0001354766376951442,1.7595334566901635e-05,2.6241055410535445e-05,8.07002546458453e-07,2.8513309743195458e-06,1.3615340640977405e-05,5.674686605891998e-07,1.3363974455763657e-06,5.3980951124062235e-08,0.3004883551051567,0.451975947942305
0.3106166349512489,6.590604582050054e-06,1.44134752185662e-06,1.1240182014974548e-06,4.217824909206957e-06,1.3811383993984147e-06,9.16440069540343e-06,9.337133366599012e-09,9.523503326844422e-07,1.2805674591942144e-07,0.3106166349512489,0.4426881242529588
0.30338947777627323,2.439103756359471e-09,3.628332983307285e-09,1.9774684246067828e-08,3.6634325146877416e-10,7.690260056579711e-09,1.6381737214896116e-09,9.764131138413011e-12,8.022871554481697e-10,4.426321449499999e-10,0.30338947777627323,0.4491920040447342
0.33771312864582703,1.1432524259397933e-05,0.00028034763057576876,7.384909403813629e-06,2.718862631103049e-06,5.9964879145343354e-05,2.376208336027257e-05,1.061128555374681e-05,3.984260038019516e-05,7.0906309345116555e-06,0.33771312864582703,0.41918349910404895
0.33780762898698324,6.33134460173336e-09,4.55928526814943e-07,2.97498934117023e-08,1.652685404975162e-08,7.976760080384312e-09,2.8498933709034192e-08,1.7714471418639216e-10,4.20331135513126e-08,1.6596976434519116e-08,0.33780762898698324,0.4187882218438769
0.33780762898698324,6.33134460173336e-09,4.55928526814943e-07,2.97498934117023e-08,1.652685404975162e-08,7.976760080384312e-09,2.8498933709034192e-08,1.7714471418639216e-10,4.20331135513126e-08,1.6596976434519116e-08,0.33780762898698324,0.4187882218438769
0.33324589627282586,1.7332621663157372e-07,3.4782522410774704e-08,1.087898376750269e-06,2.92392541102959e-07,8.035665489122854e-07,9.15044329290362e-08,3.256620231701756e-08,7.349525917413512e-08,2.096340126655466e-07,0.33324589627282586,0.4227274497153971
0.32412608509389307,6.601865080642865e-06,4.744393782776414e-07,2.8062040677690034e-06,1.1602585433921037e-07,1.1816778030006481e-07,3.1663883363739564e-07,7.582223743699536e-07,4.5398943975214126e-08,1.121322671752102e-06,0.32412608509389307,0.43068811785917666
0.33172272961783605,6.047640489214093e-09,1.9197890543219343e-05,3.2283584246590375e-10,2.096015525633501e-09,4.5390109330272984e-07,8.585624172833618e-08,2.2689547272133595e-09,1.1155670567439464e-06,7.607794304987631e-10,0.33172272961783605,0.4240610996956045
0.3582173207165184,3.3153921463986935e-06,6.790109258409354e-08,9.094326465653564e-07,2.900739370000395e-06,1.7882184424689368e-06,2.1086260064371826e-06,6.8180063503802315e-09,5.718703551628975e-07,6.277164726227222e-06,0.3582173207165184,0.40149998541067666
0.3527641862439595,1.602463326994795e-08,4.918054218727225e-08,2.60462656192586e-07,2.1578257574026118e-07,1.1257141726827041e-06,6.048174444132908e-07,3.564167462405257e-08,4.840657101185773e-07,7.225842052619884e-09,0.3527641862439595,0.406062420088369
0.35460018500097434,2.1941778892014524e-08,5.5649253707086536e-08,9.533725346882858e-09,4.262245176966615e-08,3.497294633196956e-08,2.289258601999535e-09,7.231670105624177e-10,2.7342815770281945e-08,5.590028343249939e-10,0.35460018500097434,0.4045169848106451
0.37550680323169516,0.00017475093997570067,0.00010014870476478638,1.9641534923229962e-05,9.335308103188217e-07,3.5000933055069436e-06,1.165144731752609e-06,5.0227622058491433e-08,7.496667999870815e-07,1.6942249381780119e-07,0.37550680323169516,0.3874227593383155
0.3769223674475588,1.7936654905421945e-08,3.977557890906505e-07,6.0201739186752445e-06,1.953222200920008e-07,2.439993743306318e-06,1.5149807878270617e-05,2.9386987574963045e-07,4.733560460239246e-07,1.0447169128303217e-07,0.3769223674475588,0.3860773543233402
0.36924630509723255,4.890192975064748e-08,5.042924140147409e-06,6.340450034435794e-07,2.5562495776804536e-09,1.3730994846654037e-07,5.832644845731341e-09,8.219959690490056e-08,1.375549930498198e-07,7.543171615462175e-09,0.36924630509723255,0.39234784204762285
0.3891141863806752,2.5434856792739723e-08,5.304835593028713e-08,1.5341214295654211e-07,8.341705606063209e-09,3.813761694983226e-08,8.099319946522623e-09,7.516248724714124e-07,3.87807019971793e-07,9.910543867797794e-08,0.3891141863806752,0.3762108711985153
0.3891141863806752,2.5434856792739723e-08,5.304835593028713e-08,1.5341214295654211e-07,8.341705606063209e-09,3.813761694983226e-08,8.099319946522623e-09,7.516248724714124e-07,3.87807019971793e-07,9.910543867797794e-08,0.3891141863806752,0.3762108711985153
0.3891141863806752,2.5434856792739723e-08,5.304835593028713e-08,1.5341214295654211e-07,8.341705606063209e-09,3.813761694983226e-08,8.099319946522623e-09,7.516248724714124e-07,3.87807019971793e-07,9.910543867797794e-08,0.3891141863806752,0.3762108711985153
0.3853514136185022,0.00014149810289638308,0.00020454060394401276,0.0004244141946751812,7.172485238639808e-05,4.057646086820993e-05,6.467381510154112e-05,5.0708424173753254e-05,0.0005574767941008218,2.0589592303191847e-07,0.3853514136185022,0.38030631151850675
0.3813071512972624,2.396305238786824e-07,7.852688356778824e-05,1.95805876053922e-05,1.2673787889404549e-05,4.0175723144402473e-05,0.00012041533799331288,1.0496811604695933e-05,2.6293076504581855e-06,1.697200314421789e-07,0.3813071512972624,0.38269621887557326
0.38041053849899276,2.5434856792739723e-08,5.304835593028713e-08,1.04045223591244e-08,8.341705606063209e-09,7.234404292309558e-09,2.9563474511354595e-08,2.7673431106816427e-08,8.48492999703112e-09,5.423844178970378e-09,0.38041053849899276,0.3832258203525096
0.4154123797078537,0.0004177788744770738,6.929451915167601e-05,6.470298408131573e-07,1.2220915037120336e-06,4.9539917528671416e-05,7.469016322307437e-05,9.511580211373695e-06,1.1910066901083875e-05,0.00022230515654132765,0.4154123797078537,0.35605588642985814
0.41759358042259176,6.699990186899219e-07,4.4169105740449985e-09,5.511332657716729e-07,1.2555594835126116e-07,3.9356960401997705e-07,9.301386585403455e-08,7.894761852054785e-08,5.801310098707371e-07,9.378218519694185e-08,0.41759358042259176,0.353786943710539
0.41620407589384634,1.4568836042758558e-09,2.6999786664131935e-07,5.059947115168024e-07,7.847385379379058e-08,3.2652186031173936e-08,1.3333695418676046e-07,6.249167249999577e-08,7.140078878756361e-08,1.0809720271168961e-08,0.41620407589384634,0.35486198671342145
0.41061884210791144,0.0002740518442813579,6.476744593683501e-06,9.359263927300922e-07,2.9910198656526603e-06,2.0734009809262696e-06,0.00021592786573707158,0.0008786127857766048,3.0176935608954395e-06,1.8385513761342728e-06,0.41061884210791144,0.36014655604268164
0.40140864563580436,1.2274693871536048e-07,4.916327208344731e-09,3.3120431224646697e-07,1.7924404415101164e-08,1.095798519162642e-06,5.134492206414575e-08,3.1662825431525874e-07,1.7330709838414746e-08,9.871043342242099e-08,0.40140864563580436,0.36643321963857634
0.40136819388084205,3.157544155088293e-08,1.5089626333216578e-09,5.885449873668164e-08,2.8646340994031545e-08,6.783336841993334e-05,5.744179242499343e-08,1.3525190207918672e-09,5.208818249302225e-09,8.081443302095361e-09,0.40136819388084205,0.3665102170192444
0.43844955490921134,3.89142452807942e-07,2.8221564684728078e-06,3.938554828081037e-06,3.261920276298022e-06,2.9460132644573176e-09,1.4515884631985423e-05,6.210436991978332e-07,5.468936689485314e-07,1.77476921808278e-08,0.43844955490921134,0.3378622350754053
0.4383212308219289,1.2494480817430344e-09,9.981843080718146e-10,2.582155028043059e-09,4.936424785789508e-08,1.4006218266070343e-09,7.069756399381565e-09,8.133357715496852e-12,2.2693418325788576e-10,1.3510178451621506e-06,0.4383212308219289,0.33794261700279865
0.42996132364173045,3.3679617302403825e-07,5.547300487422835e-07,1.2962327161854545e-06,7.561665705987346e-08,1.7249031259949016e-08,5.552231632295715e-06,5.725625954653171e-08,3.271702070785699e-06,4.014413108264539e-07,0.42996132364173045,0.34429341085004883
0.42574742875737137,4.791023999650825e-08,3.7521392420048204e-09,2.416536555633217e-09,1.4869673229103362e-08,3.9886134940475e-09,9.603823231734057e-09,4.331860624558647e-09,2.3285881923122353e-08,6.245686298037216e-10,0.42574742875737137,0.3475068342485574
0.42574742875737137,4.791023999650825e-08,3.7521392420048204e-09,2.416536555633217e-09,1.4869673229103362e-08,3.9886134940475e-09,9.603823231734057e-09,4.331860624558647e-09,2.3285881923122353e-08,6.245686298037216e-10,0.42574742875737137,0.3475068342485574
0.4476467705390572,5.240128814531341e-06,1.346633960795372e-07,1.4904445299797082e-06,7.664377216294692e-06,1.4985650401173337e-06,2.9208692098114837e-05,1.5369063223229927e-07,1.3783292602134183e-07,1.8764097357893168e-08,0.4476467705390572,0.3309662098768562
0.4533695157839169,2.2506554873068814e-07,2.7171586462444394e-08,1.069018661078216e-07,1.2820730218878317e-07,1.2169951681579687e-06,1.5384223953888578e-08,4.015960303552522e-09,1.1978557907209444e-06,6.0060740672915115e-09,0.4533695157839169,0.32667474382527767
0.4581251522180655,6.047640489214093e-09,1.9195536304602997e-05,1.4660598264233667e-08,1.0191688952231157e-06,5.8180059446228e-07,8.59547188743006e-08,2.2689547272133595e-09,6.446911135078909e-05,4.870655674521483e-08,0.4581251522180655,0.3232070835519074
0.4704732355652175,9.930146943167088e-07,8.361014816832674e-05,2.534709830464344e-05,2.3149971874457908e-07,1.7792162441855475e-06,3.3275640425413014e-06,7.586484501091343e-08,2.5579008261384593e-06,2.1874826889085213e-06,0.4704732355652175,0.31416840302985
0.46750427714590337,1.6845313527209837e-08,9.20107915485009e-09,2.4378388368776282e-06,2.197509973851622e-07,2.439993743306318e-06,1.5149807878270617e-05,6.761620775882839e-08,4.733560460239246e-07,1.0447169128303217e-07,0.46750427714590337,0.31627092304075893
0.47873585718834966,5.215499116592125e-08,3.1341042679068864e-09,1.0005093100014668e-08,3.9983209257226024e-09,2.5318562399115455e-08,1.6156588438123833e-08,8.790753134626153e-10,1.1821361549361928e-07,2.8737605963437468e-08,0.47873585718834966,0.30809276406674135
0.46114892099970684,8.028886443938474e-06,8.361014816832674e-05,7.679689246511067e-06,2.843783706646277e-06,4.500782481702684e-06,4.243684618250418e-05,3.023795648242171e-06,5.349028603997283e-06,3.094011017926827e-05,0.46114892099970684,0.32104497646544405
0.46114892099970684,8.028886443938474e-06,8.361014816832674e-05,7.679689246511067e-06,2.843783706646277e-06,4.500782481702684e-06,4.243684618250418e-05,3.023795648242171e-06,5.349028603997283e-06,3.094011017926827e-05,0.46114892099970684,0.32104497646544405
0.46000243486898584,5.927830220759313e-08,4.4195533536704964e-07,1.8955168325078913e-07,2.253794329585784e-08,3.317412639451872e-07,1.753158027057291e-07,8.545495051482362e-09,6.117017172256144e-09,1.2053361718060297e-09,0.46000243486898584,0.3217660236956618
0.4909565998875281,1.0824044424853082e-06,9.18400579285614e-08,1.7450145630715958e-07,1.8137006770406376e-07,9.386024282370889e-08,1.001701368360111e-05,7.121383003190238e-07,2.7285984156517082e-08,6.495840795542353e-08,0.4909565998875281,0.29932513278209455
0.4987841543219199,9.066208733633483e-09,5.637889083877634e-10,1.2814677835298913e-08,1.7753214828858954e-10,1.487534803498979e-08,3.0690645262009726e-08,4.694252858647275e-10,3.824172557076728e-09,1.0061389715393117e-09,0.4987841543219199,0.293753522362526
0.49744774208202974,2.348794204760162e-09,6.796592664045855e-09,4.174742434655711e-09,2.571679160964401e-08,1.0511722122810572e-10,3.967565880203356e-08,3.145208302860543e-08,2.2423443822564413e-08,1.098771508066946e-08,0.49744774208202974,0.29470033965729653
0.4831486535640286,2.478447008103496e-08,6.473692831835788e-09,4.725553521634688e-07,2.1767391949199273e-07,9.63657958499116e-10,4.610014716109325e-09,2.7319897807552384e-08,2.3722815886800506e-08,3.3355426915363366e-09,0.4831486535640286,0.30491155614853455
0.48892862948487525,1.2494480817430344e-09,9.981843080718146e-10,2.582155028043059e-09,4.9119623380736805e-08,1.4006218266070343e-09,7.069756399381565e-09,8.133357715496852e-12,9.894112266325243e-11,4.050760753285449e-08,0.48892862948487525,0.30076575043058323
0.4882949962743347,1.8212242052818482e-10,9.951768510762841e-11,7.252001344813899e-09,1.0770698658065125e-08,1.7469343732981643e-07,5.53367594683461e-08,1.3525190207918672e-09,5.340450060913616e-09,8.081230526665435e-09,0.4882949962743347,0.3012190922483489
0.5188865778698616,9.066208733633483e-09,4.0131620642885893e-10,1.2857132131582197e-08,1.7753214828858954e-10,7.466737462986643e-09,6.394464906649331e-09,3.545790422384954e-10,3.84189504721882e-09,5.86221760631325e-09,0.5188865778698616,0.2796622076563709
0.5188865778698616,9.066208733633483e-09,4.0131620642885893e-10,1.2857132131582197e-08,1.7753214828858954e-10,7.466737462986643e-09,6.394464906649331e-09,3.545790422384954e-10,3.84189504721882e-09,5.86221760631325e-09,0.5188865778698616,0.2796622076563709
0.5068567547591705,1.9736255700135943e-07,3.9024591279324263e-07,6.487981843230234e-07,1.3018950469703112e-07,1.8034573335725251e-06,2.0698993195999573e-06,2.6497896881356344e-07,5.146665118134881e-07,9.864759147010209e-08,0.5068567547591705,0.28806521070269203
0.5149442568310193,8.046265486425399e-09,6.123328179310118e-10,8.335079727684506e-08,3.8537873357545935e-09,1.871516479261826e-08,5.118253043635613e-09,4.6359929696539023e-10,1.595207966221053e-08,5.922541774662265e-09,0.5149442568310193,0.2824039255097934
0.5135261567273369,1.1710472210083716e-06,3.666018180946092e-09,2.0679121460287626e-09,2.666493771689261e-08,5.5714749990262785e-09,5.263761576656369e-09,3.06559152801095e-09,1.414508438503367e-09,1.7298622914798858e-09,0.5135261567273369,0.28339338946964926
0.5344676123040395,3.2379070801612507e-06,9.35437088583864e-09,1.7544724067465898e-07,4.2252504581065107e-08,1.1336538716122102e-08,5.879677037320982e-07,1.4231573117035441e-08,1.0325925202439055e-07,4.828546490988899e-09,0.5344676123040395,0.26892973764132083
0.5344676123040395,3.2379070801612507e-06,9.35437088583864e-09,1.7544724067465898e-07,4.2252504581065107e-08,1.1336538716122102e-08,5.879677037320982e-07,1.4231573117035441e-08,1.0325925202439055e-07,4.828546490988899e-09,0.5344676123040395,0.26892973764132083
0.5344676123040395,3.2379070801612507e-06,9.35437088583864e-09,1.7544724067465898e-07,4.2252504581065107e-08,1.1336538716122102e-08,5.879677037320982e-07,1.4231573117035441e-08,1.0325925202439055e-07,4.828546490988899e-09,0.5344676123040395,0.26892973764132083
0.5540017159846861,2.67429637972898e-06,1.4621671692872414e-05,1.6351816140645096e-06,0.000174520925567893,1.4747573198859845e-06,1.6386830904456742e-05,0.00041818452537193703,1.3623151517254067e-06,8.75545595460488e-06,0.5540017159846861,0.25608870143223084
0.5550802923768549,2.1175413494273565e-06,3.675642976501436e-08,2.037941450170188e-06,6.135514428303703e-07,1.7959691551629495e-06,5.503255905029768e-07,1.4795404313732146e-07,4.6011708197268877e-07,2.096340126655466e-07,0.5550802923768549,0.2549678928480286
0.5592188940996523,1.8399028991146048e-09,3.666018180946092e-09,1.1507066031714872e-09,2.666493771689261e-08,9.855302734524969e-11,2.053803529025359e-10,7.190478580969493e-10,1.414508438503367e-09,7.805028005605667e-10,0.5592188940996523,0.25219062597209013
0.5431793187345312,1.3346985093694026e-06,1.1656266553874696e-06,1.7646440207069608e-07,3.2261358033688073e-06,1.7803308335298086e-06,2.0376286726267388e-06,9.414695030829419e-08,3.8062631503599456e-06,3.600590643591554e-07,0.5431793187345312,0.26300182872906985
0.5445362500352265,6.0326933293013e-08,5.0043247334352686e-06,2.7999141330442155e-06,4.358204879578924e-08,2.932596233442664e-06,2.1890523606708276e-06,1.9193459917575315e-07,4.793734926716055e-07,7.498090888864843e-08,0.5445362500352265,0.26208169817235116
0.5445362500352265,6.0326933293013e-08,5.0043247334352686e-06,2.7999141330442155e-06,4.358204879578924e-08,2.932596233442664e-06,2.1890523606708276e-06,1.9193459917575315e-07,4.793734926716055e-07,7.498090888864843e-08,0.5445362500352265,0.26208169817235116
0.5796147583903962,5.412804774601258e-07,4.830234192830233e-07,9.016970172700118e-07,1.2696652121664298e-08,1.7810487022480437e-07,9.205489978541836e-09,1.900914289305101e-08,2.439762043318524e-07,5.936795538409485e-08,0.5796147583903962,0.23867717129714877
0.5796147583903962,5.412804774601258e-07,4.830234192830233e-07,9.016970172700118e-07,1.2696652121664298e-08,1.7810487022480437e-07,9.205489978541836e-09,1.900914289305101e-08,2.439762043318524e-07,5.936795538409485e-08,0.5796147583903962,0.23867717129714877
0.5762331129534524,0.00038299275260713587,1.1888887409614066e-05,3.106951235458638e-05,9.013059702226823e-06,2.147084186585483e-06,2.609720715755295e-05,1.4034421917467506e-06,4.298000110195035e-06,7.065202443125303e-07,0.5762331129534524,0.24119119486323662
0.5708301788706921,4.356747967451061e-05,3.3775988480892677e-07,1.980049639785634e-05,7.795001597933853e-06,2.147084186585483e-06,2.093429155436101e-06,1.407492885683066e-06,4.298000110195035e-06,7.057086413005309e-07,0.5708301788706921,0.24451807577215973
0.5990561817186857,3.82033902053814e-06,1.623359818533537e-08,2.8738508049510973e-06,1.809543758262074e-07,6.146501736543773e-06,9.904323231027454e-07,1.2610307874034675e-06,5.543084552754647e-06,3.600590643591554e-07,0.5990561817186857,0.22602579378638257
0.583041675678664,3.2379070801612507e-06,7.493545149275584e-08,1.925555559131593e-07,2.834168546927849e-06,1.0989842888105175e-08,3.0682227965544e-07,1.261247741009006e-07,1.7557980244315081e-07,1.1917965497054862e-07,0.583041675678664,0.23643271868759153
0.5929345491359295,6.010649139560343e-09,1.379660453634969e-09,4.062208699424784e-09,1.403727851790539e-09,2.683087465574832e-09,9.029061537346161e-09,8.665647671202575e-11,8.171838448315247e-11,6.899552056797733e-10,0.5929345491359295,0.22997758146011368
0.6099875741006939,0.00046869133121583474,2.8368408200328553e-05,1.4997559983488867e-05,1.6790319217477833e-05,1.1871343000483995e-05,5.585008712617317e-05,1.4562360402348922e-06,2.059802476245693e-06,0.00010474618513339756,0.6099875741006939,0.2194126244645363
0.619012763764691,1.6423301257415615e-06,7.944887026234383e-06,6.7674402553889785e-06,6.186291329802286e-06,4.174252230946088e-06,1.6286934273478866e-05,1.171825923937015e-05,1.8509685596148533e-06,3.073477709661707e-06,0.619012763764691,0.21326253968440287
0.6047736601192256,6.104155605373802e-08,5.061174596672837e-08,1.887381732946336e-07,2.2790715309272138e-08,2.8715685153838097e-07,2.3609607012853104e-07,5.03988980152669e-09,3.1177637272756464e-09,9.604583219535501e-09,0.6047736601192256,0.2223285792578512
0.6018607339162355,4.9387786768891405e-09,9.600556076127554e-09,5.000014465688283e-08,1.6609095553811225e-08,1.7326210731493452e-09,9.509084255239187e-10,3.758244584387161e-10,6.986058837892144e-09,1.8264429452733438e-08,0.6018607339162355,0.22420322895749717
0.6051177137937683,4.97586970399434e-10,6.68275057906088e-09,3.517324826887225e-08,2.9843859592696486e-08,8.018783471567247e-09,8.585624172833618e-08,3.640730771503111e-11,8.654936186338979e-11,4.45670434097568e-10,0.6051177137937683,0.2221069769092115
0.6319553165220019,6.772719887707327e-10,4.480941598122235e-07,8.95236510876484e-07,1.6216870922644873e-07,2.1920178688372954e-06,4.2195152898516824e-05,8.046903758752633e-08,5.196883895093173e-07,1.1363192877677956e-07,0.6319553165220019,0.20507190933194883
0.6320987112637902,5.412804774601258e-07,6.31397515396166e-09,9.016970172700118e-07,1.2696652121664298e-08,1.7810487022480437e-07,9.205489978541836e-09,1.907335644127673e-08,2.439762043318524e-07,5.936795538409485e-08,0.6320987112637902,0.2049548299797793
0.6240871300764649,8.77505851035673e-09,5.6157361743752275e-09,1.8886136879136268e-07,1.0293784942152069e-08,4.7707409174880386e-09,1.760618466642708e-08,6.3580325522149905e-12,2.345553420817886e-10,8.651360550520843e-10,0.6240871300764649,0.21000828896668813
0.6448780878851629,6.369759140030106e-05,2.0665866364503713e-08,1.8722494621130608e-06,1.085809603149827e-06,4.195045864051726e-08,4.359186529793288e-06,2.368752472886379e-08,7.265284211545905e-07,5.164514295095489e-07,0.6448780878851629,0.19700027946934276
0.6532268430642136,4.890192975064748e-08,5.110840462408935e-06,6.340450034435794e-07,2.5562495776804536e-09,1.3752836580087562e-07,2.1264643319566652e-08,8.219959690490056e-08,1.375549930498198e-07,5.144411830251323e-07,0.6532268430642136,0.19177948568501393
0.6529990747828845,5.994527411145588e-08,8.228036071649938e-10,3.0376794710307577e-09,1.0581610301255159e-08,1.7503957337390697e-09,1.6735646341393875e-09,1.04006429841826e-08,4.5775823057067295e-08,1.7562573089437517e-08,0.6529990747828845,0.1919165087601333
0.6784011877323712,2.0275436181557627e-06,7.75495496947243e-09,1.0442998299271407e-06,3.599992267190735e-06,1.499352841570854e-07,1.9451755988560402e-05,5.947675593169451e-06,1.3265825033145659e-06,2.4121690637701144e-07,0.6784011877323712,0.17636874621004747
0.6746016893895108,5.3657575164918966e-08,2.779766059034642e-07,1.8556068388989971e-07,9.330491862104718e-09,2.254227109682298e-10,4.994745700556112e-08,3.693322195762746e-08,3.740168403187018e-08,8.449022568640321e-10,0.6746016893895108,0.17865898780179626
0.6774528468684187,2.2575840215221733e-09,3.09454545373813e-09,7.116504706679413e-09,1.0715765351021752e-08,1.54631540718142e-08,4.489839023240634e-09,2.694624118987207e-10,1.3224589380695827e-08,1.7635021693418475e-08,0.6774528468684187,0.1769248060312654
0.6659919735180007,1.594335602971395e-08,3.4284145314733463e-09,1.123256846038164e-07,2.196705103535047e-08,7.447801997119637e-07,1.4005676837957328e-07,1.5912648398404156e-08,1.4784471488639265e-08,4.098122834787788e-08,0.6659919735180007,0.1839173443267995
0.6694061151797525,2.586838789461451e-08,2.5631761044323815e-08,1.6467918185071165e-07,1.0645713501511293e-08,2.8829794636690673e-08,4.991498432213558e-09,4.247169660199547e-08,3.4774917090321276e-08,2.022601746419933e-09,0.6694061151797525,0.18182777699175118
0.6638079359385232,8.873434162613414e-09,5.910143949894162e-09,1.1263627183376662e-08,2.2763100761020277e-08,4.250788205052915e-09,1.8762157629398926e-08,1.1674673073457707e-10,7.796325029587139e-10,7.120893795287046e-10,0.6638079359385232,0.18525595121721697
0.6956413792537068,1.2138825224784628e-05,5.419447128292531e-08,8.236583809179875e-07,1.2338545940724404e-05,3.6052549077780273e-09,4.570631001012113e-06,1.1766592897473991e-06,1.7611552843903447e-06,9.832526014752876e-07,0.6956413792537068,0.16596854907838995
0.6986331784359678,3.028695606275823e-08,5.079228910071199e-09,1.9762614682986633e-08,8.403780228236707e-09,2.106202679697905e-08,3.1798239137441496e-07,2.9001081151574028e-09,1.6764777017095563e-08,1.7411186689818586e-08,0.6986331784359678,0.16415746062400047
0.6986331784359678,3.028695606275823e-08,5.079228910071199e-09,1.9762614682986633e-08,8.403780228236707e-09,2.106202679697905e-08,3.1798239137441496e-07,2.9001081151574028e-09,1.6764777017095563e-08,1.7411186689818586e-08,0.6986331784359678,0.16415746062400047
0.7130150253042448,4.383138667299207e-05,1.464304397812173e-07,1.602494538572399e-05,5.063855731932911e-07,1.1018402789059237e-06,4.642599916390281e-07,1.6457945703889373e-05,2.5792504506305727e-07,7.044644118780817e-07,0.7130150253042448,0.15564376277150993
0.7101698713380566,1.6812994055140825e-06,8.955634755984991e-08,1.394124698655473e-08,1.3358286179223083e-07,6.704527606051333e-08,7.700201184029547e-08,1.470594428018554e-07,1.762476688881552e-08,5.415675158112301e-09,0.7101698713380566,0.1572855204514441
0.7099870446036852,2.211048803136729e-08,3.5377430689488504e-07,1.2857132131582197e-08,2.178147458969314e-12,4.6061901657336744e-07,3.0690645262009726e-08,2.459540706823964e-09,4.253084189627786e-09,1.7714989332890066e-08,0.7099870446036852,0.15739323375095893
0.7020868458367429,1.9231339092267333e-07,6.102896885122784e-07,1.887381732946336e-07,1.2914305843013392e-07,2.4290715963901934e-06,3.4315569806408165e-06,2.872735288792037e-07,2.3698391682117214e-08,1.1934407952541145e-08,0.7020868458367429,0.16209801663032722
0.7005676403986377,1.7401728111553086e-06,9.030093988250804e-08,5.809939198921009e-06,1.2511668036592188e-07,5.484096085554722e-07,8.899449902256852e-08,1.4763820708746068e-07,1.762476688881552e-08,7.149248351419743e-08,0.7005676403986377,0.16300583617817294
0.738706805565423,1.1449980754657444e-07,2.1754030534970007e-06,8.989083639148847e-07,1.3018950469703112e-07,4.672837499488643e-06,1.6314788118874998e-06,2.6497896881356344e-07,5.146665118134881e-07,2.219084282981612e-07,0.738706805565423,0.14052551491854248
0.7335088641660354,3.2379070801612507e-06,1.4370071788989944e-08,1.7933042613254474e-07,5.825669698886398e-05,1.0989842888105175e-08,2.984882991375847e-07,1.445548552287965e-07,2.6664554312215793e-08,1.1917965497054862e-07,0.7335088641660354,0.1435842948278876
0.7323273424246062,6.0745380808675645e-09,4.4664961609579443e-10,2.5998461056862867e-09,5.4117422941937965e-11,1.1845935858150489e-09,1.5984359823453692e-08,1.021011744994468e-10,3.6992547468249233e-09,5.52329175510435e-11,0.7323273424246062,0.14423875242435022
0.7579425820058525,3.7097633571144646e-06,3.5502386417502115e-07,1.0724627024423843e-06,1.0860672636190227e-06,1.567847634456374e-07,1.7229985323707625e-05,1.299401763640136e-07,4.670698885652409e-07,1.688681025418865e-07,0.7579425820058525,0.12941478631687933
0.7543635362509586,5.836238537553695e-08,1.1545361350412846e-08,2.2188898126940263e-08,2.5196834890511496e-08,4.545913909683316e-07,8.878741341138943e-09,2.754874376610061e-07,2.2035131805466131e-07,9.882423760232652e-09,0.7543635362509586,0.1314595757580629
0.7530381928019655,7.023443793351164e-09,7.929014506250762e-08,2.7236911565894946e-08,2.1379670374965985e-08,1.6052749732698833e-08,1.4829100569510542e-08,3.238759977038753e-09,1.338810487898158e-08,1.7851824746509618e-08,0.7530381928019655,0.13222238101407108
0.7756298346737446,6.023994524205422e-06,1.6082880533481035e-06,2.8155638536909043e-06,3.918624869130034e-06,8.952615505505538e-06,9.987511404464853e-06,1.127491663494965e-06,1.0165240979778788e-06,1.2605192850437183e-06,0.7756298346737446,0.11932205307199623
0.7752857839544427,8.179284410049623e-07,8.503083795182107e-11,1.084480670262446e-06,2.742583513497341e-07,1.7893340861803057e-06,3.861839597383228e-07,3.44157270094428e-07,1.795201831692517e-06,1.0993346749898923e-06,0.7752857839544427,0.11950110653551686
0.7719738069758857,1.9231339092267333e-07,6.089094661850339e-07,1.4245515776341034e-07,1.2435561337699634e-07,2.4290715963901934e-06,3.4315569806408165e-06,1.9050285813134605e-07,3.4774917090321276e-08,1.1934407952541145e-08,0.7719738069758857,0.12138361802057779
0.772323294570632,3.900880886144028e-08,3.768459085802453e-08,2.446279271680684e-07,1.9208601418186402e-08,9.088284082678019e-09,1.7397373580533374e-07,4.016612393945404e-08,4.109148106178854e-07,1.0375925770936349e-07,0.772323294570632,0.12118134295227788
0.760541995143525,1.2877269739484151e-09,1.837133980345717e-09,4.333411011200646e-09,1.5549899738830902e-08,1.8151191237060757e-10,3.125210580561615e-07,1.1150104673624627e-09,3.3690689381439466e-09,5.866218580445877e-09,0.760541995143525,0.12790960632263457
0.7865595314822615,5.37927661813439e-07,5.706652219261135e-06,1.5459138933474031e-06,1.311329376202281e-05,1.5259000111247694e-06,3.7655608630516423e-07,1.5049824343413124e-07,5.018709330004737e-07,2.8306553139706077e-08,0.7865595314822615,0.11313115673347668
0.7969833065873513,4.7696860088654725e-08,7.687654386944903e-07,1.780474950673541e-07,8.519549494382737e-09,2.3060067309030366e-08,4.272253343281863e-08,6.489082637779472e-09,5.797567169814662e-09,8.299353290794081e-09,0.7969833065873513,0.10726138779432214
0.7884005287893002,3.143495139877542e-08,3.0846607892924102e-09,0.00023582627028855387,4.116212410451986e-07,1.5990295929860935e-09,7.355764287276916e-09,3.226265667542348e-09,7.527179494714989e-09,1.1828870632347963e-08,0.7884005287893002,0.11221218775148009
0.8173254680535293,0.00017375071244547758,4.772745829740191e-05,2.778490763377866e-05,2.262935748560494e-06,4.137508316204151e-05,3.4971393290945276e-05,5.674686605891998e-07,2.364264392639655e-05,3.2984185232882047e-06,0.8173254680535293,0.09613420784920725
0.8118771760135488,2.659703748379412e-05,5.781103313862579e-06,1.6264265841556094e-05,0.00017019709085128003,6.150347580502636e-06,8.352725953432154e-05,1.6681880379696563e-07,3.1127869007131e-05,4.0977853830783776e-07,0.8118771760135488,0.09914468555127677
0.8177964512092419,4.513863659510425e-08,3.127722905202617e-08,1.7925956601467839e-07,2.553916501953977e-08,1.4726645142202174e-08,2.0286661632570023e-07,1.1451173044382035e-06,3.9056086622048616e-07,1.0775714688272904e-07,0.8177964512092419,0.09568018457096004
0.8104940598389974,8.807817568793384e-07,5.405058294222993e-07,1.5766457021007255e-05,2.6793396048975203e-06,1.1047604716733823e-05,1.1830494420956454e-05,8.749094524501804e-08,0.0007149796350572162,2.3560259788393486e-06,0.8104940598389974,0.1001436174329724
0.8011438341597571,1.9105561538830287e-07,3.3659603364416664e-07,0.0001398257363842964,2.1397772850763845e-06,3.909058473138118e-06,7.355617158214136e-06,1.1322431817732436e-06,1.4338626853626368e-06,1.1469779034938052e-07,0.8011438341597571,0.1050200445597123
0.8092753746186004,6.161380934789989e-08,9.500450179934044e-10,4.923567626965051e-08,1.0581610301255159e-08,1.7503957337390697e-09,7.204248603202141e-08,1.04006429841826e-08,1.0254821136836843e-08,1.783678709112135e-08,0.8092753746186004,0.10040278884495703
0.8252273123287709,2.3607327820620428e-05,4.242664719151276e-05,1.4369040017931867e-05,2.262935748560494e-06,4.137508316204151e-05,6.330878727529179e-06,4.512079006946338e-06,1.5226591515190412e-06,3.397724229234318e-06,0.8252273123287709,0.09165607710337266
0.8209541164072195,2.940850963059962e-06,1.9549233558409816e-08,7.220192831486488e-06,1.2275950042726465e-05,6.275216937382185e-06,2.4330956612424385e-06,6.574274164407669e-08,3.6157747617273034e-05,1.5731353585051662e-07,0.8209541164072195,0.09397176248071942
0.835279551301314,5.827203204155809e-08,5.16223602595312e-07,2.290314800037087e-08,1.1939422945159061e-08,7.963265055622366e-09,8.415752216441592e-08,2.779388253153079e-09,4.14072791589568e-08,1.64048699123431e-08,0.835279551301314,0.08606411882708496
0.8478606802465546,2.8099341962724263e-08,1.4090410942432992e-07,1.6410312377226836e-07,1.3796655756073757e-07,3.2274878437302805e-08,1.9553956906202298e-08,2.2268828246849452e-08,5.865366799532711e-08,1.8798317148113206e-08,0.8478606802465546,0.0792068302110768
0.8504411410380672,8.655754432640395e-08,1.0195402859675368e-08,2.330015396161303e-08,2.415390535550487e-08,2.6369583933290554e-08,8.581119691333704e-09,2.875649027073553e-09,1.5703486711940504e-07,1.8420057414779984e-08,0.8504411410380672,0.07780653563692731
0.8504411410380672,8.655754432640395e-08,1.0195402859675368e-08,2.330015396161303e-08,2.415390535550487e-08,2.6369583933290554e-08,8.581119691333704e-09,2.875649027073553e-09,1.5703486711940504e-07,1.8420057414779984e-08,0.8504411410380672,0.07780653563692731
0.8428065905925485,3.0431086408162735e-06,7.715329905587125e-06,1.6456215641912658e-05,1.3007855343290447e-05,1.9917680161450097e-05,5.872775708726778e-06,3.3972966179293827e-07,2.2958502704734996e-06,1.4551543867700762e-07,0.8428065905925485,0.08199223370190951
0.8459660569921472,7.62143765300409e-10,3.2589935561992745e-09,1.5686130020002588e-08,2.672663199537401e-08,9.088284082678019e-09,3.992688823092482e-09,1.3894473334174527e-10,4.055572052645297e-11,1.0869279247066361e-09,0.8459660569921472,0.0802359016562212
0.8684244969473991,1.294468071384353e-06,6.144633367327377e-09,4.06386577468391e-06,1.044729665722214e-06,4.3838396338347784e-06,1.2841194722857326e-07,2.532631076915425e-07,3.166339495396992e-07,3.7875152530614603e-07,0.8684244969473991,0.06811337497043382
0.8684244969473991,1.294468071384353e-06,6.144633367327377e-09,4.06386577468391e-06,1.044729665722214e-06,4.3838396338347784e-06,1.2841194722857326e-07,2.532631076915425e-07,3.166339495396992e-07,3.7875152530614603e-07,0.8684244969473991,0.06811337497043382
0.8668547389218167,8.595145960653086e-08,1.7746564488222578e-08,1.7535998090252476e-07,2.2685815453774472e-07,2.857724224456201e-07,1.252392277335992e-07,8.951041285121947e-08,4.025086344564214e-07,4.199201755548212e-08,0.8668547389218167,0.06895043371422437
0.8996218433831082,1.2232662346654832e-05,6.476744593683501e-06,2.0948347371169034e-05,3.344139898412503e-06,2.1223492795338753e-06,1.415735699480824e-06,1.0633314436461297e-05,3.2876448528751216e-06,1.4445877101915703e-07,0.8996218433831082,0.05154789313541532
0.8917447154806903,1.8976635793855581e-07,3.3659603364416664e-07,0.00013944537092313572,2.1625291133594504e-06,3.909058473138118e-06,2.716900151411766e-05,1.0877146817334164e-06,1.4338626853626368e-06,1.7825369821926381e-07,0.8917447154806903,0.05577049909511316
0.8973637268496149,7.511561843476645e-09,2.5727903083889424e-07,7.3425531229979675e-09,3.6333088656229604e-09,2.3448771500494673e-09,1.9511953865163487e-09,2.0046756457144484e-09,1.7079477293594064e-08,1.8142007547947166e-08,0.8973637268496149,0.05270732587949643
0.8800757716210188,4.2947036396708455e-08,7.2979120766009e-08,1.1296721689653122e-07,1.282049913421823e-07,7.447801997119637e-07,2.222110111323172e-06,3.181364314153849e-08,3.6677288393166665e-08,9.902683069154582e-08,0.8800757716210188,0.06187831627061658
0.8808608870331789,4.9359577802785654e-08,1.1424242040814881e-07,1.7535998090252476e-07,1.3235601760994856e-08,8.94798958208294e-07,1.7829374255589082e-07,1.0864197463045927e-07,5.914560523898523e-09,7.69918009372763e-09,0.8808608870331789,0.06145892720000622
0.8808608870331789,4.9359577802785654e-08,1.1424242040814881e-07,1.7535998090252476e-07,1.3235601760994856e-08,8.94798958208294e-07,1.7829374255589082e-07,1.0864197463045927e-07,5.914560523898523e-09,7.69918009372763e-09,0.8808608870331789,0.06145892720000622
0.919841262271905,1.0267938471801124e-05,0.00022004085711677403,1.1361484003128502e-06,1.1443824667195133e-05,1.5300268323198342e-06,1.891540573752247e-05,3.5218377046527153e-07,1.9539694044993816e-05,1.3902954268893523e-05,0.919841262271905,0.041071100499387087
0.9194802702609901,2.536835118958839e-08,2.3060269456897995e-07,1.7731914927568017e-05,2.4492662017056954e-06,8.538777164797964e-07,8.566402224738997e-08,1.9903808872346086e-08,1.9368019631143633e-08,5.6626720803275475e-08,0.9194802702609901,0.04111583912996674
0.9016170602278448,2.3325750413238385e-07,8.955634755984991e-08,2.1395769949833009e-07,8.201946142388831e-09,7.256633146423333e-07,7.700201184029547e-08,1.493049945806874e-07,1.8195907323190541e-07,7.798192748422182e-09,0.9016170602278448,0.05046570476763601
0.932114124900192,5.243438044425809e-09,6.475104204830574e-06,2.279076641594719e-05,3.344139898412503e-06,2.426760702087686e-06,1.415735699480824e-06,1.850422390734616e-05,3.2876448528751216e-06,1.4445877101915703e-07,0.932114124900192,0.03456962933486937
0.9328076698029055,2.1822003134308118e-08,2.2470143469908383e-07,5.489055461145031e-07,6.752643115542699e-07,4.8812677995075905e-08,5.963099158198385e-07,1.1573813497584806e-07,1.503755147403875e-06,2.651059673959159e-08,0.9328076698029055,0.03418225716311714
0.9319568775154674,2.5636019079652303e-08,1.5037479432912042e-09,1.2985772115217383e-08,7.297189591688301e-10,5.008035616811251e-08,5.8928038262349916e-09,7.220484321346502e-11,1.4300110348757747e-09,4.338498207162026e-09,0.9319568775154674,0.034620916442978204
0.9206319615578413,2.536835118958839e-08,2.3060269456897995e-07,1.9678315170537228e-05,2.4492662017056954e-06,8.538777164797964e-07,8.566402224738997e-08,1.9903808872346086e-08,1.9368019631143633e-08,4.211521289130355e-08,0.9206319615578413,0.040516495453818614
0.9206319615578413,2.536835118958839e-08,2.3060269456897995e-07,1.9678315170537228e-05,2.4492662017056954e-06,8.538777164797964e-07,8.566402224738997e-08,1.9903808872346086e-08,1.9368019631143633e-08,4.211521289130355e-08,0.9206319615578413,0.040516495453818614
0.9206319615578413,2.536835118958839e-08,2.3060269456897995e-07,1.9678315170537228e-05,2.4492662017056954e-06,8.538777164797964e-07,8.566402224738997e-08,1.9903808872346086e-08,1.9368019631143633e-08,4.211521289130355e-08,0.9206319615578413,0.040516495453818614
0.9440609324591642,2.0378753682747357e-05,1.0158912517717462e-05,2.5816710549241795e-05,4.2155195349572475e-05,1.1031241881572217e-06,2.656094243322762e-05,1.487500721583467e-06,3.368845733648542e-06,1.7785566024612556e-05,0.9440609324591642,0.028448541080108865
0.9440609324591642,2.0378753682747357e-05,1.0158912517717462e-05,2.5816710549241795e-05,4.2155195349572475e-05,1.1031241881572217e-06,2.656094243322762e-05,1.487500721583467e-06,3.368845733648542e-06,1.7785566024612556e-05,0.9440609324591642,0.028448541080108865
0.9434436962864733,1.3399309768741098e-06,3.675642976501436e-08,2.2514455701643973e-06,5.002617645711017e-06,6.005600570546727e-06,4.1833709841608967e-07,4.876821863100565e-07,3.0135003914781224e-06,4.90152200196089e-05,0.9434436962864733,0.028724456735192333
0.999998212878169,3.372369910733304e-10,7.446468664148435e-11,6.509990647699267e-08,1.20005144159e-09,1.6211186824605432e-10,5.898514221931578e-09,1.1480658787489654e-10,4.90260164851982e-10,5.112052591838096e-09,0.999998212878169,9.328060530073371e-07
0.9908132893386722,1.555818391011239e-05,6.476744593683501e-06,2.5570107916561064e-05,3.344139898412503e-06,2.067536931358186e-06,1.415735699480824e-06,1.850422390734616e-05,3.2876448528751216e-06,1.4445877101915703e-07,0.9908132893386722,0.004642314437721592
0.9873265204587591,1.710728945393805e-07,4.799757697056706e-05,2.79361296165372e-06,1.5409011386545882e-05,6.0502720650433606e-06,1.6314788118874998e-06,9.615194963638977e-07,5.208211214992472e-07,4.6587396350695557e-05,0.9873265204587591,0.00641839654357898
0.9837076222729149,1.2933185688157897e-06,4.6020851529956774e-07,1.9806665371368367e-05,4.6091000572958705e-06,8.719441090250534e-07,1.2686060053771898e-07,3.7084569327752247e-07,2.715634699788263e-06,1.2404440042654368e-06,0.9837076222729149,0.008195518579070067
