x0,x1,f1,f2,predf1,predf2
0.0,-4.542650049936786,0.0,23.0378629009624,-0.01436208358762077,47.82320914513499
0.0,-3.184397063120725,0.0,27.93042778379158,-0.002848106181797938,20.116210159039763
0.0,-4.595624800795726,0.0,28.511635698306517,-0.01638349798158625,49.77295675402395
0.0,-4.618293422150114,0.0,31.48685800767239,-0.01732957088983954,50.63416276668325
0.0,-4.360486016285248,0.0,31.827624061087995,-0.009168036859707629,41.76456186766098
0.0,-4.816030715123347,0.0,40.944632791638405,-0.027929064139765297,58.85014337682442
4.458790878894327e-09,-0.5151065887564652,4.458790878894327e-09,1.4449006824830073,-0.0006354055751972885,2.1729562359349286
1.3146990752092393e-11,-0.521704052667431,1.3146990752092393e-11,1.6418092698970672,-0.0006416699242461602,2.1981517338727317
2.3825379590642765e-07,-0.9970420711789978,2.3825379590642765e-07,2.0003098327154984,-0.0009150038481811006,4.658941889636103
7.09721270607945e-08,-1.0024732009901514,7.09721270607945e-08,2.009404025876579,-0.000917217827519234,4.692351821103311
2.1149009149385508e-13,-1.0283398300626718,2.1149009149385508e-13,2.684946764153514,-0.000926998898113535,4.8524878713093385
1.9699586994302775e-07,-1.4936894237971767,1.9699586994302775e-07,3.261733205035988,-0.001147400868409354,7.8951397822106575
1.4526766235203425e-08,-1.5193133992913936,1.4526766235203425e-08,3.6011564949506707,-0.001164902380742575,8.065805787641423
5.665495981964063e-10,-0.9563021573699642,5.665495981964063e-10,3.3846456076757687,-0.0008996637000358333,4.410917917262208
7.777400472644782e-08,-1.4646702729401362,7.777400472644782e-08,4.114142452022468,-0.001128757808869014,7.701793772461457
7.578175930166321e-08,-1.537660023317991,7.578175930166321e-08,4.462898872295469,-0.0011776869802174557,8.187937285458153
0.0075295702919339355,-0.07634645893988168,0.0075295702919339355,5.066578432500562,0.0074234612318209445,1.1926871269734962
4.874193989064246e-11,-1.5424829645143898,4.874193989064246e-11,4.770728647437243,-0.0011812011303446955,8.220033671062769
1.1027956023026804e-11,-1.9788665278500086,1.1027956023026804e-11,5.266477294361926,-0.0016000574349820202,11.089535234607114
2.1845031478395075e-08,-2.0341872983170264,2.1845031478395075e-08,6.046273009533733,-0.0016666093213367442,11.448887633495248
4.728489523706673e-11,-1.4415241395869907,4.728489523706673e-11,5.658523597008502,-0.0011145037779475972,7.547568163723977
1.130643733555533e-12,-1.4433402752276945,1.130643733555533e-12,5.512708118144118,-0.0011156083752349823,7.559668696174825
0.015602644662376625,-0.08986966654397222,0.015602644662376625,6.411292290957124,0.015321269507456162,1.0585905264633837
2.0333965004158733e-07,-1.570307757865376,2.0333965004158733e-07,7.120269615072442,-0.0012013511345954548,8.40509316238833
1.2365887645336451e-08,-2.0460603829325565,1.2365887645336451e-08,6.814940806160671,-0.0016812006206398187,11.525977605709661
4.865291551105791e-09,-2.4719427416430753,4.865291551105791e-09,7.725450704543757,-0.0022329388685089217,14.334821736027074
4.333112891344237e-12,-2.5071272586578655,4.333112891344237e-12,7.325763000670503,-0.002277204316197734,14.576338479905534
2.5585876984750018e-08,-2.5343484375432404,2.5585876984750018e-08,8.3396313708023,-0.0023108455693130795,14.764927457652977
1.079257503237228e-08,-2.4505711398940693,1.079257503237228e-08,8.872841977984336,-0.002205692387258824,14.189251865828242
6.017424809593935e-07,-0.39121180563340285,6.017424809593935e-07,9.127529986517851,-0.0004971831841031131,1.7619714297295217
8.273513759613616e-12,-1.1027279425429417,8.273513759613616e-12,9.453607171651978,-0.0009549513582873228,5.321440197259785
1.13119884506783e-12,-0.8945088626291238,1.13119884506783e-12,9.373070115730943,-0.0008749161207796633,4.044331130433387
2.1894476198289059e-07,-3.002812897429034,2.1894476198289059e-07,10.021650632144807,-0.0027571486129814656,18.39643222818001
5.104774675776413e-08,-3.018722183719294,5.104774675776413e-08,10.38744079307854,-0.002766999302055801,18.53806092677185
2.1988151180141476e-11,-1.3996786890544297,2.1988151180141476e-11,9.90734174174297,-0.0010899660450626456,7.268859501010171
5.020118898963232e-12,-3.0370033966023806,5.020118898963232e-12,11.285159254041409,-0.0027777194744271405,18.702777889228585
1.0881529918472268e-12,-2.424234324782435,1.0881529918472268e-12,11.077168605998075,-0.002171819837229696,14.010935129332525
4.202395552397165e-08,-3.050170620672068,4.202395552397165e-08,12.225275271078958,-0.0027850658275911204,18.822759047929505
1.3380678607796623e-08,-0.8752559177932362,1.3380678607796623e-08,11.733517156698555,-0.0008667864686450747,3.9327575545447226
5.876479707870327e-10,-2.4175847724676784,5.876479707870327e-10,11.745052454354996,-0.0021632158423006884,13.966089159433706
4.6993930101575576e-07,-2.9343942169497224,4.6993930101575576e-07,12.818434271790734,-0.0027109710127749933,17.804626824905096
1.8963168590650142e-07,-1.1311044246134458,1.8963168590650142e-07,13.044176864627156,-0.0009656558928334056,5.503156662222042
2.7714132131357855e-09,-1.8810215384492386,2.7714132131357855e-09,13.782079649883059,-0.0014886404746177935,10.452391993552885
9.716579433014471e-07,-3.0688542307823656,9.716579433014471e-07,13.929671728506081,-0.002794171803978015,18.994948598529035
1.2271475914475925e-12,-1.3713394875583327,1.2271475914475925e-12,13.340399301184657,-0.0010743047349226107,7.080301867179502
3.2756842897340844e-08,-3.4490748027474485,3.2756842897340844e-08,14.874132352508184,-0.0029518032185357973,23.12963619554621
7.5901097235505996e-06,-2.600572864540357,7.5901097235505996e-06,14.730775947796742,-0.0023825319949044455,15.230675794666888
6.18761418465193e-10,-3.452343531133641,6.18761418465193e-10,14.658842797100183,-0.002953544386427949,23.171462805431904
7.73995225066723e-08,-3.438301448560075,7.73995225066723e-08,15.67889236444579,-0.0029462974420204147,22.992671549402804
2.902106173144761e-08,-1.8700211128944244,2.902106173144761e-08,15.121573779047177,-0.0014766519583047266,10.38057602705659
9.135649950522266e-12,-2.911229237512342,9.135649950522266e-12,15.07819542363909,-0.0026942973237774077,17.610241003216732
4.094154125286581e-09,-1.1583122906033516,4.094154125286581e-09,16.40637878182455,-0.0009765088246491235,5.678631111103841
5.428285232049986e-13,-3.09282462472545,5.428285232049986e-13,16.63155365499432,-0.0028074379736228454,19.219494200398195
1.1027956023026804e-11,-1.6474534357845738,1.1027956023026804e-11,16.498380824432633,-0.001262608530145884,8.91699665236309
5.4053960170996435e-05,3.9805807869687895,5.4053960170996435e-05,17.110860203366165,-0.006176655975880095,24.59855301296502
6.263144160540521e-12,-3.4178897206187546,6.263144160540521e-12,17.549452960170484,-0.002936676871615748,22.73685909262021
3.1161503837137265e-06,4.0067148237369645,3.1161503837137265e-06,17.082045832568518,-0.006511449433354861,24.75310138067185
2.8723373723579004e-10,4.03149219675733,2.8723373723579004e-10,18.025751924815044,-0.0067718813274529905,24.90096827621037
2.2784951523975012e-11,-2.1477542978596706,2.2784951523975012e-11,18.433411949103157,-0.0018096075682340056,12.186635797267604
7.92864334293066e-08,-0.8087556917730669,7.92864334293066e-08,19.04868634485886,-0.0008366139941693473,3.558317175464939
2.70911017374092e-07,-1.664273471270389,2.70911017374092e-07,18.50489880839166,-0.0012765633431163369,9.028321595718232
2.827546208062204e-08,-3.4076762373734173,2.827546208062204e-08,18.619737401158424,-0.0029320664269265745,22.610626427261014
9.545312297148762e-08,-1.8270595143320962,9.545312297148762e-08,20.003293495944252,-0.0014310455147091897,10.09967020394059
3.646658340312806e-08,-1.1885229172091285,3.646658340312806e-08,19.57311701350344,-0.00098866233885076,5.874721847534396
5.693197738052083e-09,-1.1938097686723546,5.693197738052083e-09,20.03377939331806,-0.0009908675662693156,5.909161271017204
4.468236161584308e-08,-0.7908924908376331,4.468236161584308e-08,20.33304409179544,-0.0008278999119676007,3.4608712664887684
1.57418107419501e-08,3.9202926490398324,1.57418107419501e-08,20.978837664461874,-0.005494155382681461,24.272044302509027
3.170229899477519e-07,-4.495252562226527,3.170229899477519e-07,21.222491742204873,-0.012763583453152195,46.151969987028885
1.1158942445997256e-07,-0.7256900059258573,1.1158942445997256e-07,21.06209462857004,-0.0007929307377776353,3.11775090085468
4.786039586116505e-09,-4.504133410799368,4.786039586116505e-09,21.300385302039558,-0.013049100495775021,46.45997134475476
1.5277313135351636e-05,-4.535572299200394,1.5277313135351636e-05,22.53543770557174,-0.01408763209767074,47.565483019963644
1.875194572083344e-07,-4.538960011189977,1.875194572083344e-07,22.7748148127588,-0.014230467566671345,47.69059237461817
3.2994503526806995e-12,-4.535531439128862,3.2994503526806995e-12,22.55140249786989,-0.014109808138760909,47.56783839651517
5.388811879337364e-07,-3.144424164337744,5.388811879337364e-07,23.300605679398146,-0.0028308716560845773,19.716828090568093
6.55000928384952e-11,-3.3703050940126267,6.55000928384952e-11,22.948554740090575,-0.002916587219720267,22.1585496865106
3.822565120532892e-11,-3.1417009702824963,3.822565120532892e-11,22.95358860025717,-0.0028302455487538357,19.69011004446608
4.577282322904739e-07,-1.7604998971341392,4.577282322904739e-07,24.009122605699467,-0.0013640043461620507,9.662982619368409
1.3355552422645298e-11,3.889150026101496,1.3355552422645298e-11,24.356680591324523,-0.005085222560847902,24.111336028621903
7.987059501248001e-14,-2.3049983514996786,7.987059501248001e-14,24.018280488098803,-0.002015633670753473,13.215760683215743
1.681658228334099e-05,-4.417995995963949,1.681658228334099e-05,25.354067655015022,-0.01051974020329148,43.56861456462467
2.3159130423959152e-05,3.8860929241183806,2.3159130423959152e-05,24.68832735481103,-0.005023607014095066,24.094234442968837
6.468053699337613e-16,-2.2911484621783753,6.468053699337613e-16,24.94199108422204,-0.001997353195299822,13.124429237749807
1.4425124063979144e-09,-4.410459399493249,1.4425124063979144e-09,26.14200072397495,-0.01035107582884176,43.33011518066991
3.6672531686387237e-10,-2.240811280641063,3.6672531686387237e-10,25.954546392146376,-0.0019309802107588456,12.793819802636687
7.366592245233845e-12,-2.6969202107185675,7.366592245233845e-12,26.130050077342666,-0.0024979694216191234,15.930432907440068
6.869810174464834e-08,-4.40199602430696,6.869810174464834e-08,27.048481490446132,-0.010138901674024758,43.059961829191934
1.363585014179146e-09,-3.1716102419033163,1.363585014179146e-09,26.586929358622346,-0.002842932334704439,19.987074186077347
3.0251171726318866e-10,-2.7980335637478433,3.0251171726318866e-10,27.06183399241352,-0.0025987598371104846,16.69860044840846
1.5277313135351636e-05,-4.395358324530783,1.5277313135351636e-05,27.76808326634914,-0.00995421035454698,42.846171460461015
9.169385763657699e-17,-2.792580218616797,9.169385763657699e-17,27.400788697898957,-0.0025936805847449227,16.65614832957902
8.363655918738851e-07,-3.1939712480475437,8.363655918738851e-07,28.81862919326557,-0.002851008943760932,20.21372714357204
1.497046259972215e-08,-2.7723954324415536,1.497046259972215e-08,28.292120227128656,-0.0025744982941123193,16.50008576651299
2.137322775986879e-11,-2.742755332396546,2.137322775986879e-11,28.481270095291187,-0.00254534871130915,16.273853904674155
7.619722498308417e-07,-4.38350866133487,7.619722498308417e-07,29.143241693732865,-0.00969153316018259,42.476844666231926
5.826108927036548e-09,-4.599742846997682,5.826108927036548e-09,29.03633599792868,-0.01655163541679452,49.928197835430844
2.7341349972050343e-11,-4.380114920682682,2.7341349972050343e-11,29.54306089977845,-0.009613140285052592,42.37105107908445
7.29604300772816e-10,-4.373343191182747,7.29604300772816e-10,30.33416759444961,-0.009456793756059054,42.16059508825879
6.669626942580767e-08,3.835345861465453,6.669626942580767e-08,30.487856975716102,-0.004334433279686672,23.84926764048707
7.360289998148521e-11,-3.303506441550727,7.360289998148521e-11,29.73651197850162,-0.0028918828422362557,21.38697055556565
3.219798620751423e-08,-3.229816434306194,3.219798620751423e-08,31.110782512707267,-0.0028654606329874,20.58591876911693
1.254788146263246e-09,-4.370566702913991,1.254788146263246e-09,30.658473576859517,-0.009393545022371849,42.074679250558816
1.3876582113576388e-10,-4.359682706775332,1.3876582113576388e-10,31.919730892902546,-0.009150341996390135,41.73997157798097
4.92020798785703e-06,-4.621071954126389,4.92020798785703e-06,31.84837315713831,-0.017441016565310892,50.73952415110871
1.9996080235507626e-08,-4.627102678545791,1.9996080235507626e-08,32.673470525852395,-0.017710879378455186,50.973224951159494
1.5930055898355052e-05,-4.62586198264195,1.5930055898355052e-05,32.48416086541049,-0.01763077162567363,50.921044198490364
3.350691712741597e-08,-4.350132553330067,3.350691712741597e-08,32.99692550758052,-0.008943006696158351,41.44900118619476
4.6993930101575576e-07,-4.63598436275838,4.6993930101575576e-07,33.86431810958208,-0.018102528770639042,51.317460065340796
4.189175014526715e-07,-4.347200007812207,4.189175014526715e-07,33.31723626268659,-0.008879943914981975,41.36008305917727
3.170229899477519e-07,-4.636464927501524,3.170229899477519e-07,33.92927346371385,-0.01812423894318359,51.336205516495646
3.862558406568263e-06,-4.643785506131179,3.862558406568263e-06,34.89192471430103,-0.01844821877635594,51.621075348201515
2.8807330987624057e-06,-4.334936935433348,2.8807330987624057e-06,34.60617214247621,-0.0086207100989675,40.99065661068335
2.733569196842244e-06,-4.639365408116594,2.733569196842244e-06,34.309447375457935,-0.018250289033363835,51.44859498229679
4.569685821623322e-09,-4.330088549825741,4.569685821623322e-09,35.098135739031754,-0.00852604474542888,40.846545030592566
1.0798909264686063e-05,-4.654574996517569,1.0798909264686063e-05,36.27680653636589,-0.018932878667099688,52.043572370550564
3.664182155808633e-05,4.195277301731429,3.664182155808633e-05,36.29116500525961,-0.007972851423661612,25.98443190964148
7.456532878430869e-09,-4.3188822801976325,7.456532878430869e-09,36.13405650040874,-0.008303258509088807,40.514526164720365
1.2998736672865245e-06,4.308831485726498,1.2998736672865245e-06,36.94851343081944,-0.008301867871770102,26.85060205947345
1.166785925352117e-06,4.308831485726498,1.166785925352117e-06,36.94887782033315,-0.0083019931547633,26.85060932463486
8.436735390966471e-09,-4.658361984867961,8.436735390966471e-09,36.77043475082908,-0.019127815819138055,52.19638886785946
7.5901097235505996e-06,-4.6677629850224625,7.5901097235505996e-06,37.88988088770326,-0.019561179610063817,52.568274190089994
5.5080823575838596e-08,4.296389654603577,5.5080823575838596e-08,37.805946653914816,-0.008295622991563379,26.751600592537685
2.4149750816801538e-08,4.212913514890826,2.4149750816801538e-08,37.681222254066064,-0.008085318992183392,26.114859554744253
3.4893959133395674e-06,-4.67681655781107,3.4893959133395674e-06,38.92194119533104,-0.02000646090908473,52.93227046090663
4.1465321161185915e-09,4.2328523336409924,4.1465321161185915e-09,38.68536870856174,-0.008160249842837388,26.262505379782123
3.2317075523178277e-09,-4.6721733073855,3.2317075523178277e-09,38.41568310001166,-0.019786354432446057,52.74681447102555
3.4337894643230998e-12,-4.831594114498806,3.4337894643230998e-12,39.53235648096652,-0.02895972153947206,59.551372397155156
1.3768792666571132e-12,-4.831594117727438,1.3768792666571132e-12,39.53236043856142,-0.028959721760285263,59.55137254410105
1.8560996126735557e-13,-4.8315941184722035,1.8560996126735557e-13,39.532365034705236,-0.0289597218125494,59.551372578221304
2.2234593254838034e-07,-4.822625928393492,2.2234593254838034e-07,40.371283629444854,-0.028361662682525633,59.14624829168852
1.4740520665730588e-11,-4.818733142947274,1.4740520665730588e-11,40.716255724913445,-0.028105827681800553,58.9713277523951
8.358227750131447e-09,-4.6952813055773825,8.358227750131447e-09,40.77269987804981,-0.0209340692824141,53.68152936296097
5.18202917007056e-07,-4.804643975594363,5.18202917007056e-07,41.81352174717904,-0.027193396883235254,58.342033068074606
1.5779118036542947e-08,-4.813018878978818,1.5779118036542947e-08,41.18915599133907,-0.027733116926313726,58.7153649903103
2.2234593254838034e-07,-4.800194265335609,2.2234593254838034e-07,42.114601584473036,-0.02691122179382367,58.14479494135793
5.340805323187753e-09,-4.71705780684332,5.340805323187753e-09,42.40549456481762,-0.02206962987468907,54.57827138726547
0.027066965462251978,-0.038774470714344034,0.027066965462251978,1.9231961540036964,0.02676075983664163,0.9249224664911968
0.03184312652055978,-0.03863089714872814,0.03184312652055978,1.894772631529956,0.031498393990370556,0.8778066517639826
0.020415220116655298,-0.04542304952028964,0.020415220116655298,2.357558169127555,0.020167085314967543,1.000878412421635
0.03495514688528427,-0.041518915702637216,0.03495514688528427,2.0466799054655054,0.034584482198171944,0.8500424844456702
0.021966166233540925,-0.06006127025661101,0.021966166233540925,3.43336800145743,0.021665219362043346,0.9766262797976246
0.03907980366416487,-0.06073346406296132,0.03907980366416487,3.393191768970662,0.0386488048347908,0.8162772222632918
0.028810658483146828,-0.059565782157813274,0.028810658483146828,3.3511554975309794,0.028442333006300575,0.9013163649551258
0.030795149257487938,-0.0717142147080807,0.030795149257487938,4.413945588548742,0.03038518340538913,0.8816657184174731
0.02445055808453821,-0.07423512174819002,0.02445055808453821,4.698773923074989,0.024090546871005494,0.9456300441963537
0.024836039384707735,-0.08428947881743909,0.024836039384707735,5.721921372355116,0.024450357690349894,0.9415174831416959
0.03663819023001112,-0.08950560361352622,0.03663819023001112,6.198849555647897,0.03615767931004782,0.8367070670951229
0.020773208229753565,-0.10414108467874605,0.020773208229753565,8.001338116501298,0.020390442398325086,0.9915195049986688
0.03507156690771391,-0.09819634111646991,0.03507156690771391,7.184899797071424,0.034580943437024926,0.8507556670725201
0.027281239918279163,-0.11349115281438227,0.027281239918279163,9.06066628813038,0.02681231640660445,0.9233351664056366
0.026973540298441293,-0.12001750172095171,0.026973540298441293,9.859336045449588,0.02649424224436439,0.9292349253040876
0.023100575310760086,-0.12472783541364585,0.023100575310760086,10.477693662178364,0.022649194817287017,0.971869336529798
0.02029841208646389,-0.13197642298167622,0.02029841208646389,11.40164491559648,0.019864476580025794,1.0079987198200582
0.020035615282978977,-0.1336881222874764,0.020035615282978977,11.614961403287253,0.019601481236386768,1.0121048567450188
0.05788587751124143,-0.03814497918964399,0.05788587751124143,1.7774670468066207,0.05749336541428099,0.7253558833784479
0.04576730611356008,-0.05251597560404164,0.04576730611356008,2.7256224727231175,0.04533756523066735,0.7759930300317033
0.0431682743682132,-0.04449978659899134,0.0431682743682132,2.1950231237118345,0.04275974639145768,0.7915122319685666
0.05537643541240528,-0.059450240574804525,0.05537643541240528,3.2161193679723517,0.054936380267026956,0.7344509993490471
0.04877193141821653,-0.05813041977676914,0.04877193141821653,3.1385049577428337,0.04832871447479496,0.7610082754931885
0.05228131089878078,-0.06837570693835548,0.05228131089878078,3.990835012157484,0.05181928799426089,0.7472646217155255
0.04297689045207138,-0.09052514800229616,0.04297689045207138,6.269205129018232,0.04247473860700075,0.79678530183933
0.041677871043348656,-0.08640907601536618,0.041677871043348656,5.831566836421114,0.04118659767765785,0.8029891640702883
0.044261699686106354,-0.08391951872517289,0.044261699686106354,5.552597030775978,0.04377041573828072,0.7877584749136796
0.06270248294346988,-0.011009474794064111,0.06270248294346988,0.8335617570784072,0.06237837419819193,0.7157216858221679
0.07118614081037304,0.0015134032925709917,0.07118614081037304,0.7347619059536847,0.07092103957939574,0.6994865280349294
0.07655467635907637,-0.03168850312316707,0.07655467635907637,1.4139361611585983,0.07625342570231829,0.6858457572907604
0.0678039812883519,-0.036710909682954984,0.0678039812883519,1.6741788351128826,0.0674482793100917,0.6997057031464543
0.06054566804128068,-0.05199921610340663,0.06054566804128068,2.6321176574759475,0.060132916249606365,0.7176108122620668
0.06647106904721575,-0.05199921610340663,0.06647106904721575,2.611537647491082,0.06608031677274827,0.7036512581451669
0.06589926557477223,-0.06073346406296132,0.06589926557477223,3.2784784978937966,0.0654896024139654,0.7065310495440178
0.08508106351549598,-0.00907395645165554,0.08508106351549598,0.7640020445286575,0.08487412531519622,0.6782443312880473
0.08733746560046952,-0.0039260752298933,0.08733746560046952,0.7148594513883991,0.08715472157337899,0.6771646523241668
0.09289481535560397,-0.0019353856553081528,0.09289481535560397,0.6977236740963186,0.09275319046284575,0.6739725318930453
0.09269541433674623,-0.028155109051801297,0.09269541433674623,1.2326536030932411,0.0925060197756071,0.6742246824035639
0.10024733124102571,-0.0035631367002206815,0.10024733124102571,0.6918320255262679,0.1001545485109335,0.6709735880877843
0.1020544344091868,0.003117263605140863,0.1020544344091868,0.6869970619613337,0.10198604284033923,0.6709531934031572
0.10732097748171598,-0.0025638715925211386,0.10732097748171598,0.676747448618844,0.10728054161020477,0.6694532647754748
0.12025559580105409,0.01096252372695794,0.12025559580105409,0.7320043988236702,0.12032736504913427,0.667529355332402
0.13514378252900067,0.014336016927143369,0.13514378252900067,0.7657543893282196,0.13531481366288253,0.6634439236873017
0.1288677869539889,-0.0019353856553081528,0.1288677869539889,0.6434484057402023,0.1289760751296815,0.6662854140327301
0.1388032116608963,0.03248051514533934,0.1388032116608963,1.3195714327773753,0.13902145726120674,0.6629433317218422
0.14878501677856362,0.026854481227551297,0.14878501677856362,1.082240898087282,0.1490465432100271,0.656708546107364
0.14818589796958592,0.003494277700907489,0.14818589796958592,0.6228488931881219,0.14841224219058688,0.6586967686591165
0.154534161561391,0.03248051514533934,0.154534161561391,1.2918349959164475,0.15482924838864057,0.6528584570393672
0.15520608279726733,0.027817284328443215,0.15520608279726733,1.1063567623221573,0.15549784257210905,0.6522054079323676
0.14174489642262936,0.027817284328443215,0.14174489642262936,1.1284953073237853,0.14197231317562561,0.660910137452215
0.1731004440598792,0.026854481227551297,0.1731004440598792,1.0443051608382925,0.1734536788641888,0.6357323129598472
0.16900859519659142,0.017080826655591963,0.16900859519659142,0.7738725234963132,0.16933765573616555,0.6409689638845222
0.1661695070611509,0.03231719844862191,0.1661695070611509,1.2653110925726956,0.16650843795592882,0.6426601050343855
0.1661695070611509,0.03219377083687913,0.1661695070611509,1.2601144335854735,0.16650828389373704,0.642660371816004
0.16328857024593696,0.04379267517489094,0.16328857024593696,1.842173789763517,0.16363209144665808,0.6460811543841708
0.17890547669684545,0.051891359534173453,0.17890547669684545,2.3152630670865855,0.17930228219745406,0.62937163936163
0.17759353254311483,0.060182971480823966,0.17759353254311483,2.915833722543603,0.17799685536218174,0.6322481484822998
0.18427701322600987,0.02654199919570832,0.18427701322600987,1.017046955838279,0.18465569139833013,0.622666866789682
0.1931620339100711,0.023747445452594107,0.1931620339100711,0.9146721454795237,0.19355113483623085,0.6113200948504611
0.18194273692886295,0.027817284328443215,0.18194273692886295,1.0650677093328276,0.18231833175561762,0.6254374173358288
0.18697693699056936,0.04379267517489094,0.18697693699056936,1.7975928935130032,0.18737958342749125,0.6182902163981003
0.1992528354936721,0.04716213385075285,0.1992528354936721,1.9731200375986866,0.19967232657871017,0.6006689508423383
0.19437778839754727,0.05251044719245446,0.19437778839754727,2.325505516347466,0.19479890789729562,0.6081324641079776
0.19728933616672686,0.060182971480823966,0.19728933616672686,2.871889928160279,0.1977205767998111,0.6044072638369632
0.21438590508849725,0.029852056249252357,0.21438590508849725,1.093254145621937,0.214790780396146,0.5784111587266352
0.20410841304300867,0.024714849697255126,0.20410841304300867,0.9295947128047095,0.20450734143613533,0.5953295801539317
0.2007137281275495,0.030754679282993358,0.2007137281275495,1.1477961433488777,0.20111722372020985,0.5994840088323248
0.2010319354123068,0.040693449384419544,0.2010319354123068,1.603750541207746,0.20144589480331912,0.5981253547903449
0.21707845245787777,0.048116140588255085,0.21707845245787777,1.999098689724631,0.21749954068832997,0.5722105357405498
0.21723131068162374,0.04939353321256856,0.21723131068162374,2.078433723005418,0.2176534771632541,0.5719193400124071
0.21239569358551114,0.04939353321256856,0.21239569358551114,2.087267889465433,0.21281974923211117,0.579902545007966
0.21156660665982954,0.061336958945084064,0.21156660665982954,2.9299287551224467,0.21200180550337763,0.5816588010123046
0.22322599267673027,0.03231719844862191,0.22322599267673027,1.1779866116416686,0.2236285659686559,0.5635459071139403
0.2324198548430198,0.04437987684003453,0.2324198548430198,1.752309176820236,0.23282346452329145,0.5465062101760316
0.23716408351843354,0.05843781214999311,0.23716408351843354,2.6592230020035803,0.23757211582643578,0.5377148448102245
0.2245260547275674,0.048116140588255085,0.2245260547275674,1.9858962758399157,0.22494172707692292,0.559697697630701
0.23988227099499032,0.07736869586062056,0.23988227099499032,4.236378168668636,0.2402994121708608,0.5342359902507389
0.23644827764467827,0.07373788769118939,0.23644827764467827,3.912706720639235,0.2368688243963375,0.5398582486869321
0.23971727227747233,0.08239098510848031,0.23971727227747233,4.714868285732792,0.24013810524151932,0.5352872723145624
0.23140907966931373,0.08336841258826944,0.23140907966931373,4.8313844835216795,0.2318443505518555,0.550279112374413
0.25176164789258354,0.030632569737782944,0.25176164789258354,1.0722487810474102,0.2521211000343968,0.5156813728541355
0.25176164789258354,0.029310203748712738,0.25176164789258354,1.0228213365728416,0.252120033658556,0.5159674135680924
0.25597194064574286,0.04716213385075285,0.25597194064574286,1.875116067832589,0.2563348872810459,0.5060005284893476
0.25597194064574286,0.06054671498620401,0.25597194064574286,2.7799794705478678,0.25634418122507646,0.5052550223854917
0.24245474483800566,0.060182971480823966,0.24245474483800566,2.7787571546271823,0.24285500612694838,0.5285300486912878
0.24024237537872778,0.061336958945084064,0.24024237537872778,2.870861447579466,0.24064744746893457,0.5323915285530985
0.24887123898347965,0.07771121752326149,0.24887123898347965,4.247138481883987,0.24927065767250745,0.518445307133652
0.246234317414218,0.07243564599245644,0.246234317414218,3.7747500667755145,0.24663585239187027,0.5225148437220031
0.24978914513694594,0.08239098510848031,0.24978914513694594,4.690132038875364,0.2501894652530184,0.5174696464903137
0.26093522513624007,0.02654199919570832,0.26093522513624007,0.9154675431577964,0.2612712310186429,0.5013348462950514
0.26093522513624007,0.030490438266377318,0.26093522513624007,1.0549240069056733,0.26127428422749904,0.5004117820304038
0.2758714806344702,0.046815596158522155,0.2758714806344702,1.8229670327348966,0.27618301234790016,0.4734782458520227
0.272517204145961,0.06100987143520431,0.272517204145961,2.783665327966205,0.27284695378476664,0.4778020141110133
0.2693257801876202,0.06057408542562648,0.2693257801876202,2.756768234813111,0.26966412094813796,0.4829823168721232
0.2725699606686643,0.06801536876246583,0.2725699606686643,3.3401016875418548,0.27290361069917296,0.47771976906570657
0.27800278053911903,0.07771121752326149,0.27800278053911903,4.181122885507592,0.2783256554612085,0.46955168733311786
0.26246394992200134,0.07771121752326149,0.26246394992200134,4.21588042793834,0.26283072400991075,0.4950256334656412
0.26270420465725747,0.07281169701371493,0.26270420465725747,3.771820417507227,0.26306751956132407,0.4942119570674892
0.27421809278289283,0.08239098510848031,0.27421809278289283,4.632131239652974,0.27455458674664407,0.4760815003613884
0.2654213426270917,0.09597851591811679,0.2654213426270917,6.037075416637024,0.26578970719801165,0.4929541015922273
0.2836547321225412,0.04437987684003453,0.2836547321225412,1.6721986364414154,0.28394196542551803,0.46174993711474405
0.2979849318372076,0.06057408542562648,0.2979849318372076,2.704555584237176,0.2982356791037157,0.4393574978545371
0.2868520104254269,0.06057408542562648,0.2868520104254269,2.7245263927309167,0.2871387804641426,0.4555049573325266
0.29785906377063814,0.06794102770475874,0.29785906377063814,3.2840579801504064,0.29811378497981594,0.4394161266935363
0.29608635362122243,0.07243564599245644,0.29608635362122243,3.669006232855743,0.2963490784665095,0.44202264857744095
0.296316289599098,0.07373788769118939,0.296316289599098,3.782813426576841,0.29657883189158507,0.4417502327232224
0.2802352660145772,0.07243564599245644,0.2802352660145772,3.7015904834683906,0.2805487049147362,0.4656964732992915
0.28202704460165673,0.08239098510848031,0.28202704460165673,4.614140454818155,0.28233982475931885,0.46369456174830104
0.3167464594095873,0.048116140588255085,0.3167464594095873,1.837695491286674,0.31692633744740595,0.41579508025172646
0.3162935020476554,0.05103305658066404,0.3162935020476554,2.0170333078921656,0.3164764146580893,0.4160230234957839
0.3116040503732889,0.062214894327301096,0.3116040503732889,2.8040665608473274,0.31180878678186386,0.42111461525745236
0.31010317159483664,0.07373788769118939,0.31010317159483664,3.7548185639689167,0.31031812589260543,0.4230888744461717
0.32967961508787696,0.04829161307211294,0.32967961508787696,1.829153559973432,0.3298126764183623,0.40083466596696676
0.3272352541123661,0.062071914420532615,0.3272352541123661,2.765897253667747,0.32738335140908514,0.40250843829950395
0.3373353673228512,0.06100987143520431,0.3373353673228512,2.6690712367526226,0.3374452408530949,0.39182001676281436
0.32350072181358885,0.06057408542562648,0.32350072181358885,2.660146761832791,0.32366193930178205,0.40678662417432215
0.3284766479461359,0.07130929284011334,0.3284766479461359,3.508255974873493,0.32862372361268966,0.4011140422420503
0.3216895161670741,0.07243564599245644,0.3216895161670741,3.618165535832637,0.3218621324795567,0.40883302878410005
0.33551972956309156,0.07243564599245644,0.33551972956309156,3.591543507413157,0.33564072632547187,0.39366908860906097
0.32117215464995813,0.07628481067364934,0.32117215464995813,3.959671157788081,0.32134809859130126,0.4096106789644594
0.35746093358478687,0.04716213385075285,0.35746093358478687,1.7238239241667939,0.35748792482971453,0.3743237894640717
0.34419932743470577,0.058385846583134615,0.34419932743470577,2.466879398299187,0.3442820564781966,0.3852108441452948
0.35593003099898374,0.062214894327301096,0.35593003099898374,2.7281919118288926,0.3559689298734856,0.37464506788245144
0.3451560588714621,0.06368981483584779,0.3451560588714621,2.8587123021231977,0.34523715241858055,0.384142977790823
0.3516303008033734,0.07243564599245644,0.3516303008033734,3.5612147197161965,0.35168946208043633,0.37842188702683127
0.3413227612480915,0.07402636556382536,0.3413227612480915,3.7189176201342153,0.3414221974560049,0.3879490411365621
0.3466994693952069,0.0837640784777367,0.3466994693952069,4.605206054424577,0.3467812331569621,0.38365271889970726
0.37306763544718624,0.05059742312673965,0.37306763544718624,1.906475866822696,0.37303493895101814,0.36209821595108826
0.3663192710756004,0.05059742312673965,0.3663192710756004,1.9160183001053785,0.3663130943678162,0.3669890915287595
0.3689986565195613,0.04829161307211294,0.3689986565195613,1.7735943498641114,0.36898101603045064,0.36519955390388764
0.367293954285165,0.06100987143520431,0.367293954285165,2.61985581183024,0.36728798053546524,0.3657543838319802
0.3611157617603067,0.06751630354782634,0.3611157617603067,3.13346368044125,0.36113630714115036,0.37044666694897066
0.38055274463568567,0.05059742312673965,0.38055274463568567,1.8959920568115116,0.38049055085618805,0.35709159380530214
0.3878821403814264,0.051638213250309484,0.3878821403814264,1.9501704678210907,0.3877914901987387,0.35252858490732586
0.3986160053640338,0.06111959646165044,0.3986160053640338,2.578537554285337,0.3984871553155941,0.34647425918182295
0.39753948055483357,0.060275095975508286,0.39753948055483357,2.51869405928059,0.3974144831790392,0.3470146713291598
0.39459869441132983,0.06057408542562648,0.39459869441132983,2.5449120601538593,0.39448528278996486,0.34855918135653674
0.38480100254614713,0.07243564599245644,0.38480100254614713,3.5008839577232935,0.38473022271307467,0.3544787809357628
0.39493588840558064,0.0647004042578665,0.39493588840558064,2.8539757977008793,0.3948227462194905,0.34846190047466163
0.4164674205411813,0.04773501532619839,0.4164674205411813,1.6782968357919146,0.41626400518764767,0.3382875742449081
0.4107374414002875,0.043335063932329554,0.4107374414002875,1.4455378402054655,0.4105538337947887,0.3411064291694829
0.4095186168954586,0.06111959646165044,0.4095186168954586,2.561795547867541,0.40934774119731465,0.34127902996910686
0.41283041118309327,0.0603451041563039,0.41283041118309327,2.500522051885302,0.4126466033118437,0.33980216125817486
0.4118095317001293,0.07130929284011334,0.4118095317001293,3.358623213440735,0.41163414639402196,0.3409063693254878
0.43259527975562384,0.03398508104759834,0.43259527975562384,0.992877046829858,0.4323242365838184,0.3325427639647518
0.43075232526201057,0.04308179814496782,0.43075232526201057,1.4083885282266053,0.4304931942943777,0.3326481384545885
0.4360014181130051,0.04578628249220884,0.4360014181130051,1.544974367546805,0.43572482907565674,0.33059118151483274
0.42795754955346316,0.05843781214999311,0.42795754955346316,2.3428517587337927,0.42771663754762396,0.33369505959723356
0.4273989721522594,0.05843781214999311,0.4273989721522594,2.343659890731555,0.4271600897702829,0.33390254165349326
0.4224651497735009,0.06100987143520431,0.4224651497735009,2.534212676274795,0.422245578061663,0.33588982776859944
0.45192669606318675,0.03667105798058845,0.45192669606318675,1.0832484662996968,0.4515894403102515,0.32519687808707687
0.4429571131764208,0.04346880666867392,0.4429571131764208,1.413823596757683,0.4426546924061249,0.3281358438591125
0.45927088590191545,0.051638213250309484,0.45927088590191545,1.8545360001587843,0.4589202200414852,0.3229087896578005
0.4404616870568413,0.043335063932329554,0.4404616870568413,1.409885908923886,0.44016788843158233,0.3290270100678274
0.4403283369393423,0.0603451041563039,0.4403283369393423,2.4597861291000354,0.44004471997085465,0.3294907618678346
0.46611684616732185,0.03035004394139218,0.46611684616732185,0.8241964247982289,0.4657297456828621,0.32054079114397854
0.4609483363985826,0.03305073893135457,0.4609483363985826,0.9274921206224169,0.46057927883117605,0.3222149285324456
0.476413891030119,0.03035004394139218,0.476413891030119,0.8143619825857636,0.4759969308436237,0.3169482708500679
0.4724862614818036,0.04346880666867392,0.4724862614818036,1.3796109887096024,0.47209092204143294,0.3183548780598471
0.47948761773007065,0.0467593012989429,0.47948761773007065,1.5459536951890553,0.47907641778384835,0.31633036324161445
0.488507534114338,0.014557421098361445,0.488507534114338,0.41200541680618846,0.4880444338202126,0.3133649910647898
0.4936936445566619,0.03035004394139218,0.4936936445566619,0.7980943917810442,0.49323399835189746,0.31082118940421477
0.4892874600402975,0.04716213385075285,0.4892874600402975,1.5566251518095404,0.4888535315872586,0.3132803799821728
0.49033894259231764,0.04425130981169367,0.49033894259231764,1.3995493559426606,0.48990001366492875,0.31267247530498216
0.4851583923381682,0.04346880666867392,0.4851583923381682,1.3652576987666358,0.48473047628086186,0.31429131664999543
0.507631869513162,0.03035004394139218,0.507631869513162,0.7851789651377391,0.5071458483341839,0.30562250210333103
0.515360255782926,0.029289839617343993,0.515360255782926,0.7427287389651454,0.514861882653712,0.3025177752196233
0.5012534615320703,0.04292894031103245,0.5012534615320703,1.320156218952326,0.5007918161017388,0.3089117279506268
0.5228248170014792,0.014557421098361445,0.5228248170014792,0.3859341624035375,0.5222990797208398,0.2988056098853671
0.5269543954873624,-0.002675314548711505,0.5269543954873624,0.27769091215189956,0.5264010367717222,0.2974915502642487
0.5362974731566789,0.0060355583910540744,0.5362974731566789,0.28599648002639705,0.53574914797594,0.29219405731640974
0.5547843984855817,0.004073421489100504,0.5547843984855817,0.2634080338399559,0.5542327120898565,0.28185249690102626
0.558430885883528,-0.02265221587100008,0.558430885883528,0.5178091111198249,0.5578339232174225,0.28038858548279316
0.5431192850796858,0.011735506980065757,0.5431192850796858,0.332700841598611,0.5425776784340162,0.2887001952679442
0.576281073363291,-0.018946098083171492,0.576281073363291,0.42276349156831056,0.5757069887756073,0.2673525442774227
0.5627460488525067,-0.02118874433034179,0.5627460488525067,0.4803162198480346,0.5621537764568719,0.27725380595197846
0.5900491391537456,0.0004492176970840589,0.5900491391537456,0.2319517024246726,0.5895444235717555,0.2582865495762881
0.5994691742498712,-0.020518967643060826,0.5994691742498712,0.4377602619805614,0.5989414952687163,0.24899762381950322
0.5829033541864257,-0.025789095292318542,0.5829033541864257,0.5795522550435025,0.5823255751180778,0.26247004161836923
0.5809393302928678,-0.045072872737780934,0.5809393302928678,1.3432805604256486,0.5803176509420493,0.2659461528596481
0.6173305596040247,-0.01879241757875061,0.6173305596040247,0.3897068365903452,0.6168687798686903,0.233716872266248
0.6109128327656219,-0.05082122128871269,0.6109128327656219,1.6257062699147065,0.610343642912226,0.23900561945429502
0.6032705418120112,-0.062140322947892734,0.6032705418120112,2.3668584242089836,0.6026519766071715,0.2480321548077212
0.6240465165685579,-0.02325461159065867,0.6240465165685579,0.48165043439363653,0.6236004956296215,0.22704519224043218
0.6326051105378776,-0.04831764313895892,0.6326051105378776,1.4612636007808504,0.6321239695955356,0.21675801567041017
0.6218515278390138,-0.04408419481073533,0.6218515278390138,1.251320929678188,0.6213381608274172,0.22784838023637496
0.6306241639668587,-0.06163243307327715,0.6306241639668587,2.296663216294065,0.6300954985152132,0.2191939066167589
0.6320181108936714,-0.06163243307327715,0.6320181108936714,2.294940700638689,0.6314951418217082,0.2176587596204231
0.6351842616949736,-0.06163243307327715,0.6351842616949736,2.2910352964998753,0.6346746431482864,0.2141488109540986
0.6349215176306874,-0.07810859015533556,0.6349215176306874,3.588714576198817,0.6343615663372523,0.2159843924925351
0.6304131235417665,-0.0790165195398238,0.6304131235417665,3.674537653990318,0.6298331141881212,0.22140860341688381
0.6462994482201989,-0.05082122128871269,0.6462994482201989,1.5872208027977521,0.645875866951227,0.20189706764235413
0.6468175709864625,-0.04408419481073533,0.6468175709864625,1.226550159241641,0.6464184365772941,0.2018646140321423
0.653839059733858,-0.0642027422481144,0.653839059733858,2.451471567619779,0.6534106863167591,0.19281249259069252
0.6542229261838066,-0.05975274142407283,0.6542229261838066,2.1383599497905053,0.6538115237951472,0.1924893906727446
0.645729906735393,-0.06163243307327715,0.645729906735393,2.278097096805666,0.6452687909935763,0.20223853415626697
0.6570244710389126,-0.0790165195398238,0.6570244710389126,3.635487288170983,0.6565627220398834,0.18925308404903773
0.644751500209841,-0.06955813654023935,0.644751500209841,2.8680109399167244,0.6442604783659758,0.20359578098004238
0.6709757322753036,-0.05082122128871269,0.6709757322753036,1.5610040088550767,0.6706940026506233,0.17398080757292375
0.6741022866508746,-0.0642027422481144,0.6741022866508746,2.4263374282559904,0.6737901801660987,0.16852199224586306
0.6646937093945434,-0.06163243307327715,0.6646937093945434,2.255093911528828,0.6643344521362904,0.18007843266116394
0.6747612709814637,-0.0717591360808143,0.6747612709814637,3.0025791354528653,0.6744248312539793,0.16710185834672675
0.6655476055599775,-0.08405689214955991,0.6655476055599775,4.073421129546456,0.6651133583109204,0.17871931071380356
0.6793217876694347,-0.10460658083322016,0.6793217876694347,6.076593180291496,0.6788879165345737,0.16176076791308752
0.6856450218143156,-0.0642027422481144,0.6856450218143156,2.412188753747812,0.6854068207143436,0.15436308572150062
0.6815888413728841,-0.0642027422481144,0.6815888413728841,2.4171470053108677,0.6813241161288386,0.15935896838742522
0.6890770559791747,-0.0751682804801721,0.6890770559791747,3.262036695608196,0.6888172545248902,0.14865094837744117
0.686023562643768,-0.0790165195398238,0.686023562643768,3.5938231818187374,0.6857287943856424,0.15226522896681474
0.6961578702873505,-0.09382188139646619,0.6961578702873505,4.952996496731378,0.6958667963278763,0.13797887481309473
0.6918787857757265,-0.10668342291961164,0.6918787857757265,6.27227174285647,0.6915088963358617,0.1441606279627352
0.6880051663972435,-0.11255432681315813,0.6880051663972435,6.904550438229056,0.6875893732031896,0.15023266336274255
0.6843306142545373,-0.1168907316919201,0.6843306142545373,7.380886967558264,0.6838773683655983,0.15614997330387217
0.6843306142545373,-0.11581480858365545,0.6843306142545373,7.263906362546194,0.6838815303573357,0.15599098212938636
0.699011740822729,-0.12943803159361167,0.699011740822729,8.729788268405082,0.6985898271628173,0.13604058566376726
0.6915133613136665,-0.1321933322493445,0.6915133613136665,9.049128490452816,0.6910390692581887,0.1480804967138915
0.6948590074102146,-0.1322923531354281,0.6948590074102146,9.05311087889866,0.6944024374480225,0.1429354924369404
0.7029814253402912,-0.0790165195398238,0.7029814253402912,3.569866567558152,0.7027976845739992,0.13010774321968374
0.707607664249264,-0.09033488816177115,0.707607664249264,4.596775447103804,0.7074052822942256,0.12252812656952726
0.7060845415385075,-0.11483111932470003,0.7060845415385075,7.116509457172309,0.7057656079913598,0.12394905868958539
0.7148110397165353,-0.12535583451653842,0.7148110397165353,8.248647591395796,0.7144979294400322,0.11139746340416784
0.7097910782852246,-0.13820052662940796,0.7097910782852246,9.671448363796452,0.70939241457864,0.12058305548822443
0.709244510932136,-0.1366625254091316,0.709244510932136,9.503986786559887,0.7088494612959907,0.12121208390371122
0.7097910782852246,-0.1398332181814954,0.7097910782852246,9.850031235697505,0.7093853238545571,0.12084424690159729
0.7355341215794202,-0.10582817137438916,0.7355341215794202,6.106474533935793,0.7354402614109544,0.08167853795680766
0.738097683797878,-0.10349455138080721,0.738097683797878,5.859802663555894,0.7380316182787201,0.07842699875950412
0.7281398054410095,-0.11255432681315813,0.7281398054410095,6.83121288288318,0.7279669274293334,0.09158626245217444
0.7307000603274363,-0.11483111932470003,0.7307000603274363,7.071191861127098,0.7305319492731829,0.08767572146452356
0.7203689613734912,-0.11581480858365545,0.7203689613734912,7.196380457087283,0.7201327776353178,0.10285237366838475
0.7276156119269668,-0.12888288273511694,0.7276156119269668,8.611130133772146,0.7273615772505831,0.09193886278304537
0.7217071315012425,-0.12593336286074308,0.7217071315012425,8.298561535122838,0.721432186551705,0.10090660733331902
0.7298576723357885,-0.1318005275548435,0.7298576723357885,8.92743090753248,0.7296027159866375,0.08854959249220291
0.7389104640804833,-0.1398332181814954,0.7389104640804833,9.788649978400569,0.7386671459783173,0.07462499957022935
0.7216716671703622,-0.1398332181814954,0.7216716671703622,9.824838648118499,0.7213324243222713,0.1019389402101336
0.7297195895109647,-0.14152675852559504,0.7297195895109647,9.992261489379217,0.729417398466572,0.08928442030582709
0.7378672130270976,-0.16862059752791403,0.7378672130270976,12.77795327482663,0.7374770734257317,0.07951366050440048
0.7409389370821223,-0.11255432681315813,0.7409389370821223,6.808252485621907,0.7408444217150514,0.07300975588479651
0.7532672742282768,-0.12786958008477356,0.7532672742282768,8.449447818270782,0.7531632416430947,0.05307139100604463
0.7441845799591784,-0.13657186057601045,0.7441845799591784,9.421670533514733,0.7439863480073361,0.06635865028770971
0.7578009226175747,-0.1366625254091316,0.7578009226175747,9.403834918351807,0.7576731082699286,0.045406335300126076
0.7420226767283484,-0.1366625254091316,0.7420226767283484,9.436017389892609,0.7418122260857809,0.06971673732668886
0.744469222872522,-0.14682577156224053,0.744469222872522,10.532889077225258,0.7442204015742572,0.06603161337399346
0.7487690054094488,-0.14037479552426202,0.7487690054094488,9.827062699941251,0.748575581106941,0.05915948856439206
0.7446859623987508,-0.14152675852559504,0.7446859623987508,9.960737958162778,0.7444651891575033,0.06555819718458937
0.7502481347235256,-0.1487205459682599,0.7502481347235256,10.72282787829834,0.7500189454309643,0.05684402019009288
0.7517439495671984,-0.1692551103229567,0.7517439495671984,12.806337279022076,0.7514155503238165,0.055931756839531326
0.7484308099217917,-0.17754341746140856,0.7484308099217917,13.580667199693412,0.7480453721420156,0.06295812484680881
0.7579209540200885,-0.1771074882150394,0.7579209540200885,13.5190761139423,0.7575779586411319,0.04644135371911943
0.7712855995031379,-0.1322923531354281,0.7712855995031379,8.898885317838488,0.7712452799776126,0.025814843489093596
0.7685330946331141,-0.1366625254091316,0.7685330946331141,9.382135890643655,0.7684558299992884,0.029216325282211308
0.761199679438078,-0.15395961559186944,0.761199679438078,11.251318603728212,0.7609942704368883,0.03937874764511944
0.7733236472110908,-0.17099322708675402,0.7733236472110908,12.921192708972098,0.7730715639045945,0.019949963674162553
0.7656260218233012,-0.17044109073597014,0.7656260218233012,12.886878509926524,0.7653492261630261,0.03268287268116415
0.773719443783055,-0.1765422459029109,0.773719443783055,13.431064164384441,0.7734374448086765,0.019549241263912668
0.7797439469527768,-0.1907475852519811,0.7797439469527768,14.60329962175935,0.7793987410575589,0.01052042034604586
0.7686964018864264,-0.19964833398351445,0.7686964018864264,15.271853541638256,0.7682710888663726,0.03145613399547016
0.7891678644577049,-0.13982852046165384,0.7891678644577049,9.684981551940904,0.7891486743306855,-0.001534743185037033
0.7869633093580483,-0.1386856549704305,0.7869633093580483,9.565360051060521,0.7869444569606192,0.001867964566139268
0.7876552455924973,-0.14502884119489678,0.7876552455924973,10.24917970298893,0.7876000691897012,-0.0003876115728619421
0.7830391571324155,-0.17044109073597014,0.7830391571324155,12.846767629997581,0.7828198213138398,0.004129708109540958
0.7910968686924119,-0.1768580567764806,0.7910968686924119,13.418785888471279,0.7908579431930268,-0.008970171741004073
0.7991097708311787,-0.18286737446185608,0.7991097708311787,13.922241187732546,0.7988456809410095,-0.02199329064345201
0.7900806662485166,-0.18724609945702397,0.7900806662485166,14.30365775175809,0.7897778003189114,-0.007247623314717951
0.7940233127923594,-0.18724609945702397,0.7940233127923594,14.294238357621412,0.7937265599670693,-0.013773204076105298
0.793083846162928,-0.18724609945702397,0.793083846162928,14.296480715273848,0.7927857671103052,-0.01222463462806358
0.7961615749870811,-0.20104907402955075,0.7961615749870811,15.296852701235338,0.7957839216858709,-0.016675927113857306
0.8140066452101762,-0.17809195339114936,0.8140066452101762,13.475505914185009,0.8137756951281743,-0.04465587865131548
0.8015576457726193,-0.1932493618593636,0.8015576457726193,14.739141658775132,0.8012312004900412,-0.026071360466528824
0.8142703940468426,-0.2036158516475508,0.8142703940468426,15.416738623680116,0.8138738874666602,-0.04676130895556052
0.8050631091523877,-0.20339558776985278,0.8050631091523877,15.425475448452787,0.8046743321062304,-0.03157562580224934
0.8103947301584317,-0.20339558776985278,0.8103947301584317,15.412419245750154,0.8100035463410834,-0.04042696297664276
0.8114978756919948,-0.2113226053217323,0.8114978756919948,15.869376584004929,0.8110554605228633,-0.04194257254232844
0.8089939911053161,-0.2113226053217323,0.8089939911053161,15.87557893090202,0.8085538998474807,-0.03771737623692852
0.8357509833464936,-0.20339558776985278,0.8357509833464936,15.350905997638735,0.8352965324568273,-0.08018221040638687
0.8332455894401529,-0.20339558776985278,0.8332455894401529,15.356942053538697,0.8328016701736958,-0.07644265563550022
0.838229529880411,-0.20558190664245757,0.838229529880411,15.479006406550115,0.8377484117945194,-0.08409409861031596
0.8236150754864331,-0.22563573214511035,0.8236150754864331,16.468236143996638,0.8230559527539554,-0.061370526787139175
0.832793603005627,-0.2127925363029437,0.832793603005627,15.893674646407796,0.8322873611935597,-0.07641647520405338
0.8301771947746139,-0.259050628640626,0.8301771947746139,16.826880979436552,0.8293743545429504,-0.06790055846932053
0.8470579983928614,-0.20339558776985278,0.8470579983928614,15.323776743946052,0.8465426239115095,-0.0964878918299811
0.843617939710189,-0.20339558776985278,0.843617939710189,15.332011310166862,0.8431235078411745,-0.09162873187361353
0.8598517756845626,-0.22908459049835805,0.8598517756845626,16.489261886919596,0.8590485444663541,-0.11802847535030137
0.8467625929489485,-0.26465307676956407,0.8467625929489485,16.694069387694366,0.8458196372423281,-0.09622670695054072
0.8552882205347064,-0.23625576282523042,0.8552882205347064,16.678377488859642,0.8544746307976065,-0.11181309150339157
0.8514028917361193,-0.23774354175482504,0.8514028917361193,16.71596733895077,0.8506112135902894,-0.10591712490869502
0.8573284029306623,-0.24083651435365638,0.8573284029306623,16.749506893841087,0.8564634557134112,-0.11502601366373798
0.8699279746757369,-0.2962780071075857,0.8699279746757369,15.331159484732996,0.8685223784300695,-0.13010654729148197
0.8640114389485493,-0.2635546887890712,0.8640114389485493,16.67277797728759,0.8629140430154612,-0.12487479064379527
0.8650548758659168,-0.2741367354268611,0.8650548758659168,16.395375333622788,0.8638691560405529,-0.1255923225490826
0.8748993844274864,-0.2790943125355163,0.8748993844274864,16.1905143142336,0.8735512759667717,-0.1407852751451256
0.8726790910565856,-0.25880936549760847,0.8726790910565856,16.72426409445644,0.8715115748477694,-0.13823683317249716
0.8626891636542302,-0.24616103676639245,0.8626891636542302,16.78765726846513,0.8617325727082495,-0.1232100116137493
0.8978591569569108,-0.2962780071075857,0.8978591569569108,15.265655937363038,0.8959870271121692,-0.17391334538665687
0.8872020653028714,-0.28691423325389653,0.8872020653028714,15.810502745494084,0.8856028973303467,-0.1589493855825604
0.8960932846268842,-0.26570036302092337,0.8960932846268842,16.551394755957183,0.8944962145389496,-0.17088485540330017
0.8971100500366377,-0.26589656723716626,0.8971100500366377,16.544676366990053,0.8954916607995668,-0.17220004808398495
0.8892000091443912,-0.2741367354268611,0.8892000091443912,16.33684123183552,0.8876639334920647,-0.16213790259423258
0.9194949780661779,-0.325428372245149,0.9194949780661779,12.99343184422102,0.9168729016707019,-0.20179263563900263
0.9168231320148257,-0.3033628080434374,0.9168231320148257,14.761040933234137,0.9144516853301657,-0.19920010704292632
0.9124220171882111,-0.3058139526735344,0.9124220171882111,14.598752442270378,0.910143948759845,-0.1935211217888446
0.9199025106798416,-0.2900880277253961,0.9199025106798416,15.56957742144161,0.9175575022988,-0.2021766993955618
0.9035493461871745,-0.29119714358069704,0.9035493461871745,15.547445198647003,0.9015963688352907,-0.18191049951654611
0.9093220513866931,-0.2962780071075857,0.9093220513866931,15.23906874012958,0.9071962221926217,-0.1895511505362522
0.9349407542639332,-0.34785468007321185,0.9349407542639332,10.788745499384454,0.9316641776213156,-0.2196903986188063
0.9355433859879678,-0.3444998723155006,0.9355433859879678,11.129939983651228,0.9322741046740586,-0.2208311773319257
0.9355433859879678,-0.3319091701262069,0.9355433859879678,12.363574480868847,0.9323782639794905,-0.22169697938073074
0.9375960065824,-0.3319091701262069,0.9375960065824,12.359297601807413,0.9343614870951013,-0.2241035405536364
0.9210871507746836,-0.325428372245149,0.9210871507746836,12.990016331765743,0.9184205084186909,-0.20391809609084507
0.9355433859879678,-0.32004760955937783,0.9355433859879678,13.42905685771235,0.9324773886131055,-0.22175491454096397
0.9289305811784564,-0.32004760955937783,0.9289305811784564,13.443370998214718,0.9260762378081556,-0.21407752551966247
0.9212930910918634,-0.3044306057891477,0.9212930910918634,14.676672926374806,0.9187915940245073,-0.20472405495062418
0.9389351970039652,-0.3058139526735344,0.9389351970039652,14.53911525701401,0.9358756828620957,-0.22432272796625724
0.9225087556495014,-0.30624493565299016,0.9225087556495014,14.545030341994291,0.9199581665243893,-0.2062407820078206
0.923156038328663,-0.2948677496687573,0.923156038328663,15.292043331308284,0.9206811753503505,-0.20633265281855884
0.9580434565739402,-0.36927978921306437,0.9580434565739402,8.484527848075816,0.9537076317428043,-0.24479817139240445
0.9578239486388268,-0.37310932650083917,0.9578239486388268,8.075724437441805,0.953465096737468,-0.24411041877581127
0.9585335774661663,-0.34976702891810874,0.9585335774661663,10.54576765938052,0.9543438741745157,-0.24635202506224063
0.9589609155464005,-0.34976702891810874,0.9589609155464005,10.544944185806258,0.9547529253125121,-0.24677177199479428
0.9515368993244625,-0.34785468007321185,0.9515368993244625,10.756247919113365,0.9476523026325336,-0.23919983116065827
0.955022569278534,-0.34785468007321185,0.955022569278534,10.749458592524356,0.950996685339259,-0.24284144723901294
0.9480235806843528,-0.34785468007321185,0.9480235806843528,10.76310369475543,0.9442765076980812,-0.23536709780383488
0.9448718642340659,-0.3319091701262069,0.9448718642340659,12.34417507059124,0.9413787259214332,-0.2322044576370726
0.9418838377653808,-0.325428372245149,0.9418838377653808,12.945671691858184,0.9385541791269763,-0.22885597194305765
0.9991338514623552,-0.39876565788380347,0.9991338514623552,5.351487933580492,0.9923967061527573,-0.279567919577746
0.9999997969231956,-0.39876565788380347,0.9999997969231956,5.350246555274156,0.9932087695962218,-0.28014952396233583
0.9999999880044677,-0.39876565788380347,0.9999999880044677,5.350246281408441,0.9932089487467882,-0.28014965106607953
0.9795370611860752,-0.39652099680330544,0.9795370611860752,5.60260807632218,0.9739422010130868,-0.2637432716127846
0.9994830216678514,-0.39652099680330544,0.9994830216678514,5.5734026638344485,0.992744445374604,-0.27984902132922057
0.9999999999637225,-0.3946992335111359,0.9999999999637225,5.755003452129913,0.9932457138884151,-0.28020140742233723
0.9992171741345324,-0.3870998091541198,0.9992171741345324,6.532346223011782,0.9925805038658772,-0.27960000317058653
0.9998194516535062,-0.3870998091541198,0.9998194516535062,6.531411244866411,0.9931454441625648,-0.2799664499633631
0.9714313927196171,-0.37963834248567796,0.9714313927196171,7.358483230949037,0.966393832980762,-0.25770399255772397
0.9967345428991076,-0.36927978921306437,0.9967345428991076,8.41715088887084,0.9904126148605902,-0.27691693778575777
0.9743945201954625,-0.34976702891810874,0.9743945201954625,10.51532588694863,0.9694742969673599,-0.26026194626869725
0.9779952250927284,-0.34785468007321185,0.9779952250927284,10.705019377234688,0.9729111199471465,-0.26272583238066477
0.9738553806778902,-0.34785468007321185,0.9738553806778902,10.712988791646211,0.968978874765792,-0.25967994807109873
0.961618614389074,-0.34785468007321185,0.961618614389074,10.736644752841963,0.9573118451659027,-0.249288388731666
0.9656042074587938,-0.34001691344234786,0.9656042074587938,11.518850028045021,0.9611880534843119,-0.2523743333591988
