x0,x1,f1,f2,predf1,predf2
2.7755575614859216e-17,1.4076163336658079,2.7755575614859216e-17,8.996492488130102,-0.007692586977287805,11.625984219638163
2.7755575614859216e-17,1.3492087213840458,2.7755575614859216e-17,16.004948079926127,-0.006975881700357951,11.098945668146623
0.003044550004214916,-0.007058116067918618,0.003044550004214916,0.9831051681519011,0.003170186357332795,1.0578734811284396
0.0024557826299305566,-0.008637949760792019,0.0024557826299305566,1.007934672038087,0.002464011676672515,1.1092511473776485
0.0013731069875800193,-0.008230854335683269,0.0013731069875800193,1.0154769594944022,0.001173790829440708,1.2044963171281224
0.0015598896658094755,-0.019096544978435936,0.0015598896658094755,1.2421190752191464,0.0013546027335865165,1.1921587090772472
0.0013459762260226217,-0.015519183549359994,0.0013459762260226217,1.1497844706465377,0.001118100175325347,1.2070125990760596
1.6930901125064121e-15,-0.4969088255148675,1.6930901125064121e-15,1.2544619957607164,-0.003652895668415478,3.1026822027017147
4.214054490012395e-07,-0.02739612347924769,4.214054490012395e-07,1.5867112367820062,-0.0005325528449901722,1.3300029520837902
1.9103928459201817e-08,-0.4706055488537535,1.9103928459201817e-08,1.8957712444589334,-0.0035304999507720656,2.9866427269647895
2.902080155607978e-06,1.0052315831128968,2.902080155607978e-06,2.029664379532775,-0.004810129589032946,8.218102986160163
2.321431110277216e-07,0.996530579688466,2.321431110277216e-07,2.001893804184112,-0.004781582536875704,8.149049148286862
9.061179779468626e-11,1.0166233993493714,9.061179779468626e-11,2.250903850002191,-0.004856071198948743,8.309014457439591
1.2650139663630316e-06,-0.4583188560975575,1.2650139663630316e-06,2.5489156129585533,-0.0034694690210901238,2.9328122511190764
3.3971442329008146e-08,1.0314811538714448,3.3971442329008146e-08,2.8360026533311102,-0.004912790726222456,8.427816633686835
3.4654347967685424e-09,1.0327844081694106,3.4654347967685424e-09,2.9032496342108685,-0.004917890004782564,8.438260389258563
1.3955771950335942e-06,1.4901491320028866,1.3955771950335942e-06,3.2949209741915726,-0.009016704966069466,12.396838276592598
2.6718500940161763e-08,1.5006715232580898,2.6718500940161763e-08,3.2520762838297093,-0.009217345682207499,12.49750328725953
8.648993431955223e-10,1.5006599598811974,8.648993431955223e-10,3.252271170290536,-0.009217156919492436,12.497393461695886
2.9667871555570883e-06,-0.5566389608120828,2.9667871555570883e-06,3.7342918982819184,-0.003900319099177017,3.3705336174544005
4.958999763608015e-08,1.5251876711220964,4.958999763608015e-08,3.8225109890124274,-0.009708102876129299,12.733922591243417
3.276103614122874e-09,1.5180907597967455,3.276103614122874e-09,3.561786996716517,-0.009562129558617323,12.665201710631678
1.1481768324156108e-07,-0.06489718528588462,1.1481768324156108e-07,4.148637740856949,-0.0007836087666511666,1.4097183600486587
1.9851273063747082e-08,1.5312050641207176,1.9851273063747082e-08,4.103348739932269,-0.009834482210616958,12.792369217636482
1.6985528733948735e-11,-0.4372177109707627,1.6985528733948735e-11,4.145211103541598,-0.003364683075032097,2.8411663430212735
4.214054490012395e-07,0.9412266269400007,4.214054490012395e-07,4.490197886955882,-0.004589290946823681,7.712853455831552
1.1883111244673985e-08,-0.4334834376495227,1.1883111244673985e-08,4.482365250768947,-0.00334539312178546,2.82502429196766
4.574309783353334e-12,1.0586718820728134,4.574309783353334e-12,4.71786743664251,-0.005021499032047832,8.6464190179667
1.952061636444664e-06,1.5469447228273472,1.952061636444664e-06,5.080062704650107,-0.010173290979193388,12.945909011197282
1.4627276438179297e-07,1.453150026379606,1.4627276438179297e-07,4.794364569571461,-0.008374130659626097,12.047318554656995
4.3308719098692297e-07,-0.08033173669850413,4.3308719098692297e-07,5.681860523660714,-0.0009042198998595561,1.4549111743390206
1.8350157390681797e-08,-0.07807713418423567,1.8350157390681797e-08,5.445077320485971,-0.0008867646565880851,1.4480824866242128
1.6257213866181326e-07,1.073901286884193,1.6257213866181326e-07,6.163274514240906,-0.005085226569310571,8.769534327338057
4.958133952172664e-09,1.0722102491554635,4.958133952172664e-09,5.991662148641821,-0.005078203924744026,8.755845124524285
4.42627118122923e-11,-0.5792811816480965,4.42627118122923e-11,5.901234596149841,-0.003988636961363318,3.4738060643301774
1.9719728516547267e-07,-0.5822465883158401,1.9719728516547267e-07,6.220105146215126,-0.003999157038368589,3.4873679988616684
1.8637570766692395e-08,1.562721129925115,1.8637570766692395e-08,6.390360761462138,-0.010533262005600634,13.100948517255532
1.0095513777539707e-10,1.4334692263212467,1.0095513777539707e-10,6.350821853131694,-0.008065273865366028,11.864031678165444
2.3161754979207624e-07,1.0829693964164298,2.3161754979207624e-07,7.131983252324945,-0.0051243678786669624,8.843081897920513
6.407707738765018e-10,-0.5865388450396063,6.407707738765018e-10,6.696773261626007,-0.0040147426538190475,3.507043662366179
7.698228318272996e-11,1.4252207778148946,7.698228318272996e-11,7.130955790807143,-0.007942364769057225,11.787749603776303
1.8296551739286335e-06,1.0864790426505282,1.8296551739286335e-06,7.522883825145337,-0.005137827024852584,8.871528559321217
1.4231895308475362e-07,1.4221522965605695,1.4231895308475362e-07,7.436846269753481,-0.007897427044468016,11.75944622766264
1.5476202618879657e-12,1.4245253961249942,1.5476202618879657e-12,7.199771157511822,-0.007932177253051544,11.78133303319247
3.318180223406684e-06,1.08994651921354,3.318180223406684e-06,7.918982754842813,-0.005151372912287911,8.899664152732585
7.936029125016751e-14,-0.09802706541895123,7.936029125016751e-14,7.684620515466723,-0.0010470918509778227,1.5109836944557895
7.936029125016751e-14,-0.09913467883714588,7.936029125016751e-14,7.816424308352465,-0.0010560623097744855,1.514603990651032
1.1174686060900637e-06,1.4136824676737225,1.1174686060900637e-06,8.32365123473835,-0.007775310234109486,11.681519901670207
1.246350903801074e-08,1.4144419863013278,1.246350903801074e-08,8.244355208823276,-0.0077874249848205665,11.68853720503723
9.712283418044728e-11,1.58362949881937,9.712283418044728e-11,8.54011922933971,-0.011029462273767637,13.307644996377704
2.1512991965788318e-10,-0.10784246533039177,2.1512991965788318e-10,8.872172995229237,-0.0011266669588085984,1.5434440984305429
2.6004743167225852e-11,-0.6040923333741892,2.6004743167225852e-11,8.76770041667228,-0.00407553935452275,3.587779695792393
1.2918482473635407e-13,-0.60300724152283,1.2918482473635407e-13,8.634972775187384,-0.00407187761623989,3.582774775226982
2.211159136085728e-07,-0.11035229695851001,2.211159136085728e-07,9.18044461444092,-0.001146775512154083,1.55185892041665
6.052704171032114e-10,-0.8966144776149338,6.052704171032114e-10,9.120962271657529,-0.00458022821073685,4.998165913916153
1.8961656097513663e-12,-0.8966144776149338,1.8961656097513663e-12,9.12103241430244,-0.004580228860196027,4.998165937509279
2.0111439033586247e-06,-0.3852880976223956,2.0111439033586247e-06,9.854752038716635,-0.0030812838811308846,2.6190262771775736
6.756033315936935e-09,-0.8931532965440452,6.756033315936935e-09,9.535992447059808,-0.0045801548953585,4.980832248994406
6.052704171032114e-10,-0.8931532965440452,6.052704171032114e-10,9.536170298460876,-0.004580161516961606,4.98083248971102
2.0657627479970947e-08,1.5988784182313314,2.0657627479970947e-08,10.33204768694081,-0.011405936644432981,13.459115290094251
1.8717729237982085e-08,1.1084283464216647,1.8717729237982085e-08,10.160740643396347,-0.005239885256979088,9.050565358405557
8.27106207676329e-11,1.1093646502387413,8.27106207676329e-11,10.278481967448798,-0.00524430149705154,9.058224504804697
1.5707742332974658e-08,1.3939491571917966,1.5707742332974658e-08,10.583904868417394,-0.007509974461684376,11.501354405813736
1.8811921104608532e-09,1.393330977817687,1.8811921104608532e-09,10.658009097621774,-0.007501959696341802,11.495737294120199
3.3281374019300797e-13,-0.8833867159954534,3.3281374019300797e-13,10.728414288822275,-0.004579166698567986,4.931997611175179
4.285183303778974e-06,1.6046429261867363,4.285183303778974e-06,11.03766419656954,-0.011545733438537572,13.516343331667324
2.633177354438481e-07,1.3877694568432046,2.633177354438481e-07,11.326397279547274,-0.007430214203206088,11.445260552719022
8.529398738494236e-08,-0.6231564230216344,8.529398738494236e-08,11.155698436350264,-0.004137700828262907,3.6760077345142994
1.2118393905270041e-06,1.1190952105338186,1.2118393905270041e-06,11.50730218073014,-0.005289151953256221,9.137882540851185
1.333671067325324e-08,1.118408311918908,1.333671067325324e-08,11.423057809297225,-0.005287322143059936,9.132299688166462
2.1192144475588117e-07,1.3831845577242259,2.1192144475588117e-07,11.88492284366738,-0.007372564362607813,11.403759139748068
3.287215326862235e-08,-0.8706919388431698,3.287215326862235e-08,12.298571137332237,-0.004576066675627356,4.86868828095164
2.917468687945167e-09,1.1266104513203992,2.917468687945167e-09,12.471421826799627,-0.0053273467834966575,9.199648653119402
6.513348416139027e-10,-0.8687503182147842,6.513348416139027e-10,12.539187834948372,-0.004575457229565164,4.859023739129056
2.692290834641344e-15,-0.6348029828600774,2.692290834641344e-15,12.631740481689633,-0.004173883492013834,3.7301893811677345
1.914005873887562e-07,-0.8665115373407097,1.914005873887562e-07,12.813946041176509,-0.00457445132325579,4.847876692841743
6.93751689574491e-09,-0.6391648338699403,6.93751689574491e-09,13.178850036637273,-0.00418701164584881,3.7505329857468506
8.822465700636535e-11,-0.3598039252041989,8.822465700636535e-11,13.02743544847919,-0.0029352007156724937,2.51211756473965
1.3955771950335942e-06,-0.14646403656797435,1.3955771950335942e-06,13.681745621895093,-0.0014364038812171218,1.6775119580030575
5.66947113742508e-08,1.3707262213176499,5.66947113742508e-08,13.414818981237106,-0.00722104900009147,11.291440063580026
1.1883111244673985e-08,-0.8621044162644291,1.1883111244673985e-08,13.35624924862069,-0.004572889623068498,4.825972790506958
3.8797455017058364e-09,1.365231758242638,3.8797455017058364e-09,14.088057070900357,-0.007156518077910088,11.242109434652724
4.055516541284325e-10,-0.643621979118679,4.055516541284325e-10,13.732982170230747,-0.004200226729117706,3.771351356152822
1.183532093419259e-12,-0.14713776409640733,1.183532093419259e-12,13.767815313575756,-0.0014433419725506265,1.6799999678616662
1.5883124645014477e-05,-0.15081627778025286,1.5883124645014477e-05,14.195283800412511,-0.0014547433493606766,1.6923402379795496
1.8919363158302813e-08,1.1419476406743554,1.8919363158302813e-08,14.417162678932659,-0.005404802163328583,9.326014039028966
2.692290834641344e-15,-0.6499704979324008,2.692290834641344e-15,14.50910529294773,-0.00421866455143185,3.801055193615945
2.597903123580431e-08,-0.6542608985919207,2.597903123580431e-08,15.022164605190866,-0.004230846301701585,3.821162468694303
9.409351271030806e-10,-0.34303729078982226,9.409351271030806e-10,15.02697961454382,-0.0028339468342927616,2.4424569539294687
3.0605844749883026e-07,1.640106330193098,3.0605844749883026e-07,15.574701968444149,-0.012468893635078492,13.869371183871452
2.6056051354693876e-07,-0.16252697048776188,2.6056051354693876e-07,15.567325423440776,-0.0015648343646585555,1.7356123496658766
3.180668725878189e-10,1.1479778171236408,3.180668725878189e-10,15.165304171917477,-0.005436288116924928,9.375855290205264
1.5041348273766309e-07,1.152246129627848,1.5041348273766309e-07,15.683480924985584,-0.005458729313997896,9.411181537549615
3.565878687304137e-08,1.6408532876348172,3.565878687304137e-08,15.670683368534014,-0.012488855301629206,13.876787587606936
4.574309783353334e-12,-0.33493179817748064,4.574309783353334e-12,15.937216122905363,-0.002783954020665578,2.4089961526519468
3.895770532744812e-09,1.346286039744566,3.895770532744812e-09,16.342745328806696,-0.006944131788232828,11.07294223892178
5.26784399650052e-10,-0.16812793863705355,5.26784399650052e-10,16.186350011263336,-0.0016090257872855363,1.7561125645518971
2.7899469852050314e-10,1.6452972084637887,2.7899469852050314e-10,16.229992006746436,-0.012605751153420207,13.920821801214187
5.169237222175686e-08,1.1622498414419207,5.169237222175686e-08,16.861764122493597,-0.0055130925410633936,9.494174300053846
2.73609309070669e-08,-0.8332250324370083,2.73609309070669e-08,16.70536939989862,-0.004555519142857711,4.6829764716355164
1.3505110741718889e-08,1.1640072898002716,1.3505110741718889e-08,17.062280471334525,-0.005522848848789781,9.508781492370689
3.1687313803907477e-09,-0.6741316880768045,3.1687313803907477e-09,17.24344801731456,-0.004284780240853497,3.9146501035834684
1.6314279977608644e-13,1.1668968367023798,1.6314279977608644e-13,17.386674529293213,-0.00553894824603435,9.532813281234896
4.93084261910052e-08,-0.1819254711708158,4.93084261910052e-08,17.59095620446895,-0.0017160576210608328,1.8070762849723283
1.1936558169147116e-10,1.3356799660139576,1.1936558169147116e-10,17.52647919667041,-0.006831940379591193,10.978859478604656
1.3717422833859371e-06,-0.6828028576549716,1.3717422833859371e-06,18.102854419470486,-0.0043054510882593626,3.9555703532784876
3.3438656285549104e-07,1.3312168218290967,3.3438656285549104e-07,17.998224922664882,-0.006785670422351457,10.939383501756831
2.0749161685273526e-11,-0.18983749076884227,2.0749161685273526e-11,18.311710376943314,-0.0017768062888662622,1.8366062367946332
1.1660925259675272e-06,1.181244325156599,1.1660925259675272e-06,18.88458310523299,-0.005619625819341467,9.652406024659475
8.613438441449935e-07,1.181244325156599,8.613438441449935e-07,18.8852427315152,-0.005620007427931433,9.652419065427772
6.049873708217992e-08,1.6664336772601853,6.049873708217992e-08,18.750558938789624,-0.01315933056986907,14.128679547355055
1.0187558790061363e-07,1.1850457280030264,1.0187558790061363e-07,19.252591675608986,-0.005643381828339813,9.684241853282682
4.411868354915084e-09,-0.3017867044520104,4.411868354915084e-09,19.04695543988347,-0.0025724609905965574,2.2736727654894473
2.0677584212016683e-10,1.668023144022973,2.0677584212016683e-10,18.929127765842377,-0.01320059791661827,14.144165837155429
7.921091195835426e-09,-0.7020432547149387,7.921091195835426e-09,19.730877569170325,-0.004353113797594428,4.0469370851232345
3.529067165377819e-09,-0.29091548106441145,3.529067165377819e-09,19.79143340912183,-0.0025006424653816295,2.229831431129796
8.08326648182912e-10,-0.20407465457559848,8.08326648182912e-10,19.421923809564536,-0.001884640006752405,1.8902539666802525
1.4640131332304665e-07,1.195657244480282,1.4640131332304665e-07,20.18539212476267,-0.00570746032336776,9.77318686487122
5.425139140551861e-08,1.6804433484997023,5.425139140551861e-08,20.239910157071797,-0.013518064276980034,14.264149188234919
6.953438726399271e-09,1.6786558829274094,6.953438726399271e-09,20.060704048998897,-0.013473000199342859,14.247007293022854
4.411868354915084e-09,-0.28146041472864525,4.411868354915084e-09,20.307564958138858,-0.0024371997980231846,2.191926749025755
3.4654347967685424e-09,1.3050664093337234,3.4654347967685424e-09,20.40274271533886,-0.006532948089137905,10.709672991723114
2.911975015882071e-10,-0.2310062630709524,2.911975015882071e-10,20.769789557222982,-0.0020835338969348934,1.9934092820311928
5.2610620685179845e-08,-0.7241989047638029,5.2610620685179845e-08,21.00238833908974,-0.004401109943726866,4.15273060285353
2.085194058406182e-08,-0.7769659001760019,2.085194058406182e-08,21.034344387136944,-0.004493116212016753,4.407412913771855
1.177698742799324e-08,1.2043367842067534,1.177698742799324e-08,20.848261156998657,-0.005761841876762442,9.846173908523385
8.726688536049976e-09,1.692344197385677,8.726688536049976e-09,21.351745897063815,-0.013811638424168876,14.376948760731562
9.18877855398314e-11,-0.7625002181215903,9.18877855398314e-11,21.45824129624545,-0.004471103691589091,4.337222273774936
7.723787186612477e-11,-0.7659887265178531,7.723787186612477e-11,21.385531435268334,-0.00447663889182147,4.354124091471318
2.2413826826612236e-08,1.2787830935162647,2.2413826826612236e-08,21.987553693846667,-0.0063029812937551175,10.48122676868625
4.794876028593292e-09,1.2753440803835154,4.794876028593292e-09,22.12329172053231,-0.0062745875322306735,10.451510058302707
9.945280277867839e-11,1.2293086319852886,9.945280277867839e-11,22.175012943675036,-0.00592732796989247,10.057333356669762
4.176035143516822e-06,1.2417132980830967,4.176035143516822e-06,22.477991001059547,-0.00600989725222895,10.162724293156955
8.74999201467194e-09,1.2491819557950423,8.74999201467194e-09,22.559482890822228,-0.006070018744644652,10.226689163541257
1.1793847104715378e-10,1.265148095912049,1.1793847104715378e-10,22.419916562990206,-0.006192481398227294,10.363631885852884
1.1660925259675272e-06,1.7144794955929843,1.1660925259675272e-06,22.95449324701673,-0.014308583302320517,14.578345400262236
3.064184913483873e-12,1.7153778175520058,3.064184913483873e-12,23.010896257327328,-0.014328320021470478,14.58623679605996
1.8637570766692395e-08,1.722124450238483,1.8637570766692395e-08,23.35776973930909,-0.014461173463963294,14.644500569078554
2.679282018544342e-10,1.7839636524293958,2.679282018544342e-10,23.285398773957496,-0.01506870386334475,15.083898263808564
7.698228318272996e-11,1.7208277406562535,7.698228318272996e-11,23.296758146140895,-0.014436450043081401,14.633429439982658
0.01299574439579872,-0.023444395915165117,0.01299574439579872,1.2950084237386723,0.013404198745312181,0.9603793873888845
0.0125290447558575,-0.02306059329741661,0.0125290447558575,1.2842211850773748,0.012934245967574719,0.9605933814348903
0.014903187928459741,-0.02506344890558676,0.014903187928459741,1.3433875046339456,0.01532230274215001,0.9592706389744041
0.01810716722508538,-0.0373543443250588,0.01810716722508538,1.8888244706597477,0.01850419893346409,0.9546257580569499
0.014188777315728807,-0.03135873402263911,0.014188777315728807,1.6090665111294717,0.014580706869928467,0.9593303167472575
0.013683990670066593,-0.028883134193059767,0.013683990670066593,1.5019533444918238,0.014080267050410775,0.959657999111693
0.019674442322758685,-0.042908994549574864,0.019674442322758685,2.2024635465513867,0.02005772902317024,0.9521922267366062
0.019371052908193406,-0.04772177492196228,0.019371052908193406,2.516483509699559,0.019735136987286416,0.9535010173678397
0.021340159260996812,-0.0364251564199769,0.021340159260996812,1.8225816037330944,0.021749330257144955,0.9499634197739797
0.020854992510781527,-0.03455609827840611,0.020854992510781527,1.7287248529626404,0.02126965653445335,0.9511443062390212
0.02616845997283301,-0.046671370221689656,0.02616845997283301,2.4088010275821947,0.02653702833227838,0.9383869022660307
0.022665420800973172,-0.04232494671054621,0.022665420800973172,2.150780515530592,0.02305536166504081,0.9466247042612203
0.024866197125597355,-0.051831285539487126,0.024866197125597355,2.7745213613019053,0.025220190697282534,0.9412738856144625
0.023892591126114523,-0.05053550990754907,0.023892591126114523,2.686539238058331,0.024252773928822326,0.9436311705857279
0.02140601383492937,-0.04878148107942426,0.02140601383492937,2.577327497050078,0.02177189451684206,0.949225746511841
0.02656878475344019,-0.0538554700340903,0.02656878475344019,2.9149941827969506,0.02691056606273615,0.9368318301138928
0.02940903124022804,-0.047345859480675934,0.02940903124022804,2.437705042481492,0.02975869580982543,0.9297679950530233
0.03066198388741106,-0.04889831023161406,0.03066198388741106,2.536966755647577,0.03099727251443478,0.9257562723330047
0.02738778174904166,-0.05145141442391221,0.02738778174904166,2.7333790954518564,0.027734713995787554,0.9346989956901324
0.03269465513742614,-0.059826990376111944,0.03269465513742614,3.3512654476089936,0.03297396865770303,0.9175449695716921
0.02877841865249759,-0.05586820688899774,0.02877841865249759,3.0566618179410705,0.0291023207830385,0.9304797054762926
0.02987952156528859,-0.06148604491317844,0.02987952156528859,3.5043217048838398,0.03017602521578501,0.9270817702951659
0.026970937150200526,-0.06305144264247264,0.026970937150200526,3.654357035415382,0.02727706695431397,0.9365605364812805
0.03296579557600804,-0.06985371925030393,0.03296579557600804,4.226376265824694,0.03320586872231752,0.9168573572660683
0.032598478535567965,-0.0687739322650458,0.032598478535567965,4.128997964717314,0.03284605841764261,0.9181189641728265
0.030783675028815495,-0.06863160314895023,0.030783675028815495,4.126776529270639,0.031047088829666728,0.9247478886304613
0.03325792755975313,-0.062526862662029,0.03325792755975313,3.5734591068995916,0.03352198908096075,0.9154129212430662
0.037045328325651355,-0.0687739322650458,0.037045328325651355,4.10367420164492,0.03724203824643241,0.9004823825933056
0.03432784070547235,-0.0687739322650458,0.03432784070547235,4.11895599037633,0.03455784813367691,0.9115030155202499
0.03376533156131221,-0.06888415709659945,0.03376533156131221,4.1322943553602505,0.03400096249178257,0.9136957972165712
0.03920271412484042,-0.07495666710304238,0.03920271412484042,4.675198898357624,0.039345766119682435,0.8912692409756993
0.036418204706456896,-0.0752262013616809,0.036418204706456896,4.7177171991682885,0.036599468707733465,0.9035830794695685
0.03611518305645737,-0.07368531071066187,0.03611518305645737,4.570010359289784,0.03630600693219244,0.9046811103109724
0.03982459007935507,-0.0825704886138654,0.03982459007935507,5.438311961021911,0.03992991571421146,0.8893519768768589
0.04452655136519261,-0.06023438244702639,0.04452655136519261,3.326375752759627,0.04462805440201681,0.8669620042969746
0.04449075673476199,-0.06023438244702639,0.04449075673476199,3.3265396836184835,0.04459297314409256,0.8671433517504676
0.04492473889219188,-0.06888415709659945,0.04492473889219188,4.07231745118959,0.04498770733893574,0.8635691914612864
0.04119946606096285,-0.07500139455721833,0.04119946606096285,4.668276194994288,0.041310004542052844,0.8819422252945505
0.04041058083581738,-0.07558274732210624,0.04041058083581738,4.729418717095185,0.040532195671041694,0.8857164736039412
0.04640539142847417,-0.07886094785115016,0.04640539142847417,5.021178276864279,0.04640218768786874,0.8554965710603667
0.04603561134778857,-0.0828986184846423,0.04603561134778857,5.435848262899718,0.04602576791788288,0.8578212305234225
0.0451028983812331,-0.08219632160095447,0.0451028983812331,5.36839686682989,0.045114699198560385,0.862749506591943
0.043720457176686066,-0.0825704886138654,0.043720457176686066,5.415108351284033,0.04375798848472002,0.8700347748922058
0.04243857557847032,-0.09069410697759928,0.04243857557847032,6.291152953407713,0.042469927800757944,0.8782427325526885
0.049927221738209494,-0.06043582075403897,0.049927221738209494,3.318778063145143,0.049908853757480554,0.8375288860445282
0.04709557761359492,-0.05663958377955414,0.04709557761359492,3.029055839703884,0.04715579170148948,0.8544205556202692
0.048318203366961895,-0.06305144264247264,0.048318203366961895,3.5434349574211685,0.04832852952484048,0.846141276063068
0.05285081207304722,-0.06863160314895023,0.05285081207304722,4.011305083488517,0.05273076691855699,0.8185836118784547
0.05013275411333409,-0.06951458431644397,0.05013275411333409,4.104342246589228,0.050077817797542404,0.8347991881125687
0.049211300220438105,-0.07033238746787784,0.049211300220438105,4.183915974389921,0.04917544345678249,0.8400486867829653
0.05208057269405811,-0.07517474837919824,0.05208057269405811,4.62790614661692,0.05195788098314115,0.8228523762527606
0.051839026345111214,-0.07214779222756018,0.051839026345111214,4.3402595112364,0.05173283674657278,0.824443120245526
0.050033372109031804,-0.07500139455721833,0.050033372109031804,4.621390177344483,0.049961732415301635,0.8350324453120307
0.051839026345111214,-0.0825704886138654,0.051839026345111214,5.369867670750907,0.051697052784612146,0.8245406256174135
0.047972947576681774,-0.08159201602601396,0.047972947576681774,5.290043376183162,0.047925900789217935,0.8470030816367126
0.05268964270428267,-0.08818626171908317,0.05268964270428267,5.957641461615957,0.052507178480410664,0.8200655514784051
0.049222749908269296,-0.08725117412158667,0.049222749908269296,5.876852718954299,0.04912737620788398,0.8405321161871285
0.04956857145538398,-0.09450282555211675,0.04956857145538398,6.669378889772062,0.049439772892335705,0.8400022615669791
0.05970159300078228,-0.062526862662029,0.05970159300078228,3.450523624395097,0.05940994669623812,0.7746354100160456
0.05843055402915894,-0.06571648956999887,0.05843055402915894,3.7279131276830393,0.0581660671161508,0.7828748085788406
0.053851681758207565,-0.06959825515441853,0.053851681758207565,4.094518301904265,0.05370203734656093,0.8122629510425577
0.059476409166973186,-0.07500139455721833,0.059476409166973186,4.575655521723983,0.059152420267519615,0.7755151556380208
0.05548169826090156,-0.0730883584640134,0.05548169826090156,4.411605099668919,0.05527636238456037,0.8016956488156985
0.05471767653991558,-0.07784408861309178,0.05471767653991558,4.876406346244005,0.05451721214764843,0.8065278950363922
0.05480296110026361,-0.0825704886138654,0.05480296110026361,5.3542455460543925,0.05458452349743796,0.8062641248524448
0.05336289982378332,-0.08836245738482162,0.05336289982378332,5.972861903992387,0.05316272734943509,0.8159667793722502
0.056908252712537896,-0.09602923140010766,0.056908252712537896,6.7974720912557585,0.05659001701265914,0.795480368985676
0.06641606644346432,-0.04693643302863748,0.06641606644346432,2.268976078729562,0.0659648032940747,0.7297168266793471
0.0651562520293792,-0.05085846332137045,0.0651562520293792,2.535926775824926,0.06473307288333556,0.738042611280208
0.06113826191329217,-0.05053550990754907,0.06113826191329217,2.5272830105815793,0.0608411898210378,0.7670923634606024
0.0642183391341214,-0.06515777285155444,0.0642183391341214,3.6555548887223233,0.06378425168435647,0.743373773540401
0.06534422732630493,-0.06771064868295262,0.06534422732630493,3.8744506043662823,0.06487103952875549,0.7359566843164822
0.0603758043736012,-0.0677658255717235,0.0603758043736012,3.900182243186261,0.06004787218323567,0.7695348617258416
0.06524934408268045,-0.07500139455721833,0.06524934408268045,4.549474271932018,0.06476052350305155,0.7374154159956813
0.06320369408065836,-0.07558274732210624,0.06320369408065836,4.614676312577106,0.06277059150192177,0.7507490608937042
0.06130567614968549,-0.07500139455721833,0.06130567614968549,4.567227150116374,0.06092885035083395,0.763308170337236
0.0642183391341214,-0.0828986184846423,0.0642183391341214,5.340995790818894,0.06373759929589999,0.7454760460745378
0.07196795818693862,-0.030975464955869114,0.07196795818693862,1.3942308286499758,0.07140811833007503,0.6972474388239276
0.06862411997011372,-0.0364251564199769,0.06862411997011372,1.6574482035776315,0.06813247165118196,0.7161140882728178
0.07185976795344765,-0.04675100458597736,0.07185976795344765,2.2400934975898714,0.071277841096007,0.6977853903527774
0.06909889840337172,-0.05053550990754907,0.06909889840337172,2.5004706196059154,0.06856384016407377,0.711561574320651
0.06944910156634058,-0.056273725191285706,0.06944910156634058,2.9150401491562117,0.06889458214422425,0.7098399992529555
0.06827748270067759,-0.062526862662029,0.06827748270067759,3.416878363829966,0.0677380294185153,0.7171224888264369
0.0666773699223371,-0.06985420379390916,0.0666773699223371,4.061719850052017,0.06616258351769486,0.7276973458320113
0.07146255459473576,-0.07558274732210624,0.07146255459473576,4.578414517019341,0.07083815470525236,0.7051756979004756
0.06910817156522804,-0.07495666710304238,0.06910817156522804,4.52832687957531,0.06852503500023845,0.7151056476603647
0.07323072760098477,-0.02288771852100613,0.07323072760098477,1.0898128836310739,0.07267437615718579,0.6948284070134704
0.07513643428020947,-0.048793096705146866,0.07513643428020947,2.3633631913211968,0.07454134374286661,0.6924529587667398
0.07457739871717554,-0.045679933051816946,0.07457739871717554,2.1641409175130777,0.07398593591645765,0.6924947865463279
0.0735148284084868,-0.048793096705146866,0.0735148284084868,2.3683610586901485,0.07291733162990274,0.693723384490521
0.1188540557111863,-0.07238791103227982,0.1188540557111863,4.104631175367412,0.1184679311749062,0.6795565985597676
0.11960055567840405,-0.07598767838694709,0.11960055567840405,4.437982696848934,0.11919345041504381,0.677069214942587
0.1192372079580265,-0.07745480559041074,0.1192372079580265,4.579499652817788,0.11882289357295983,0.6780039834937672
0.11761280094780006,-0.08589858739024248,0.11761280094780006,5.429053569536642,0.11715586847974083,0.6821169013284064
0.11405784764958121,-0.0885668930383936,0.11405784764958121,5.720972785415838,0.11358984778822774,0.690558073326654
0.11404542682198333,-0.09082725458818164,0.11404542682198333,5.961224577736836,0.11356551173718993,0.6906157877058079
0.11481567969832841,-0.09988041262432379,0.11481567969832841,6.952796343309128,0.11428782301915574,0.6895295010772432
0.11510772912982711,-0.10481302348204924,0.11510772912982711,7.512109099778391,0.11455384483309425,0.6895150492311429
0.1167061696280946,-0.107046058322255,0.1167061696280946,7.7624505058302695,0.11613868921276282,0.6862004307316516
0.12479771444689064,-0.0687739322650458,0.12479771444689064,3.762100485921088,0.12441465345031266,0.6609211477211221
0.12338412659127618,-0.07161906467358037,0.12338412659127618,4.02027602967977,0.12299052900337915,0.6655602645118609
0.1258839526137312,-0.07947627219847941,0.1258839526137312,4.753538819505677,0.12543831584477955,0.6565381854644717
0.12458031279984091,-0.07638517199555306,0.12458031279984091,4.459441256721221,0.12415651974723857,0.6611695145843908
0.12035741526660307,-0.0774746845301646,0.12035741526660307,4.577659862370073,0.11994056858577136,0.6747420758806775
0.12214724923974883,-0.08076334587255474,0.12214724923974883,4.892926676453963,0.12170781911701052,0.669116754375585
0.12213836886155238,-0.08793393749539824,0.12213836886155238,5.624342164045397,0.12166029043151665,0.6692425806463952
0.12572947142790294,-0.09072975145086382,0.12572947142790294,5.906670669785592,0.12522382616276123,0.6577031312090363
0.11986467570253344,-0.09377686475812919,0.11986467570253344,6.2570503024144,0.119361344020032,0.6763213684109037
0.1217862392515592,-0.10229456320965813,0.1217862392515592,7.1967058884911514,0.12123252309766418,0.6718317023178001
0.12925471724934484,-0.048793096705146866,0.12925471724934484,2.2198339879137166,0.12896204739011005,0.6468107910968163
0.1285007189498325,-0.046906349640528866,0.1285007189498325,2.1017924456530195,0.1282224749457023,0.6504924879735666
0.13171606005672706,-0.054017747006398054,0.13171606005672706,2.5684764453438604,0.13138075491056556,0.6350260495111074
0.13222553846845314,-0.06710690929337204,0.13222553846845314,3.5956206410516662,0.13181596710556961,0.631738410857855
0.13134691306042723,-0.06571648956999887,0.13134691306042723,3.4798360292951562,0.13094976002176612,0.6355033745662809
0.1273474613499465,-0.06571648956999887,0.1273474613499465,3.491264967096364,0.12697053183534926,0.6517423166016011
0.12654115894783075,-0.07495666710304238,0.12654115894783075,4.318180667291796,0.12611731614584143,0.6542005179851489
0.13061980708772344,-0.07745480559041074,0.13061980708772344,4.542139942836215,0.13016312672690653,0.6385432390661405
0.13015774680351724,-0.08260815125783338,0.13015774680351724,5.0497108816459955,0.12967576600303532,0.640728740149052
0.1272335121997606,-0.08469786095949328,0.1272335121997606,5.271357642731541,0.12675399514631056,0.6518748760252995
0.12700674079938773,-0.08598240245561861,0.12700674079938773,5.404009267576755,0.12652129828697,0.652787841352017
0.13134691306042723,-0.09221460002247639,0.13134691306042723,6.044984014042068,0.13080797120040294,0.6375701874342802
0.1291635822464921,-0.10546369289132951,0.1291635822464921,7.527939172369963,0.1285650745164544,0.6485791495541047
0.13822449836049658,-0.051779917434845224,0.13822449836049658,2.397125348874016,0.13786028476613102,0.6051350829604352
0.13651496747169148,-0.048793096705146866,0.13651496747169148,2.203097795849135,0.13617787479564447,0.6133677263569228
0.13644092542787775,-0.050865882871083734,0.13644092542787775,2.339541676030719,0.13609316733942897,0.6135390755198074
0.13952281402007097,-0.056033667851306035,0.13952281402007097,2.6945833402755475,0.1391286006448293,0.5995152201957863
0.13707710567576953,-0.0574810599355704,0.13707710567576953,2.807904084666433,0.13669001127436237,0.6103650025762081
0.1371924021106427,-0.06571648956999887,0.1371924021106427,3.4634403819775295,0.13676133525023373,0.6102755303974893
0.1380963651000012,-0.07415863085022867,0.1380963651000012,4.20796861175514,0.13761668700585022,0.6078062352260907
0.13682078698784159,-0.07431699981016848,0.13682078698784159,4.226525011013742,0.136347007492365,0.6129004771323697
0.13484989182131937,-0.07558274732210624,0.13484989182131937,4.350899594522994,0.13438032682688816,0.6211412528602829
0.13352933856838253,-0.07598767838694709,0.13352933856838253,4.393201950308626,0.133064937896631,0.6266271348152482
0.14547041494538618,-0.018224786359080092,0.14547041494538618,0.833066249995,0.14524122316227003,0.5768192996237546
0.14547041494538618,-0.015519183549359994,0.14547041494538618,0.7737724104501924,0.14525419326460576,0.5767407351660057
0.14198981342148817,-0.0510818677557241,0.14198981342148817,2.34118308831065,0.1416082238531155,0.5892194602934102
0.13987099988712692,-0.048793096705146866,0.13987099988712692,2.195512135095195,0.13951212119919928,0.597629649677662
0.14127096199218184,-0.0555634339064941,0.14127096199218184,2.6560323919499935,0.14087011665457494,0.5924723419009423
0.1405975008943226,-0.05570364277632045,0.1405975008943226,2.6678634411857223,0.14019918917222932,0.5950698999214751
0.21240532805891604,-0.04889831023161406,0.21240532805891604,2.05609111023673,0.21240684931685744,0.5675852538644028
0.21212796790516164,-0.051779917434845224,0.21212796790516164,2.2421656872843174,0.21211444113866934,0.568526695933885
0.21059992205376085,-0.04889831023161406,0.21059992205376085,2.059394089376468,0.21059760853241427,0.5748800188139529
0.21230624172348034,-0.056505067795309394,0.21230624172348034,2.5678826021534285,0.21226937196817042,0.5675941400676286
0.21188562385030288,-0.06230501226129448,0.21188562385030288,3.0046633729576815,0.2118186235635367,0.569263814777921
0.21169385148801756,-0.0680897933947282,0.21169385148801756,3.4770025914390263,0.21159724708729777,0.5702217923252052
0.21087635972365953,-0.07431699981016848,0.21087635972365953,4.0256357928072815,0.21074615237641264,0.5738494195622369
0.21925818028295635,-0.03470120250352782,0.21925818028295635,1.2853160894258473,0.21934080072675463,0.5377077329697352
0.21718556991627472,-0.046287910245146335,0.21718556991627472,1.8885153310369707,0.21720880613847882,0.5465938411518977
0.2153130161095379,-0.04560973682863878,0.2153130161095379,1.8518823331980503,0.21533643840355787,0.5552760309827844
0.21438284617920186,-0.0508836365555414,0.21438284617920186,2.179140629202578,0.21437839926830277,0.5590352981435925
0.21332566432211764,-0.05503147104832973,0.21332566432211764,2.4613324310362783,0.21329839598071784,0.5634002331648914
0.21831363489641215,-0.06888415709659945,0.21831363489641215,3.529386549844063,0.2182284538973217,0.541895121843723
0.21696979359058455,-0.06753200501671142,0.21696979359058455,3.4180040146400965,0.21688836182175145,0.5478687708773916
0.2188372323829164,-0.07598767838694709,0.2188372323829164,4.159085802398339,0.21871856086858232,0.5405345209548528
0.21550431667944048,-0.07500139455721833,0.21550431667944048,4.076682946474391,0.21538266377643853,0.5551472448405186
0.21408790200454825,-0.07598767838694709,0.21408790200454825,4.1707570647912,0.2139578109839132,0.5612460731116806
0.21599708047705934,-0.08232878568070223,0.21599708047705934,4.769175892107037,0.21584041020111916,0.5542268946946167
0.21540148485216312,-0.0828986184846423,0.21540148485216312,4.82662648218572,0.21524043986349775,0.5568562875178552
0.22202664209218081,-0.025919339066827973,0.22202664209218081,0.9442803301505734,0.22215419394340188,0.52472620710201
0.22601747268704483,-0.028936943543459215,0.22601747268704483,1.0431736230445898,0.22613347972314182,0.5019076714152709
0.2225453926698372,-0.03346227281362335,0.2225453926698372,1.2267719455715378,0.2226374315387283,0.5207330534311059
0.22580592961650264,-0.04765171539285973,0.22580592961650264,1.9553008932646598,0.22583441787724134,0.502593043783546
0.22565003782433535,-0.040419690553466836,0.22565003782433535,1.5493282410738631,0.22571215323090604,0.5032639944455911
0.22046289490765258,-0.04889831023161406,0.22046289490765258,2.041518152168179,0.22047850282215878,0.5305280822013593
0.22438649685670103,-0.0555634339064941,0.22438649685670103,2.477146073261204,0.22437601216043873,0.5107050133333628
0.22164994778042524,-0.056460761656344616,0.22164994778042524,2.5461629836587303,0.22163104199133019,0.5247441952916733
0.22398144023098684,-0.06888415709659945,0.22398144023098684,3.5165700168547604,0.22390738661610304,0.514750267082284
0.22223977036970385,-0.06744411668940042,0.22223977036970385,3.3988545096636344,0.22216934191852208,0.5230314912129582
0.22309380613230684,-0.07627320749987909,0.22309380613230684,4.175071926311469,0.2229829583816834,0.5206722743257403
0.2201432729357331,-0.0730883584640134,0.2201432729357331,3.8925651114072024,0.22004153421458478,0.5339942953496603
0.2314709020086903,-0.028522841819191846,0.2314709020086903,1.0208858224407051,0.2315914935769848,0.47027919965363746
0.2314709020086903,-0.025271293090131763,0.2314709020086903,0.9112911175946791,0.23160607257723909,0.4701620402258326
0.22794150538633628,-0.018224786359080092,0.22794150538633628,0.7252154647603613,0.22810792299329177,0.49217626987838564
0.23251126894201568,-0.03459582066977962,0.23251126894201568,1.2612859462174566,0.23260542299671477,0.4656540339282611
0.2314709020086903,-0.028936943543459215,0.2314709020086903,1.0358397141808913,0.23158963724766712,0.4703036221600996
0.22844233738243058,-0.04889831023161406,0.22844233738243058,2.0273466722009514,0.22846805922595903,0.4886485440895505
0.22703774578285282,-0.04889831023161406,0.22703774578285282,2.0298230603980607,0.2270618588189962,0.4960918703437882
0.22983661630157207,-0.05663958377955414,0.22983661630157207,2.5430153808922658,0.22982874824902585,0.48319748396668677
0.2314709020086903,-0.0670472354696896,0.2314709020086903,3.345500064650636,0.23141861882471632,0.47951496297482193
0.22684789637387945,-0.06487624501470979,0.22684789637387945,3.1774450826859044,0.22679761630705134,0.4997436140717004
0.22684789637387945,-0.06894951661743587,0.22684789637387945,3.5157141674210832,0.2267786906525888,0.5007551336923889
0.23608619138753636,-0.008637949760792019,0.23608619138753636,0.5589310837812538,0.23629654172289014,0.4499049248459037
0.2342744127207242,-0.018224786359080092,0.2342744127207242,0.7178175601907484,0.23444169615994476,0.45489317137306756
0.29168770321759624,-0.1073442456871847,0.29168770321759624,7.207853106997112,0.2916508885355363,0.44159202999767827
0.2924658972551136,-0.11571343436448878,0.2924658972551136,8.151845213549082,0.29240193585963964,0.43745411490811925
0.29118338378040526,-0.11826062715879182,0.29118338378040526,8.447410520145848,0.29110767801029896,0.44320290037947013
0.29189970079471655,-0.12112476643874892,0.29189970079471655,8.774865145291335,0.29181573435092256,0.4399414750077223
0.2906970618419627,-0.14433910249871573,0.2906970618419627,11.451541883280596,0.29052920349083844,0.44767432110548583
0.2952705611576522,-0.11449399741387722,0.2952705611576522,8.004631479442123,0.2952166346654639,0.42370613311941796
0.29514442853510914,-0.11581868615667723,0.29514442853510914,8.156113967510272,0.2950857010031685,0.4242376880082516
0.29462202020418304,-0.11749315007054761,0.29462202020418304,8.349252259885304,0.29455649195027467,0.42680804758307755
0.2987377563433471,-0.11992871502094893,0.2987377563433471,8.616809912748284,0.29867114075847295,0.4034746578527769
0.2970966366525816,-0.13140191306892657,0.2970966366525816,9.94686846782868,0.29698785022536633,0.412721488104953
0.2963902392436733,-0.13236339121127294,0.2963902392436733,10.060195911438475,0.2962768550484239,0.4168495163439354
0.2963902392436733,-0.13591182938800994,0.2963902392436733,10.469437599254046,0.29626459702979097,0.4169846174490872
0.2963902392436733,-0.13653501138932267,0.2963902392436733,10.541140192264992,0.2962624432259185,0.4170189434047284
0.293954543796638,-0.1413725567426809,0.293954543796638,11.10336888703218,0.2938049672199554,0.43099139508621015
0.29618153464424346,-0.1457184383157646,0.29618153464424346,11.588804384879142,0.2960215610345911,0.41912258826348253
0.29445141556794774,-0.14433910249871573,0.29445141556794774,11.438824955222064,0.2942926303373896,0.42871882560652913
0.2991090321835542,-0.15045132863993604,0.2991090321835542,12.108204002598098,0.29893779454513364,0.40148122015391036
0.29879843267136874,-0.15045132863993604,0.29879843267136874,12.109273065047422,0.2986267195032647,0.4035327565121995
0.3025062437700124,-0.10546369289132951,0.3025062437700124,6.969581557523868,0.3024938994535512,0.38216451019397146
0.3044051471537691,-0.11749315007054761,0.3044051471537691,8.32088555758448,0.30435257448040254,0.3649748761401696
0.30102451431576727,-0.13140191306892657,0.30102451431576727,9.93452106120228,0.3009214020275446,0.38759538535206084
0.302938198219412,-0.13554037137597508,0.302938198219412,10.405661287819642,0.3028225456372519,0.37357386990141084
0.30450788644572446,-0.13789759205229135,0.30450788644572446,10.671374265396988,0.304384880068723,0.36123464709347647
0.29972592325210645,-0.14110807424922633,0.29972592325210645,11.054077068089208,0.29958778553537774,0.39644724953037236
0.30486199080867754,-0.14579185338248024,0.30486199080867754,11.567877208177599,0.3047118898453122,0.35832386487099116
0.30088866275404286,-0.1443683790020316,0.30088866275404286,11.420518937837073,0.30074074190415084,0.38864817967509735
0.3000864170420089,-0.14433910249871573,0.3000864170420089,11.419889009766724,0.299937621581621,0.3942185090327019
0.3052641036701777,-0.1503248785235467,0.3052641036701777,12.073116160125704,0.3050984805070625,0.35522399711794794
0.30087545500148904,-0.16348418075667404,0.30087545500148904,13.504689012145171,0.30066171946128806,0.3917227947421649
0.3088490638527431,-0.11571343436448878,0.3088490638527431,8.104956385674546,0.30880185074534583,0.32803919270600673
0.3073528809421282,-0.11824893626152733,0.3073528809421282,8.398941574198648,0.30729775324474085,0.34063610583614506
0.3099864223239056,-0.12029786990990221,0.3099864223239056,8.626353170935968,0.309921796220263,0.3155818323227727
0.30652288429479596,-0.13720307950807786,0.30652288429479596,10.58525253032862,0.3064022835911929,0.3443505496756785
0.3064948361887386,-0.13720307950807786,0.3064948361887386,10.585342254604644,0.3063742435824522,0.3445956675927914
0.30943160991666196,-0.14647850703748588,0.30943160991666196,11.629849389579395,0.30927670914993693,0.3168383827931868
0.3063113175162023,-0.14433910249871573,0.3063113175162023,11.399176287641378,0.30616617652784167,0.34595673595700815
0.311539665527843,-0.15621987864554399,0.311539665527843,12.697006799166436,0.3113477658833692,0.2955802905049379
0.30832780755517625,-0.16348418075667404,0.30832780755517625,13.477957122652965,0.3081160639888157,0.32947835812357545
0.30923859117274727,-0.17258410217323306,0.30923859117274727,14.389617775622945,0.3089952234852612,0.32303928677116744
0.31034635713178244,-0.17883806444562733,0.31034635713178244,14.976399869711639,0.31008070060418963,0.31419456565370363
0.31034635713178244,-0.1777095022776587,0.31034635713178244,14.87227763275088,0.3100844542482148,0.31374683062733066
0.31327033703047785,-0.11826062715879182,0.31327033703047785,8.383343905643294,0.31320594241818867,0.28155875860273505
0.31851336070861536,-0.12112476643874892,0.31851336070861536,8.696693080966577,0.31841390865788805,0.21197707232759455
0.31697461107166675,-0.1350084920110497,0.31697461107166675,10.30028256494926,0.3168353829833494,0.22988030535103998
0.3178991853008949,-0.14433910249871573,0.3178991853008949,11.361171830158359,0.3177227473878883,0.2165332505621024
0.3147968517197523,-0.14244849917893987,0.3147968517197523,11.157302418177721,0.3146420771666836,0.2573801347356002
0.3148733459296637,-0.14433910249871573,0.3148733459296637,11.371027840095461,0.3147117779277837,0.25636200099730505
0.3138087432840941,-0.14433910249871573,0.3138087432840941,11.374506804488433,0.3136510955609773,0.2692766313577872
0.3149438265044654,-0.15045132863993604,0.3149438265044654,12.054418536556232,0.31476116606877186,0.2556555518232205
0.31509058324309325,-0.15913620147180563,0.31509058324309325,12.99729179082432,0.31487821166555263,0.25510599700435954
0.3147968517197523,-0.16348418075667404,0.3147968517197523,13.45501319581436,0.3145711614086624,0.25972999323638374
0.3190100354425423,-0.174252878087664,0.3190100354425423,14.514768217961947,0.3187311361311381,0.2111520637038413
0.31613354747230016,-0.17827808382757926,0.31613354747230016,14.903412035059855,0.31585491293451623,0.24946123793655392
0.33253583329912906,-0.06985420379390916,0.33253583329912906,3.3775167302791806,0.33237519475254157,-0.08110594972285175
0.33253583329912906,-0.0687739322650458,0.33253583329912906,3.28755485170981,0.3323768787492115,-0.08250030065021298
0.3315696444160252,-0.06985371925030393,0.3315696444160252,3.379277406297257,0.3314453707547796,-0.04386775502358907
0.33253583329912906,-0.07517485382913325,0.33253583329912906,3.8375017992403677,0.33236686917040265,-0.07415364269003805
0.33253583329912906,-0.07548605947081644,0.33253583329912906,3.8652489571026787,0.33236637964557203,-0.07374360809390564
0.3306459561218839,-0.08100889773224296,0.3306459561218839,4.3762310612226125,0.3305065751499241,-0.025048433902886656
0.3297061238112799,-0.08473228366888996,0.3297061238112799,4.735039372970021,0.32957937465479836,0.0013395050590963304
0.32845206992653914,-0.09667502949063778,0.32845206992653914,5.952518386960778,0.3283124023856551,0.029239208169270964
0.3286468233389553,-0.09962902719191735,0.3286468233389553,6.266651894342912,0.3284934090077323,0.023732014873118403
0.3289056497213813,-0.10546369289132951,0.3289056497213813,6.900751329726821,0.3287297380110599,0.01831923594564827
0.3263825821349027,-0.11254273678978954,0.3263825821349027,7.697066993188344,0.32622716531616264,0.07325074613503023
0.32711765070392135,-0.11906169055127336,0.32711765070392135,8.4358662133366,0.3269308706093001,0.05888520840534225
0.3253784092270833,-0.12112476643874892,0.3253784092270833,8.677064045306087,0.3252095621862157,0.0931608359967914
0.3219096566402569,-0.12904298324624186,0.3219096566402569,9.598394134225217,0.3217543230472842,0.15564444699701613
0.32343527435144276,-0.1355174417459173,0.32343527435144276,10.3386938129809,0.3232433647137849,0.12992256163675525
0.32373420155968835,-0.13952337620842759,0.32373420155968835,10.796046609972667,0.32352675846738,0.12591024682512597
0.325946822098144,-0.14433910249871573,0.325946822098144,11.33518437953981,0.32570310569612454,0.09252105988100362
0.32043155177181404,-0.14552879658774742,0.32043155177181404,11.48695449168812,0.32023414149327784,0.17983561318420382
0.3247205449062272,-0.14994551457481275,0.3247205449062272,11.965918297030742,0.32447299355332015,0.11529780888879695
0.32034245047228094,-0.15940149612813226,0.32034245047228094,13.007311476627988,0.32010155848337946,0.1853849925569495
0.3219096566402569,-0.16684616000792296,0.3219096566402569,13.77451921887648,0.32163573388983585,0.16750131034417032
