x0,x1,f1,f2,predf1,predf2
0.08176245089287636,1.551048876009992e-13,0.2808465494608886,0.9272162572432664,0.5148907049994619,1.8247031063188406
0.07817099977359718,3.177612619846665e-13,0.28903729452168114,0.9237753836189196,0.5223522910604286,1.7488189382444859
0.08233228383296173,2.97040285642112e-14,0.28136187742564533,0.9248665180161607,0.5139084513499251,1.836391767747933
0.08747160149583634,4.7373657851449127e-17,0.30799289908400007,0.9059578164094019,0.5075167805353215,1.937136380559145
0.0866778968938326,7.623603653586784e-12,0.30137625461804485,0.9254655226051338,0.5082160724049095,1.9221463117064221
0.08711111701999134,3.431983880123852e-12,0.3048792724738011,0.9204232801489656,0.5078214634377503,1.9303547525889948
0.07603426850882113,3.9424535588505434e-12,0.3030944059806001,0.921966124037607,0.5278370600455569,1.7019575902680144
0.07495684237045803,4.7373657851449127e-17,0.3126632524519809,0.9030612955971361,0.5308993567647207,1.677875105491047
0.08811487203290669,2.464283035498634e-15,0.31398977146452434,0.9036129574443649,0.5070263533352055,1.9491271788451068
0.07514279151221284,3.5339289339311724e-11,0.3108966978806036,0.9273622469646612,0.530356639057057,1.6820524030182586
0.07435910371007075,3.60159178364665e-11,0.31866048564690663,0.9226938798060934,0.5326840824716872,1.6643889093881588
0.07265570239821079,1.7149835139278142e-15,0.338324103095783,0.8875775600562837,0.5381058876059762,1.6254841814652838
0.0731443231451505,8.344571519326929e-13,0.33230483875856165,0.8991171517343591,0.5364998149631377,1.6367139708263994
0.07270081557371125,2.7918528030004887e-10,0.33775594863370617,0.9267576352963065,0.5379558892538242,1.6265233362455362
0.0727945188462753,1.7135728268746007e-10,0.33658386867436474,0.9228464629590006,0.5376454479775634,1.6286801751777726
0.0898346544807532,1.3987900875015566e-10,0.33269305539297533,0.9235897524277218,0.5060484911046378,1.9804763810059265
0.07127165990150991,1.9706399946156467e-11,0.3569386947272687,0.8939281687168279,0.5428768436350763,1.5933817577289684
0.07140335553301252,7.895356749089485e-10,0.35507131435078687,0.9273725844574292,0.5424087766661092,1.5964547071292234
0.0702164239341742,1.5513014962406367e-16,0.3725930229138428,0.8623181617181188,0.5467341541661717,1.5686259756880463
0.06979121890411914,9.316060786542512e-12,0.3792350182964862,0.8741306925095766,0.548342091553407,1.5585850413482543
0.07051742214717306,2.411133979756689e-10,0.3680050237920749,0.9046755485640606,0.5456145268040516,1.5757113356328043
0.07008994122490651,2.6422857004755484e-10,0.37454932065381286,0.9009108675947716,0.5472092380605145,1.5656430652547881
0.07020170726814048,2.201414265895769e-09,0.3728197883976738,0.9307244072879509,0.5467892822002862,1.568279279826261
0.06907020699806699,1.4198654637200312e-14,0.3909113445263749,0.850768331582162,0.5511389329825156,1.541475514650165
0.0688027556491477,3.9559900236026367e-10,0.3953695414314007,0.8898531236388905,0.5521988438220544,1.5351029128641205
0.06914217948517931,1.5204772646338847e-10,0.3897231278856247,0.8843725936905977,0.5508557782443383,1.543188056159469
0.06921112118545447,3.0648551616675614e-09,0.3885895808712221,0.9254398346387567,0.5505853600939594,1.5448277906158485
0.06951344963581015,1.4336693564057016e-09,0.38367291431277173,0.9158997847260137,0.5494091011022575,1.5520060177319184
0.06961412257364148,1.4336693564057016e-09,0.38205558707190457,0.9170732324829876,0.5490208624161528,1.5543923191033204
0.0681316817046059,1.1182603618318907e-13,0.40684308792025603,0.8405401864271068,0.5549117231561738,1.5190526297869786
0.06820098434719764,5.6115929936747365e-14,0.4056397159269506,0.8405544473674924,0.5546280281004524,1.5207140976195128
0.06833789204211126,9.800077238460436e-11,0.40327476554989883,0.8701650565390158,0.5540699770146289,1.523993699295579
0.06815914480943565,6.424231914324322e-10,0.40636572001218485,0.8873352100899885,0.5547992009560286,1.5197112009383018
0.06836037991278998,3.482175356993591e-10,0.4028878850635035,0.8826339426340483,0.5539786164597891,1.524532077610074
0.06834509520554007,1.0026607298581243e-09,0.4031507939464136,0.8959482710235936,0.5540407000296894,1.5241662375296814
0.06808615482851942,1.5297522678910701e-09,0.40763587808323176,0.8989730959957176,0.5550985261758067,1.5179608216228777
0.06871026212619313,4.024600936185446e-09,0.39692680425973015,0.9246717371017829,0.55256820537279,1.5328961645791312
0.0683623302112152,3.0648551616675614e-09,0.4028543532749286,0.914858632554984,0.5539706851353383,1.5245790202578244
0.06730812450989125,4.930122140448576e-10,0.4214526418336134,0.8720128695777012,0.5583451868318481,1.499240989629095
0.06789711125766215,9.368443054990293e-11,0.4109467946408899,0.8637226016281969,0.5558779845114332,1.5134223985451911
0.06728515136804114,2.3105153428448e-09,0.42186808264364306,0.8948780627027219,0.5584425978332227,1.498686754595838
0.06741905749257734,1.031812702032649e-08,0.4194524325601606,0.9293989308110533,0.5578759773421345,1.5019177220721651
0.06636869947245276,3.60159178364665e-11,0.43876740881063325,0.8336840213746803,0.5624014310056014,1.4764945569460601
0.06683495785825845,3.8869731675184324e-11,0.4300916011005538,0.8415589218105604,0.5603696456448499,1.4878032704528916
0.06644283755172219,7.22768522546855e-10,0.43737748018959666,0.863895038372664,0.5620759158773474,1.478295261895215
0.0667810241947617,3.7535710002929666e-10,0.43108707105577937,0.8608596638825357,0.5606027962045408,1.4864970968371862
0.066959233513891,1.7669194018221668e-09,0.4278060708785747,0.8854232090828398,0.5598342666497127,1.4908113090759407
0.06701813548910084,1.4366915356238187e-09,0.42672688159522876,0.8828736616894002,0.5595814313747611,1.4922359549289859
0.06694604557714907,2.98573808377187e-09,0.4280480573338832,0.8947322706536787,0.5598909504812462,1.4904923613532604
0.06672073240428678,4.968083735905057e-09,0.4322024385105995,0.9018835627535529,0.5608639931199844,1.4850367446957538
0.06566636899064016,7.373893568515712e-12,0.45211987496313255,0.8134058017176524,0.5655308826855687,1.4593911127531196
0.06618318213325015,6.419573454651538e-12,0.4422622231328769,0.8214924250744938,0.5632200145617894,1.4719847138994813
0.06571795268463479,3.7671210518333187e-10,0.45112816867617167,0.8438952445506703,0.5652982186344989,1.4606500936443745
0.0657407569288603,2.0678982641820763e-09,0.4506902922405629,0.8691916372392536,0.5651954970816003,1.461206674078666
0.06564187930801858,6.324912863613995e-09,0.45259128325083575,0.8906415478938563,0.565641467723009,1.4587938678122927
0.0656127342941059,4.594598880920185e-09,0.45315279519351903,0.8829162792114037,0.5657732475533792,1.4580820882370094
0.06503961221807485,4.7373657851449127e-17,0.46429977204814044,0.785333230324164,0.5683933771238543,1.4440605783561546
0.06501827115137963,5.142188552379487e-11,0.4647185818202354,0.813219709065023,0.5684920009346146,1.4435374897685695
0.0653965916480316,4.579823315260011e-11,0.4573334839682326,0.8190438228016422,0.5667549419380005,1.452799979147371
0.0653341882971777,2.745157661367134e-08,0.4585458141903834,0.92741218458425,0.5670396930725292,1.4512762946819449
0.0653341882971777,2.2115507575795494e-08,0.4585458141903834,0.9202836739315268,0.5670397175986857,1.451275789346042
0.06427600065674993,2.208410669195316e-11,0.47943985554547563,0.794046508420437,0.5719695400795384,1.425300338632639
0.06451475136392534,2.951614492591845e-10,0.47467303076460843,0.8200925856527319,0.5708409761455571,1.431175396351815
0.06453920330252673,6.388680368637108e-09,0.47418647934383706,0.8723549600769288,0.5707259005100229,1.4317771915530282
0.06423965106831724,4.594598880920185e-09,0.48016811290797545,0.8594417273769733,0.5721421734038741,1.4244055621816114
0.06462702335077025,6.584072030367823e-09,0.47244159428166976,0.8746082326870508,0.5703135238428217,1.433935766373166
0.06450249753262333,1.7929113561157565e-08,0.4749169777716784,0.8998710284283871,0.570898586635713,1.4308757379442003
0.06358165001505892,4.833956674625191e-13,0.49345882620292536,0.7658165570768816,0.5753055334944184,1.4081669224198607
0.06401790432376038,4.7373657851449127e-17,0.4846246806094655,0.7660608176596071,0.5732002121748132,1.4189398087513112
0.06396215882922426,3.597793833267867e-13,0.4857487092557492,0.7726517640844673,0.5734674748591659,1.417564743877331
0.0636434191578651,1.502218927947402e-10,0.49220286992528406,0.7966448601948689,0.5750055230580864,1.4096939086433775
0.0636664528226991,4.930122140448576e-10,0.49173494685362884,0.8104430488267693,0.5748938098948442,1.4102632103393327
0.06379455781336758,7.717569832055714e-09,0.4891367775806782,0.8637129358806304,0.5742740812904381,1.4134285963560895
0.06401624804716534,6.6448822320902285e-09,0.48465805608674184,0.8640167236370441,0.5732081145274273,1.4188995891335454
0.06379455781336758,1.647569536919819e-08,0.4891367775806782,0.8848491502441752,0.5742740403990179,1.4134294253353326
0.06301444961514095,3.330661957147175e-13,0.5050650007876833,0.7534787452022359,0.5780899168865132,1.3941206805507795
0.0631880317340053,3.60159178364665e-11,0.50149961047322,0.7759714391256403,0.5772321549673531,1.398423973605039
0.06280686791562345,1.699006858499761e-10,0.5093433880933067,0.781226846465519,0.5791222181681903,1.388969215494285
0.06294004018631433,9.112162645781387e-10,0.5065968317406309,0.8048999366783886,0.5784591326514367,1.3922748344766287
0.0628477355773926,6.095188281291077e-09,0.5084998575479721,0.8399978190430842,0.578918393790276,1.389984427024704
0.0628477355773926,5.905973916101905e-09,0.5084998575479721,0.839234704904601,0.5789183946817128,1.389984409121892
0.06341726895478776,4.353753672633601e-08,0.4968090772254051,0.9115812779123884,0.5761067987657529,1.4041048403060212
0.06207495377468168,2.5621990858618484e-11,0.5245432650910193,0.7505637474286707,0.582818639783053,1.370760802724533
0.06269860139148598,7.34647251121383e-14,0.5115808812727755,0.7441911340121223,0.5796634468958843,1.3862801245763627
0.06237612392175125,5.957822454225268e-11,0.518268501525609,0.7629544119462113,0.5812869590060594,1.378261545388275
0.06234251743879084,7.056353046814539e-10,0.5189673428126921,0.7889981805552162,0.581457132037778,1.3774251937321484
0.06251155778978809,6.545018458721182e-09,0.5154557439196422,0.8351534421235572,0.5806030023298691,1.3816314332437776
0.06216563037391817,1.1248164691799888e-08,0.5226512709401887,0.8426922242455959,0.5823558595370364,1.373021392724413
0.061724329699918944,4.7373657851449127e-17,0.531880045672221,0.7180613553276773,0.5846205771789683,1.3620142236812984
0.06200883032474089,4.594598880920185e-09,0.5259243995134273,0.816582442162682,0.5831568998341408,1.3691128907030339
0.06200883032474089,7.198211019617114e-09,0.5259243995134273,0.8274766224861381,0.5831568874745845,1.3691131369509344
0.06200883032474089,1.0090363470629015e-08,0.5259243995134273,0.836491564643412,0.5831568737453001,1.3691134104889346
0.04761228228326113,1.7135728268746007e-10,0.8113299831114978,0.39506473100481715,0.6731787545713379,1.002936557660317
0.047542143819406975,2.974177363873343e-10,0.8124690454271866,0.40105205584294346,0.6736929327410721,1.0011455130128508
0.04792118670867608,1.7929113561157565e-08,0.8062698824829369,0.5153875047819005,0.6709222950088014,1.010828862487421
0.047861903033656276,5.007156540647076e-07,0.8072464617255943,0.7136366227866464,0.671351820915429,1.0093593018130933
0.047861903033656276,1.140505481252282e-06,0.8072464617255943,0.790568375221142,0.6713485459907733,1.009419043682928
0.04778753934254384,1.8570992262992175e-06,0.8084677922832562,0.8416219044274049,0.6718874573755782,1.0075862165607894
0.04661266324723288,8.035509065424375e-12,0.8272136115588495,0.34108463581238724,0.680571343070108,0.977432266075091
0.04692084528749868,3.597793833267867e-13,0.8223976417135442,0.335314067233446,0.6782774766127291,0.9852899039901901
0.04731333096939226,3.952257543649166e-12,0.8161594330469036,0.3549204939958886,0.6753751053085262,0.9953040408713971
0.04719167966572286,6.853896661505365e-11,0.8181054489785038,0.37349350992319696,0.6762724157661695,0.9921993527191375
0.0473678123532231,1.1706149521102902e-10,0.8152842973797904,0.3840266863074278,0.6749739114485929,0.9966947099977269
0.047413409047606,1.8151299271725161e-09,0.8145501623265927,0.43206690288388166,0.6746384522771098,0.9978588468871384
0.0469564242863153,6.9111384388885044e-09,0.8218369673215997,0.45786492918876026,0.678013461611686,0.9861980186994078
0.046657276218885185,2.54705907718404e-08,0.8265209571500755,0.5003026752261523,0.6802383394924088,0.9785718089640524
0.04708834968614778,2.7462670681498774e-08,0.8197495979365027,0.5136412245107277,0.6770360579906866,0.9895653558541595
0.04704212875931043,4.543061224493695e-08,0.8204824275072613,0.5363853112540321,0.6773780948692065,0.9883878354028877
0.04704212875931043,7.044208103087414e-08,0.8204824275072613,0.5595143168828532,0.677377966653016,0.9883901683157589
0.04714747354247797,1.988617683376492e-07,0.8188098304979617,0.6266787316579405,0.6765979735799513,0.9910898771144835
0.04714747354247797,2.2629341452428686e-07,0.8188098304979617,0.6358575282186338,0.6765978329813923,0.9910924361369181
0.04668979167893187,5.007156540647076e-07,0.8260151619285562,0.688903705648314,0.679993465016844,0.9794449915960639
0.046749193390194,2.2638048804661105e-06,0.8250890387770892,0.8444907546351734,0.6795418962516061,0.9811237797994016
0.045685807600475824,9.316060786542512e-12,0.8412541035333424,0.3189705133691891,0.6875484430655725,0.9538335403663128
0.04611890990348336,9.025360526769446e-12,0.8347767031823925,0.32945080830542883,0.6842736120740274,0.9648542527906824
0.04611890990348336,6.372815908812077e-11,0.8347767031823925,0.3458572925294696,0.6842736117932331,0.9648542578864303
0.04633802226101714,3.4444050150017347e-10,0.831443791973637,0.37327625668487235,0.6826265453145591,0.9704342574742981
0.04633802226101714,2.203132124714962e-10,0.831443791973637,0.36654185799427236,0.6826265459515122,0.9704342459079274
0.045685807600475824,8.270569913765108e-10,0.8412541035333424,0.373140289436706,0.6875484388661932,0.953833616492832
0.04629111296478196,9.459132978538494e-10,0.8321604718416373,0.39034150428915043,0.6829786077135955,0.9692394677256004
0.04594859923286875,1.4710957930173603e-08,0.8373414034623137,0.46120601992963856,0.6855582761774907,0.9605204722621419
0.04571189817843746,8.061590494032065e-08,0.8408680726019386,0.5376997013976696,0.6873500301707255,0.9545046009852882
0.04571189817843746,8.238724138432418e-08,0.8408680726019386,0.5389661399137414,0.6873500210745878,0.9545047658915499
0.04624069630525551,1.446238275424421e-07,0.8329288294235757,0.5853236107254323,0.683356594444696,0.9679688159988805
0.04634468471328086,4.928371417619859e-07,0.8313418644406694,0.6804068480301694,0.6825740391875235,0.9706498615983109
0.04574001592482153,6.6152612560556e-07,0.8404514471123642,0.6945859403320436,0.6871337672598034,0.9552738480115628
0.04574001592482153,8.317240339548307e-07,0.8404514471123642,0.7163883738921984,0.6871328932873252,0.9552896935525214
0.0462230504159088,1.90531403114613e-06,0.8331972880391949,0.8141185362053154,0.6834801939379005,0.9676834727833062
0.04610225790749226,2.2154705728452323e-06,0.835028465622838,0.8296607539092195,0.6843876805350796,0.9646366766556973
0.044687246512503664,4.7373657851449127e-17,0.8556223905339447,0.26920321052489593,0.6951951628337271,0.9284734922069943
0.04550017320244656,3.067383699016473e-14,0.8439851892462422,0.2941283015491503,0.6889598582746904,0.9491136605019032
0.0453219743145567,3.60159178364665e-11,0.8465812069348194,0.3208089109974945,0.6903191059192353,0.9445850721155934
0.044781594726980935,4.7446432038390095e-11,0.8542988707608817,0.3106354110487599,0.6944669697077837,0.9308664415332466
0.045231498771424086,7.587783991003495e-10,0.8478896080232786,0.360745907003262,0.6910108552501684,0.9422867329962008
0.04544315261915103,1.9209615367258302e-10,0.8448186110458058,0.3429260326219612,0.689394328580456,0.9476643652221605
0.04544315261915103,1.359206716061771e-09,0.8448186110458058,0.377909649348939,0.6893943225855987,0.9476644738339445
0.045413139478145716,7.467288381799649e-10,0.8452562523192056,0.36469187401036796,0.6896231881756847,0.9469016526203121
0.04541546544651141,2.107958872853668e-09,0.8452223613937666,0.3876441990809284,0.6896054403949563,0.9469608899952996
0.04546150449646047,8.061590494032065e-08,0.8445506583525397,0.5323103130684324,0.6892540346490073,0.9481382814979372
0.04479653866315448,1.0382376160416446e-07,0.8540885817024282,0.5335436089249864,0.6943512055147958,0.9312551750922609
0.04546150449646047,8.863449285536727e-08,0.8445506583525397,0.5378986973695163,0.6892539934624173,0.9481390277296695
0.04529136550411857,2.3011923909824255e-07,0.8470245812930339,0.5978061471744387,0.6905518282284135,0.9438288386154244
0.04529136550411857,1.2063585401269e-06,0.8470245812930339,0.7456514744143019,0.6905468131646553,0.9439196669110675
0.04489704336547065,1.90531403114613e-06,0.8526696440506564,0.7895169104017333,0.6935677406907215,0.9339726549654285
0.044866304059163295,3.466258842376211e-06,0.8531044842247076,0.864120620652783,0.6937963676012264,0.9333377921668685
0.04375492753547044,4.545303118815619e-13,0.8683154998594549,0.2589488377851727,0.702454121244934,0.9048666484798366
0.04375492753547044,9.316060786542512e-12,0.8683154998594549,0.2734233360742495,0.7024541211993749,0.9048666493024129
0.043755077798120094,1.7974829412598445e-10,0.8683135107037027,0.3030393309048388,0.7024529412032804,0.9048704637829696
0.0443960046075093,2.7609398015022877e-11,0.8596628220866838,0.2965482614908532,0.6974504520628719,0.9210912361152143
0.043755077798120094,3.97558969345281e-10,0.8683135107037027,0.31534890963771084,0.7024529400835797,0.9048704840000558
0.043755077798120094,3.844400474979323e-10,0.8683135107037027,0.31477917538023986,0.7024529401510247,0.9048704827824278
0.04410806030126907,2.753386467361091e-10,0.8635903218621337,0.3172479002172199,0.6996912120129735,0.9137994753956926
0.043755077798120094,1.0824670972759185e-09,0.8683135107037027,0.3346667014862593,0.7024529365626947,0.9048705475726478
0.04458539973425241,2.155121662667017e-10,0.8570430787029097,0.3244451466592322,0.6959825555020323,0.9258911717078098
0.04363345567188944,1.4311461861405824e-09,0.8699175407685704,0.33829294545795285,0.7034082733776799,0.9017966282089436
0.04440380801433472,1.4632493041788042e-09,0.8595554545801394,0.35578591226647216,0.6973898712053401,0.9212890764696973
0.04463164470918442,9.937775449277458e-10,0.8563990280119907,0.35239083185775194,0.6956248537203269,0.9270636899842909
0.044400984987220504,3.0648551616675614e-09,0.8595943024305005,0.3744369932547969,0.6974117756242965,0.9212177005392016
0.04415713158026743,2.92011750397052e-09,0.8629257308984611,0.3677267460679842,0.699308558256814,0.9150418849662342
0.04415536390819378,6.495022649396203e-09,0.8629497049268186,0.3917826133904945,0.6993223180586031,0.9149974675091259
0.04387232488902683,1.0725723163597549e-08,0.8667558354810919,0.4033597424394653,0.7015337402659926,0.9078360860708574
0.04425167955692778,1.2533552539236888e-08,0.8616397486692723,0.41735594141190735,0.6985721502392699,0.9174366944305135
0.04425167955692778,5.726603213331646e-08,0.8616397486692723,0.4875334453203209,0.6985719203079677,0.9174408497140887
0.04387232488902683,1.0016275467075802e-07,0.8667558354810919,0.5125289368168034,0.7015332805053466,0.9078443891002569
0.04390391292177585,9.17546529240434e-08,0.8663342721505818,0.5077456885061813,0.7012859996116756,0.908642536330243
0.04425167955692778,9.422454279413086e-08,0.8616397486692723,0.5163814161813527,0.6985717303359474,0.917444282858769
0.04436538515212554,2.2629341452428686e-07,0.8600836428558398,0.5779334363858031,0.6976870483999092,0.9203365328094342
0.043755077798120094,1.275409748472223e-06,0.8683135107037027,0.7235666806048879,0.7024463856524226,0.904988829529991
0.04288379143129054,4.7373657851449127e-17,0.8795395751649283,0.22773398511318332,0.7093391901473283,0.8828799561700389
0.04305396326011914,4.7373657851449127e-17,0.8773954389424878,0.2314982824422241,0.7079865296432036,0.8871691478241449
0.04346552419076462,1.0870109792178325e-13,0.8721126141062064,0.24849760987681138,0.7047305402773478,0.8975543368308135
0.04291002139934961,9.316060786542512e-12,0.8792106156435351,0.25467857094946866,0.7091304512098595,0.883540895062249
0.04315214672931711,1.1050661867441747e-09,0.8761476420394096,0.3221241192814126,0.7072077777575655,0.8896452832436514
0.043004936910903964,2.3105153428448e-09,0.8780155751335594,0.3367644867246289,0.7083758365908561,0.8859333521466138
0.043510737982615594,2.3105153428448e-09,0.8715238640625322,0.3474549304188516,0.7043741636117462,0.8986964490808403
0.04295520081564796,6.9111384388885044e-09,0.8786426937284649,0.36859353068969675,0.7087710834824201,0.8846801206733105
0.043547579982662996,1.1421314635717448e-08,0.8710429007398743,0.3989070921048335,0.7040839327166613,0.8996278999712154
0.04350429697212542,7.643432762607252e-09,0.8716078368002871,0.3834198526501659,0.7044248865698266,0.8985342610826714
0.04271160664234278,2.9114538180354707e-08,0.8816851295746125,0.42197000114177907,0.7107114800319445,0.8785457158417044
0.042570426869163555,2.1821218293847285e-07,0.8834263689460956,0.541166513130956,0.711838641404747,0.8750095288268711
0.043547579982662996,4.0180167613016647e-07,0.8710429007398743,0.6080367715899303,0.7040819258748948,0.899664122816078
0.04340413786632439,3.9769567966872475e-07,0.8729092992816244,0.6045075885294439,0.7052127530874943,0.8960411947394653
0.04273725580709463,5.266248327718944e-07,0.8813670479804023,0.6172237099792456,0.7105042397201877,0.879237668670417
0.043467957178131504,6.417322912830002e-06,0.8720809752605955,0.9295583446860924,0.7046783675964423,0.8982111495218996
0.04143511708623193,7.051545623071394e-15,0.8968410507242764,0.20037641476651533,0.7210034275705086,0.8464912235902358
0.04143511708623193,8.016691002597508e-16,0.8968410507242764,0.19840676031611798,0.7210034275705555,0.846491223589614
0.04133277466857041,2.0297838232637463e-12,0.8979990961400824,0.21291081206887394,0.7218374221084642,0.8439295644118164
0.04164526858864488,4.4635414511898876e-11,0.8944366104856881,0.24143352799671455,0.7192949781865887,0.8517552896177468
0.04228742769927569,3.713828383581954e-10,0.8868679987983619,0.28286857458688797,0.7141087772124699,0.8678721975774923
0.0419380774572728,8.128867971954284e-10,0.8910269331548571,0.2905311019872171,0.7169237604632828,0.859098482413213
0.04228552139070562,1.5949347412969044e-09,0.8868909615195977,0.312629969357138,0.7141240896875687,0.8678243983449471
0.04158334748719063,5.853048263752004e-09,0.8951487839520121,0.33590409662167975,0.7197977701798838,0.8502042301281725
0.04228552139070562,3.0648551616675614e-09,0.8868909615195977,0.32975583439729694,0.7141240821338419,0.8678245344548805
0.041678758911766096,4.2167369783066255e-08,0.8940501371026387,0.4209558165725403,0.7190230078504677,0.8525985614989348
0.04158334748719063,6.969352243665925e-08,0.8951487839520121,0.44716543413711296,0.7197974422837945,0.8502101344910034
0.04124618931920441,1.1785160444868182e-07,0.898972253795477,0.4741049715160895,0.7225434217007292,0.8417741897983686
0.04158334748719063,1.1325541686027242e-07,0.8951487839520121,0.4773614595402237,0.719797218542138,0.8502141633640605
0.04187958910821935,1.8673427068370505e-07,0.8917135586942122,0.5172547582556423,0.7173955939407421,0.857648117155362
0.04136667423030362,2.910259783759098e-07,0.8976164441465051,0.5426279337967387,0.7215595339401379,0.8448048460047697
0.04168564369654231,5.209485472052287e-07,0.8939705753655641,0.5982187323159517,0.7189646999834907,0.8528154210589696
0.04163213925806245,5.776708789416923e-07,0.8945878736971256,0.6069264127002267,0.7193985861916065,0.8514796889146644
0.04133640744187729,7.480835963874988e-07,0.8979581343653603,0.627112809935391,0.721803954778337,0.8440896297144261
0.04234495413028934,6.864037976886448e-07,0.8861736685298123,0.6353261868120854,0.7136431959101565,0.869381764281112
0.0413985123631502,1.4414993203959955e-06,0.8972562177484694,0.6981607774755101,0.7212941696383094,0.8457081284102828
0.04164419127989047,3.3687747837140546e-06,0.89444902742157,0.8081712431022139,0.7192864188988115,0.8520398826615572
0.04036366529167276,4.7373657851449127e-17,0.9085481248175171,0.17590285486014076,0.7297987988505172,0.8197371032062848
0.041110770389288044,7.134305197694872e-13,0.9004821687861932,0.2040553052699322,0.7236510138420744,0.8383771036470395
0.04013333819327626,1.698274441856917e-10,0.9109450654820633,0.22878087813723752,0.7317078472176076,0.814005268915651
0.04113913974113178,3.5339289339311724e-11,0.9001670729228024,0.22904187514366753,0.7234189195352421,0.8390863047373602
0.040470051124942064,1.1111790324063828e-10,0.9074267713270092,0.22917499224223978,0.728919201620842,0.8223869902458413
0.04025154190411044,7.467288381799649e-10,0.9097202154706083,0.2566425475938529,0.7307273182688176,0.8169460128324691
0.040000294780480526,2.174586116817899e-09,0.9123104540121841,0.27734010493589145,0.7328134818162393,0.8106978508799738
0.04067157882527492,2.880154500405761e-09,0.9052778570265547,0.2970950187508184,0.727256741096699,0.8274110054826858
0.040000294780480526,3.149396491363023e-09,0.9123104540121841,0.28768257143525255,0.7328134768195188,0.8106979407837779
0.041067513630899374,6.545018458721182e-09,0.9009613728040983,0.3300084737708413,0.7240050619553531,0.8372965357574256
0.04026534186060355,1.781129241788593e-08,0.9095764952909756,0.3545604078550755,0.7306128673811206,0.8172910277296356
0.04076886076231711,1.9738022327326904e-08,0.9042289218609049,0.3678606877973866,0.7264559315234078,0.8298395269268225
0.04116646724297098,2.2325605538475948e-08,0.8998629369713723,0.380513773160228,0.7231953285818172,0.8397716115592406
0.04076886076231711,2.745157661367134e-08,0.9042289218609049,0.38310302204457547,0.7264558919405295,0.8298402393084778
0.04100136671044915,4.145502449550018e-08,0.9016912508467998,0.4079038362050572,0.7245467802749587,0.8356469144363724
0.040380675799193966,1.0382376160416446e-07,0.9083694313748477,0.4511817474944761,0.7296575312409366,0.820170285117106
0.040464488776351955,1.4726701315698158e-07,0.9074856241262552,0.47620857896501223,0.7289644020826249,0.8222619883862056
0.04088765568893193,2.923064133945003e-07,0.9029377549618044,0.53506075209206,0.7254783111342218,0.8328300110010176
0.04085680550163314,4.575846811059921e-07,0.9032741481092523,0.5729330716998872,0.7257308140437277,0.8320750352518786
0.04100136671044915,5.24395776798857e-07,0.9016912508467998,0.5876637601894338,0.7245443013063632,0.8356915344934056
0.04004637594010186,6.56103085183984e-07,0.911839120012143,0.5942381496567563,0.7324269346308493,0.8119035189939998
0.04119776669886563,8.963370295889183e-07,0.8995138580883505,0.6432719674830687,0.7229349966884269,0.8406350584536947
0.04116118583128145,1.0559810903901196e-06,0.8999217621962534,0.6599819425460244,0.7232332044706322,0.8397350862497924
0.04007036255472051,3.443545682366024e-06,0.9115931123701954,0.7888636184004191,0.7322132818669614,0.812756935459068
0.04114594268286619,3.315619820197528e-06,0.9000914170810536,0.7986869989744529,0.7233462564537625,0.8395627953953887
0.038637808590922106,4.587906321834899e-14,0.9254954764550297,0.15117637530939296,0.7442579436055751,0.7769701723934281
0.038665311205990434,5.689548414794038e-12,0.9252435425908203,0.16956053644234376,0.744024763695837,0.7776482497117698
0.038972556522606214,1.4340225652497971e-11,0.922389587193317,0.18135563993084902,0.7414258157867977,0.7852312591611388
0.0395483870413303,3.60159178364665e-11,0.9168440790444589,0.19957845584047454,0.736584921218915,0.7994810975613876
0.03974519366756851,9.316060786542512e-12,0.9148894128394146,0.19165814466626885,0.7349394483445949,0.8043623977369542
0.03850919849200258,7.642840947935922e-10,0.9266659170328218,0.22741072072602914,0.7453495263390135,0.7738009187970106
0.0392561219725984,4.0238492273733054e-10,0.9196909387219642,0.22725127753127564,0.7390370254309663,0.7922424836507787
0.03836778167934787,1.1612525879543518e-09,0.9279383522095677,0.23444930477638012,0.7465520301471078,0.7703190227146949
0.038819048019220516,1.136056195704764e-09,0.9238245776729543,0.24117804227448944,0.7427229350150607,0.7814408769174326
0.038437378972027814,3.0648551616675614e-09,0.9273140337766568,0.2610227737234294,0.7459599253102844,0.7720324135547192
0.0387702106565343,2.174586116817899e-09,0.9242773043715515,0.2566344842379329,0.7431361781950315,0.7802358142270855
0.03978002115642428,2.92011750397052e-09,0.9145403428594836,0.28167656621261716,0.7346487283187051,0.8052270465306284
0.03850518005099098,1.2721385178582332e-08,0.9267022842069939,0.3117272770787321,0.7453836030503971,0.77370303402243
0.03852303861228142,2.700989938353322e-08,0.9265405687379726,0.3457041288560858,0.7452318307561001,0.7741442694932843
0.03975079676718196,2.54705907718404e-08,0.9148333182897036,0.3622193456911729,0.7348925389938389,0.8045037962162347
0.039346254352841795,1.0382376160416446e-07,0.9188200909408974,0.43474226911121255,0.738279202247158,0.7944830319391561
0.038540732706129066,4.0180167613016647e-07,0.9263801026736258,0.5269467899372992,0.7450796495912213,0.7746146602781118
0.038739782537911834,5.007156540647076e-07,0.9245584495075629,0.5497185844067637,0.7433912446861819,0.7795309959167341
0.038702846504248774,5.776708789416923e-07,0.9248987709661968,0.5627397550324338,0.7437037111112428,0.7786270182049739
0.03852303861228142,8.317240339548307e-07,0.9265405687379726,0.596778609325652,0.7452277180116013,0.7742182810807056
0.03962097350420665,8.642015096634348e-07,0.9161266917486577,0.6158365450432189,0.7359730703021692,0.8013604287136579
0.0387051685617277,2.0475769245808256e-06,0.9248774067947043,0.7023065290175237,0.743676522295904,0.7788195250877633
0.03917571992591131,3.443545682366024e-06,0.9204624432571485,0.7771542244039933,0.7396957545647855,0.7905703862226158
0.03974849181425473,5.634757843275897e-06,0.9148563969504755,0.8566584253419011,0.73488304202928,0.804963677623438
0.037019352347028654,3.4167944408612175e-12,0.939317950982725,0.14058373563917917,0.7581334126676773,0.7372820982780706
0.036626229284414516,3.783951752830138e-12,0.9423842261549384,0.13547392682509632,0.761548541084907,0.7277090612452829
0.03766162443368922,2.2464652891187812e-11,0.9340662385039432,0.1638806304530031,0.752591223386159,0.7529800985427586
0.03792978934103742,6.400196833371498e-11,0.9317832372996764,0.17878883269385998,0.7502910817466741,0.7595549935653628
0.03792978934103742,4.369180925142904e-11,0.9317832372996764,0.1745541960950024,0.7502910818503106,0.7595549916995818
0.038062707360691554,4.519344034692325e-10,0.9306317072263648,0.20992827699967104,0.7491540507352512,0.7628183016575325
0.03831617265838336,3.844400474979323e-10,0.9283989325407868,0.2109603344080434,0.7469914577190535,0.7690490313431709
0.03792978934103742,7.056353046814539e-10,0.9317832372996764,0.21665407619084948,0.7502910784722019,0.7595550525104279
0.03729157857224518,1.5418776587278504e-09,0.9371289948720977,0.22507032862902973,0.7557786658664166,0.7439271908845252
0.03746423180349515,2.524199268026603e-09,0.9357125718123885,0.24074010501421172,0.7542895521564068,0.7481482977633472
0.03720162934092521,2.3105153428448e-09,0.9378582569323621,0.23448005676209938,0.7565557946270902,0.7417302108533057
0.03685016114240243,9.44553407668993e-09,0.9406512622637324,0.2760095935856082,0.7596010456701712,0.7331595851805488
0.03731843890420577,1.6260781264759698e-08,0.9369100756324256,0.30481269041426456,0.7555467031201539,0.7445848868800232
0.03764076064511259,1.0284658921104788e-08,0.9342416152297478,0.2903583298912609,0.7527704710724494,0.7524700009225771
0.036993589586658736,3.1926451503557996e-08,0.939522312543705,0.33239096889335773,0.7583565274310258,0.7366568332575735
0.03740546677568402,4.64104654068959e-08,0.9361971340351629,0.35790271834226434,0.7547957896533068,0.7467150707125435
0.0380309023109674,9.978244252504281e-08,0.9309084567740602,0.4128701735294933,0.7494254308453046,0.7620463208665694
0.03797152653701405,1.8929897881803576e-07,0.9314230770592051,0.45730107220834965,0.7499328622057018,0.760596760091223
0.037340178633016356,2.730977063248628e-07,0.936732503019021,0.47800037838591863,0.7553577730661085,0.745139765909006
0.03713620423306858,3.887668090357648e-07,0.938384973887548,0.5057449299708109,0.7571196512564793,0.7401684977960135
0.037340178633016356,4.798068144525252e-07,0.936732503019021,0.5274431498034338,0.7553567198752393,0.745158733614106
0.036993589586658736,5.007156540647076e-07,0.939522312543705,0.527212816470631,0.7583541413947104,0.736699819732668
0.038022396883581784,1.2757114968718882e-06,0.9309823373050903,0.6370186542545044,0.7494921570896794,0.7619455102587055
0.037340178633016356,3.1340236793348406e-06,0.936732503019021,0.742219529709113,0.7553431965374053,0.7454022843046127
0.0372320160047274,6.947456582325302e-06,0.9376125599136396,0.860774140240839,0.7562577869277655,0.7431094077284613
0.03486219640512817,4.7373657851449127e-17,0.9548085338942329,0.0897675279461288,0.7770814237730753,0.685106200089541
0.03568051110595024,4.7373657851449127e-17,0.9493113011770388,0.10022710798161986,0.7698340244329609,0.7047951023087375
0.03638959270331703,3.783951752830138e-12,0.9441765462674021,0.13213452373884094,0.7636125192839349,0.7219600323660915
0.03656687531919613,4.259557963014836e-12,0.9428375294358142,0.13533387335857192,0.762065652926817,0.7262661171226827
0.0361536326182642,3.60159178364665e-11,0.9459242482399015,0.14657739680281537,0.7656767414705525,0.7162376471717117
0.03656687531919613,6.566136210488606e-11,0.9428375294358142,0.15888219487465555,0.7620656526147016,0.7262661227482832
0.03525011941916058,2.203132124714962e-10,0.9522588080509474,0.15826555076105242,0.7736368663918651,0.6944233023698556
0.03629009545513472,4.2830630811249626e-10,0.9449182859921683,0.1831916103135627,0.7644821915061839,0.7195458606397408
0.03592308175710867,1.1387323319557092e-09,0.9475941645557209,0.1989597153466414,0.7676995263805633,0.7106565437713633
0.036094181864943696,2.155179955475132e-09,0.9463584119587216,0.2174734521847059,0.7661977799756001,0.7147976975481796
0.03592308175710867,2.92011750397052e-09,0.9475941645557209,0.22394537433435963,0.7676995173458354,0.7106567067615986
0.0365214915587949,3.468619402421201e-09,0.9431824422889775,0.23694911632071108,0.7624612972092767,0.7251635471705195
0.035910722497937524,3.978985289127796e-09,0.9476826388980798,0.23329164896853627,0.7678081124202629,0.7103578913411125
0.035910722497937524,9.344250301910484e-09,0.9476826388980798,0.26339426673807925,0.7678080852101612,0.7103583822308284
0.03634852849630984,7.287724567394862e-09,0.9444835230586105,0.25959018425222674,0.7639712796474807,0.72096409331297
0.0365214915587949,9.44553407668993e-09,0.9431824422889775,0.2716298655164083,0.7624612668335767,0.7251640947111033
0.03634852849630984,1.0284658921104788e-08,0.9444835230586105,0.2727156248316383,0.7639712644253047,0.7209643677626311
0.03553361219602088,3.425798879880668e-08,0.9503315061683432,0.31783153408466913,0.7711295776922812,0.7012541340164609
0.03562984692864339,2.7462670681498774e-08,0.94966483083653,0.3076349332919961,0.7702805073534731,0.703574813625193
0.03487832541508457,6.969352243665925e-08,0.9547045158273482,0.3510510126259056,0.7769375365335891,0.6854993456533106
0.0364852852549938,8.84114298663193e-08,0.9434565552273917,0.3846620129074036,0.7627766804891918,0.7242917333562217
0.036568329208182176,1.4265563657302057e-07,0.9428264557214265,0.4183229891112871,0.76205225640093,0.7263145241994231
0.03468578610927146,1.7639630637630898e-07,0.9559350374874417,0.41293305823607984,0.7786522336244133,0.6808953244209145
0.03623448423867312,2.1821218293847285e-07,0.945329816490985,0.44639505880612645,0.7649676402453015,0.7182172381466227
0.03653334808309007,2.5539672299024286e-07,0.9430924753316714,0.46256967524682235,0.762356628009041,0.7254747203863608
0.034917064696062976,5.091677805205375e-07,0.9544539782717507,0.5059942007516103,0.7765906800734147,0.6864686760374831
0.034917064696062976,5.992008264377409e-07,0.9544539782717507,0.521848392902739,0.7765902251971186,0.6864768962528943
0.03507222842318638,6.514227201100669e-07,0.9534405072856993,0.5317412380791389,0.7752111702131467,0.6902064843940195
0.034917064696062976,7.25693802133333e-07,0.9544539782717507,0.541216311758696,0.7765895861133809,0.6864884453360112
0.03533443420640959,8.642015096634348e-07,0.9516912877981902,0.563711787090938,0.7728859421638197,0.6965312723764188
0.03522064301626587,8.642015096634348e-07,0.9524560826195227,0.5625690742299284,0.773893669312314,0.6937932244990812
0.03570266782678425,9.371615639480555e-07,0.9491561397919229,0.5762119911215331,0.7696340432776914,0.7054157258224374
0.035596532364578375,1.921888903238995e-06,0.9498963375895433,0.6592683639909778,0.7705647410444916,0.7029442370519987
0.03548808377644478,7.971120485885995e-06,0.9506447048738816,0.8668510975217091,0.771491445160565,0.7008820806531085
0.03479064602186261,9.740825926440719e-06,0.9552679012608948,0.8955694435854401,0.7776693071649936,0.6842801208481196
0.03189105906486098,4.7373657851449127e-17,0.9711896631506023,0.05824104230742397,0.8039773477712371,0.6148094230597544
0.03377222898887334,4.7373657851449127e-17,0.9614469357678248,0.07705614521128543,0.7868442581708254,0.6590928197167017
0.03239248317891056,4.7373657851449127e-17,0.9687946472662985,0.06288386890250963,0.7993763439491318,0.6265336633811079
0.033126928620211424,4.751920325046424e-12,0.9650253348070696,0.09422660154132748,0.7926817207461777,0.6438118571242742
0.033126928620211424,2.8998017444587248e-12,0.9650253348070696,0.09128098969364273,0.79268172075545,0.6438118569559148
0.0330853817949206,1.903718721978385e-11,0.965247060558972,0.1042896805003553,0.7930589974291007,0.6428311755481085
0.03385793214090129,3.4593532145067986e-11,0.960952371325324,0.11812242760630585,0.7860721623393426,0.6611291472827183
0.03420509811780344,3.60159178364665e-11,0.9589017085735043,0.12239085461945813,0.782952284365322,0.6693939504352587
0.032171984328966105,7.737182702562579e-10,0.9698653067227083,0.14945353459816935,0.8013966001658052,0.6213707331751955
0.03397766695379832,2.544078103751026e-10,0.960253714655206,0.14585013245061865,0.7849947373523946,0.6639767328417541
0.031948645079232785,1.1619979283378426e-09,0.9709217772256568,0.15691948039936607,0.8034477014036185,0.6161529648516758
0.034444884269826725,4.469621111719916e-10,0.9574404908615488,0.16111661260436583,0.7808046777057314,0.6751173045278741
0.03345246448638271,2.3105153428448e-09,0.9632519706481163,0.18903921911146215,0.7897316034170437,0.6515094281254199
0.03438019664148871,1.4040024186262324e-09,0.957838328870854,0.18554199222030948,0.781383447681317,0.6735722176191609
0.03312158649246712,3.3110618257143616e-09,0.9650539024691035,0.19646073465867694,0.7927302050670503,0.6436860390378097
0.03438019664148871,3.149396491363023e-09,0.957838328870854,0.2079166231276874,0.7813834388828516,0.6735723767932034
0.03253508094782083,9.44553407668993e-09,0.9680874409157162,0.2279088654031915,0.7980723169666407,0.6298795112070777
0.03235065810920112,6.954610006725275e-09,0.9689998623392839,0.21453849057860125,0.7997591550602084,0.6255540808228893
0.03417938444191921,9.35458005467942e-09,0.9590562161382725,0.24351421148674487,0.783182892056694,0.6687817707936217
0.03307653234552826,2.7462670681498774e-08,0.9652941544700121,0.2808129737175533,0.7931392419807226,0.6426248362876901
0.03298067860043356,2.649964033740355e-08,0.9658012608409122,0.27813422446903807,0.7940104154253288,0.6403638617481769
0.03285484471952075,4.2167369783066255e-08,0.9664586856536703,0.30162862762962855,0.7951553720499135,0.6374004159396776
0.034365796245344214,4.316207935201183e-08,0.9579265260678753,0.3174685072537427,0.7815121401162395,0.6732321662377535
0.031955319488491854,8.048626936308449e-08,0.9708906092317051,0.3330461427255737,0.8033859398678755,0.6163159195868327
0.03283203565935732,8.061590494032065e-08,0.9665768502649718,0.34040770441677626,0.7953629011080744,0.6368668732554549
0.033087570838731616,9.79899850502289e-08,0.9652354039451332,0.3555327163321399,0.7930386240163446,0.6428917457477848
0.034365796245344214,7.875313858093339e-08,0.9579265260678753,0.35336746040187433,0.7815119607138354,0.6732354119205061
0.03202623323396685,2.468764620286621e-07,0.9705579250146604,0.4160307855194827,0.8027333752925755,0.6179865781326914
0.03305432739367528,2.6459737202513917e-07,0.9654121158734588,0.4300962680252503,0.7933397823304082,0.6421224698394457
0.03227620994049366,3.348664005978308e-07,0.969362672033337,0.4440696597360971,0.8004394033570397,0.6238400873693485
0.0319087565231601,5.007156540647076e-07,0.9711075317387164,0.47852213646150255,0.8038120499410703,0.6152676164042925
0.03359561094718902,5.776708789416923e-07,0.9624517283291422,0.5059538970465188,0.7884348667671159,0.6549539428634689
0.03393513861855772,1.0078382380352602e-06,0.9605029008032683,0.567300976041404,0.7853721872315631,0.6630567596276619
0.03452109790462985,1.6889964374538842e-06,0.9569682938972315,0.6330041677703976,0.7801148203287975,0.6770929478799571
0.03392388955973589,2.2154705728452323e-06,0.9605686220333326,0.6623391823813984,0.7854673223633881,0.662899222359474
0.03452109790462985,2.4858087082949655e-06,0.9569682938972315,0.6826808658539235,0.7801108011913388,0.6771656362008673
0.0329199042517306,6.5860500782118445e-06,0.9661199502754811,0.8148370601650466,0.7945303980774318,0.6395277274557353
0.034300989566295605,9.740825926440719e-06,0.9583217923591605,0.8916807613244024,0.7820436452917433,0.672569444378964
0.03318725277174839,1.0243159947428949e-05,0.9647015545523426,0.8924876368768847,0.792082887612479,0.6461681172127444
1.059398050257121e-06,4.7373657851449127e-17,1.0,0.0014927761543513712,1.1274503808009682,0.057926040799501866
1.0594037721181711e-06,4.817188918814384e-13,1.0,0.014940043926956107,1.127450380739671,0.05792604089450938
0.02358839629087235,4.587906321834899e-14,0.9942377981867091,0.019756854456849434,0.8833690711086598,0.4306232916692311
0.33148464822348833,8.719155479147759e-15,0.9999999995250923,0.005492818144238193,0.6068065465652414,1.1299107665996349
0.32992975388237455,1.92455966968982e-11,0.9999999814438612,0.03735248088829412,0.6096280826427583,1.1206926089257898
0.00700318853332367,4.0298773246828084e-12,0.9999949435756598,0.02535267504620897,1.053924407150587,0.13992631568665678
0.014960797058834196,2.8511635811500594e-12,0.9995625628789727,0.024119263602765263,0.9708096550589204,0.26429611368001144
0.33761677054407735,1.1706149521102902e-10,0.9999999286771076,0.05835636179697685,0.5973066763017152,1.1677648458962746
0.027287808413134607,6.4506001573251465e-12,0.987285970633211,0.05339249115220608,0.8472956917937969,0.5101938252328948
0.023042826815535468,3.2877063972546003e-11,0.9949354900330767,0.0525374183225637,0.8887722838449623,0.4192703009644166
0.012330921915011981,1.1706149521102902e-10,0.999857814948673,0.05863239736259196,0.9981152932362817,0.21981826657356948
0.019994394500350073,1.0516171549610054e-10,0.9977062854043469,0.06128815137016764,0.9193102141223165,0.35780079306138834
0.007655423355848446,1.4189411094289795e-10,0.9999914242198605,0.06120543529342363,1.0470709166162069,0.1489330715474806
0.019215258101795037,3.379196462266774e-10,0.9981673555807603,0.07926707019132222,0.9272018408838325,0.34265132137821575
0.0035601868200798264,5.708986668352068e-10,0.9999999103598323,0.08613208831007417,1.0901213154385356,0.0961674117704284
0.004459879583387732,7.419395439966436e-10,0.9999996557071891,0.09183636406581297,1.0806642997438527,0.10697589866649729
0.35284093766409075,1.2671652094642602e-09,0.9994738679077646,0.1056561349207998,0.5853391596807962,1.2685383189717654
0.012462484663423994,1.4827213332680828e-09,0.9998487223562249,0.10902845095628386,0.9967443355296478,0.22196747216659973
0.029540688573497544,1.6651254685782115e-10,0.9806386077953295,0.1007942588039994,0.8258602156412012,0.5606825034320579
0.008495834265860381,2.182677567060976e-09,0.9999841095265599,0.1194975061299032,1.0382457641028062,0.16086509346973363
0.01970548597151496,3.1137515646878652e-09,0.9978869916500052,0.13418058422490342,0.9222326401192258,0.3521559451014581
0.013928889391199488,3.149396491363023e-09,0.9997108642139099,0.1311263986083557,0.9814974192244922,0.24646750750242186
0.018349541771075277,5.674997255552121e-09,0.9985890334202977,0.1531856160811049,0.9360076542188903,0.326099984174708
0.030209162782470152,1.1050661867441747e-09,0.9782336217892005,0.1421564410673214,0.8195847476699807,0.5759327478679316
0.3196428579486329,7.0286562175877334e-09,0.9999230771736576,0.15868098947159434,0.632277147967444,1.064710651297494
0.31186528955944526,8.280597472276915e-09,0.9989302381168538,0.16688823340170744,0.6536051986303804,1.0296109784430036
0.029485641139053703,3.0648551616675614e-09,0.980827267194395,0.1653206154936494,0.8263787519239605,0.5594322544333162
0.016657405168302563,1.2512012611277136e-08,0.9991879984705467,0.18358183680815046,0.9533239824631586,0.2946308524514247
0.005034387825960941,1.2603566931578423e-08,0.9999992907015366,0.18241928431520732,1.074623715630858,0.11411320002385789
0.014148981303212084,1.0284658921104788e-08,0.9996833251673723,0.17431630003207813,0.979214768388209,0.2502305609946404
0.010204559049516719,1.6870594278254365e-08,0.9999531449172494,0.1956851417985254,1.0203309253089623,0.1862364385202829
0.02037585611461994,1.4863264238929549e-08,0.9974489273967043,0.1943997618837942,0.91545857804186,0.365304866926865
0.018152956849479082,1.6724439538545658e-08,0.9986728889567014,0.19760009264167616,0.9380124450694218,0.32238438221012294
0.020117952020698007,2.2338157366422425e-08,0.9976253170065809,0.2134238601996802,0.9180616786313119,0.36022682831301184
0.33461279095549246,2.337421116629296e-08,0.9999999999484264,0.21142124644516488,0.6016325326598191,1.1489451328447942
0.013112047866698633,2.649964033740355e-08,0.9997965450346477,0.21819584699946526,0.9899825021196074,0.2326992816293867
0.0074922420607864085,4.2167369783066255e-08,0.999992452648508,0.24321914814845308,1.0487851169780884,0.14666231854905043
0.0018483931858666587,4.2167369783066255e-08,0.9999999982264858,0.24320578100213422,1.1080965939515555,0.07686585657276912
0.020117952020698007,3.5399525070681005e-08,0.9976253170065809,0.23755758731498997,0.9180616199561294,0.3602279758260238
0.021901901775147305,5.332378119417056e-08,0.9961787551244294,0.2637846382277393,0.900134650502554,0.39587105581926807
0.002026573923765498,5.5948481797954955e-08,0.9999999969222939,0.26000434888726653,1.106227007515346,0.07879842944373547
0.0020333638697462714,6.118460625789087e-08,0.9999999968600191,0.2655441486291803,1.1061557399640087,0.07887282372337281
0.013782100538480592,7.857863143528097e-08,0.9997281177012765,0.28210907464517154,0.9830203725728924,0.24397690615046938
0.028021572412919547,5.011201529433717e-08,0.9853521899596897,0.2789626980962439,0.8402668225750285,0.5264838083153857
0.027157331143494542,5.3604872098165866e-08,0.9876081436391476,0.27905698966163217,0.8485498692514737,0.507319368861569
0.019443702009342645,9.949629602319258e-08,0.9980406916006502,0.3010330019628331,0.9248841858222856,0.3470772985718851
0.009341971509007603,9.235432036238183e-08,0.9999721561952545,0.29255900991643996,1.029368702143985,0.173251738080948
0.007816669317531806,8.84114298663193e-08,0.9999902966170479,0.28955201205208825,1.045376802316735,0.15120146015554578
0.0030937724867743503,1.3567768852411517e-07,0.99999996128445,0.3200201384530323,1.095021490071113,0.09075363468487668
0.321252696223269,1.2490319964616303e-07,0.9999633803882052,0.31396722087036216,0.6282945339246035,1.0728282201283
0.027686879774594626,1.0382376160416446e-07,0.9862603840062234,0.32413249345673156,0.8434670359386202,0.5190407811044918
0.009336204823879929,1.7639630637630898e-07,0.9999722574582912,0.34021310777099245,1.0294288481783174,0.17317326327779817
0.006791837097019326,1.5830618391570132e-07,0.9999957848820683,0.3317275924895782,1.0561452819566477,0.13706907575777852
0.3274738769841612,2.1882762986867065e-07,0.9999995160836873,0.3575959583981723,0.6144161861851634,1.1065072393144553
0.014800231123972947,1.8377240563218428e-07,0.9995890221354805,0.34410880037069097,0.9724694622227285,0.26150646952153245
0.02340440247240908,2.054204397286202e-07,0.9944810694365551,0.36163563669663645,0.8851881108905887,0.42680122003743565
0.017158764893890583,2.4469773265868913e-07,0.999037670250658,0.3685583750189128,0.9481787101633721,0.3038510627231239
0.006175886155412606,2.5539672299024286e-07,0.9999976045581594,0.3706045829452106,1.0626202446278068,0.1288468395450532
0.023239938836883283,2.5731820923910913e-07,0.9946915901632314,0.3800465384333526,0.886816620576185,0.42338302232025304
0.010772090342120398,3.1564561050572463e-07,0.9999355884948412,0.38925025752629266,1.014390625575821,0.1950105683607468
0.028182756291641898,2.3011923909824255e-07,0.9848987221165251,0.3868207433715725,0.8387279719666236,0.5300983155858878
0.02093761852900954,2.8915411638466235e-07,0.997028351139894,0.3862765819752062,0.9098003685672225,0.37647876703826594
0.01776183979760354,3.9769567966872475e-07,0.9988277657074719,0.4122693495064576,0.9420050792132606,0.3150701359599524
0.35132896161580696,4.121284314708561e-07,0.9996670925326265,0.4142673027947487,0.5857787943499977,1.2582956184480931
0.029414362087451035,2.8812129867243453e-07,0.9810694800553347,0.41208447067028925,0.8270492058853054,0.5578399231051484
0.017842469750962528,4.5653041377123365e-07,0.9987970983137439,0.42548120568048053,0.9411807883909611,0.31658485268929004
0.01725015919233332,4.874492564862938e-07,0.9990079833849451,0.4315288844888972,0.9472410960431362,0.3055606747120627
0.011721601629146124,4.575846811059921e-07,0.9998942865694663,0.4239275669445171,1.0044687962997632,0.2100110661446284
0.3170565677848871,5.920356798133526e-07,0.9997864883635033,0.4497656439610766,0.6389975127595018,1.0522847978952008
0.011110170872445611,5.485030062130687e-07,0.9999227753696165,0.44179166408276815,1.0108548646926572,0.20031706944766034
0.0027579701450457343,5.9255025694451e-07,0.9999999805294065,0.4495129503310596,1.098547138108766,0.08696168540248671
0.0065163704861758275,7.25693802133333e-07,0.9999967041640395,0.4707227208898359,1.059038963321043,0.1334108552891122
0.00745609227892358,6.864037976886448e-07,0.9999926660538855,0.4648157451302913,1.0491625938296945,0.14621457767061433
0.025873668151930946,5.675581610193863e-07,0.990452812797791,0.4603591976908815,0.8609608490705688,0.47931389994452483
0.012170411670797146,7.98968907904362e-07,0.9998682956510646,0.48130868898259427,0.9997853315428362,0.21727576800529247
0.005552271030679241,9.015459325020549e-07,0.9999987287624218,0.49444134672837026,1.0691750684147152,0.12077520534587545
0.018436864232381535,8.642015096634348e-07,0.9985504395171586,0.4920026516961943,0.9351139443605019,0.3278309275897773
0.028011046322405773,7.567308455392695e-07,0.9853814359816261,0.4981477644560997,0.8403639054142364,0.5263125537355532
0.012709595583711448,9.750620098883952e-07,0.9998303536242915,0.5035418786367771,0.9941666684433457,0.22610955109510933
0.012424754712708434,9.247269150802333e-07,0.9998513774035284,0.49751822081326963,0.9971337549823118,0.22142940859160543
0.029840429764127242,8.963370295889183e-07,0.9795865219149394,0.5254383360663285,0.8230369561468469,0.567586838796944
0.006285655856346446,1.3489231593688993e-06,0.9999973399391198,0.54144606767908,1.06146229738981,0.13039036198106244
0.009063416062034044,1.2757114968718882e-06,0.9999767123607468,0.5347318971416297,1.0322854617337325,0.1692364668151621
0.010427700017348333,1.4949980576759788e-06,0.9999467864080143,0.5541579236367687,1.0179893294649842,0.1897830499025171
0.00417100535999237,1.544939722811749e-06,0.9999997691550567,0.5581722011590337,1.0836960414551737,0.1035847076469277
0.026945884988501978,1.666862685627416e-06,0.9881168244219176,0.5855962602227808,0.8505779043315851,0.5028086777377332
0.015244202575586735,1.9361904298226067e-06,0.9995124770308713,0.5877926894106054,0.967872857026135,0.2694433043338271
0.023393877903733443,2.0475769245808256e-06,0.9944947355533709,0.6026223768261691,0.8852837013716036,0.42674532070795534
0.011421838664065787,2.055308279642685e-06,0.9999091721115408,0.5950658891575857,1.0075924681069761,0.20536850790465672
0.025192713785403154,2.0652016915564655e-06,0.9917394172666275,0.6078348974729766,0.8675902805899218,0.46477543833509954
0.006411913055195471,2.3438296471253854e-06,0.9999970060345718,0.6125869035967672,1.060131383725253,0.13215175858119804
0.00042562233450032155,2.3438296471253854e-06,0.9999999999997338,0.6125824751424188,1.1230007289098336,0.06229277549033544
0.01447226039032737,2.9309591231215116e-06,0.9996390189524683,0.6442561021256381,0.9758528132732175,0.2560486474996826
0.3452101215938218,2.7362433177249675e-06,0.9999699041481575,0.6340444957378077,0.5892487185793212,1.2172911271666524
0.00582345698905905,2.904265059168183e-06,0.9999983113466083,0.6424297882725177,1.0663165631694316,0.12445045952817413
0.010433887131835537,3.371575390706557e-06,0.999946600462966,0.6640540915474763,1.0179173308686842,0.19003788521550885
0.028634420556409117,2.70874229915711e-06,0.9835706277327131,0.6564546401686338,0.8344179062354082,0.5404438788936653
0.02770276134479418,3.1340236793348406e-06,0.9862182931332778,0.6731977133915052,0.8433002849432473,0.5196654341941594
0.019550468852930446,3.466258842376211e-06,0.9979791300575142,0.6709576795217472,0.9237871316849898,0.34944408182384507
0.00717734956438936,3.47689749283493e-06,0.999994149821738,0.668509843922047,1.0520815414830484,0.14260167818069494
0.0015861105220572815,4.115386424521484e-06,0.9999999992909713,0.6938045587060845,1.1108350883800857,0.07439101678264647
0.0208803385607154,3.81552511555242e-06,0.9970736112563046,0.6865245191991678,0.9103603560964966,0.37564696576867107
0.03140567701690751,3.3687747837140546e-06,0.9733753396099821,0.7017747401973983,0.8084374971006781,0.6038228148645151
0.016725970092936325,4.674455137025165e-06,0.99916864601144,0.7146725049973691,0.9525997979301112,0.296287984710859
0.006685924415406453,4.573682725834837e-06,0.9999961606346973,0.7101004366839659,1.0572428558550593,0.13600989679117823
0.0060257661984751305,4.497393187582887e-06,0.9999979307770662,0.7074794868284644,1.0641837419257234,0.12722662704224466
0.3466368771342051,5.8720880621112436e-06,0.9999416456247658,0.7501359348251416,0.5882043333512483,1.2269264090923964
0.021671268130507022,6.5301106164110565e-06,0.9963976248761935,0.772597937813046,0.9024119441507776,0.3917685037582672
0.02161763186857912,6.5860500782118445e-06,0.9964470656905765,0.7739566807656212,0.9029486749826835,0.3906890892325716
0.004817332059281653,7.108636171581098e-06,0.9999994546243688,0.7819928210125981,1.0768818321316913,0.11198671377714746
0.03138386616632208,6.337242055815941e-06,0.973470559433099,0.798717338592711,0.8086244579159488,0.603585623687501
0.017397341971868218,8.707844836583448e-06,0.998958619413195,0.8186615846496282,0.9456979962123939,0.3090032280469627
0.3501208433275168,8.754175032624636e-06,0.9997761953030416,0.8185055633611249,0.5862642220397152,1.2504574592809032
0.02520020585471831,9.87839513358777e-06,0.9917260416353249,0.8508690157521345,0.867480026259085,0.4656326680168153
0.3106264989882487,1.0913905775657873e-05,0.9985240205526713,0.8601702565436532,0.657333512952821,1.0252535365297726
0.029917503440315886,1.1486550018210205e-05,0.9793091386015487,0.8946339361403407,0.8222613233844767,0.5703011150923856
0.33267077205911744,1.5637345997701308e-05,0.9999999999989972,0.9273695585968766,0.604802149183989,1.1377480246867882
