x0,x1,f1,f2,predf1,predf2
0.08138389377917087,0.022651952777576204,0.2807795112804593,4.474002969636069,0.28166688115965016,1.749005479375388
0.08539545249683901,2.6717301996227294e-09,0.2925692892781828,0.984310610665867,0.2883848890702772,0.9555148287351571
0.08545090115876126,4.4613933061695e-10,0.29290096639651186,0.9589794520065177,0.2888778849601024,0.9547237983287258
0.08443603079340734,5.775681415748824e-12,0.2875462703294306,0.9324070979456324,0.28402910827319217,0.9664101951405936
0.08551184785753779,8.466841368906258e-08,0.2932707042212903,1.0789618866779072,0.289443216300546,0.9538410441494984
0.08551184785753779,7.136422966137342e-08,0.2932707042212903,1.0721216081429965,0.2894432193904331,0.9538406324951846
0.08450718107595999,1.5320397531969918e-07,0.28787198780519985,1.1077125371786418,0.28407107446064245,0.9657945348659425
0.08461396923759044,1.2201186422298834e-07,0.28837499257044197,1.0970204418042204,0.284209984398337,0.9648113754907763
0.084577768310875,1.6613608703622767e-06,0.28820257518631864,1.2603394307686222,0.28415341287885737,0.9651980144151298
0.08455840943036921,7.551739715375649e-07,0.2881111723927594,1.1997074797916962,0.28412635045738033,0.9653494807989486
0.08555750181597561,3.5982684515524077e-06,0.29355121170705856,1.3300755896941763,0.28988038251002035,0.9532766283764211
0.08531880850138235,4.745394546954093e-06,0.2921182225192438,1.359968094818978,0.28774159031589014,0.9567284060362028
0.08065468474323408,0.021474027357094493,0.2812704331411261,4.42745393144477,0.2836260042361571,1.7121103829063475
0.08085922024717751,0.02146728556327905,0.28105036918303805,4.427210246328293,0.28363230191493194,1.710452753666069
0.0809291718374043,0.02146728556327905,0.2809898403637813,4.427217899821655,0.28363915765160225,1.709952302786809
0.08065468474323408,0.0245995443977727,0.2812704331411261,4.546967194253158,0.277137536206159,1.8254402049681366
0.08021971459459709,0.023427771951412126,0.2819517136470425,4.503491243639287,0.27964057916748125,1.7865663263732063
0.08021971459459709,0.024454138529573816,0.2819517136470425,4.541584173117987,0.27726467404042376,1.82406765341139
0.0784884194769064,0.02664113928010735,0.28752397291949405,4.618225238519694,0.2717196945641637,1.9179926611047242
0.07910021366686011,0.026446645067932418,0.2850349732332289,4.611852918076023,0.2720166445442293,1.9062891309314154
0.08100526678532252,0.02551319775963657,0.28093252552751646,4.579775874515846,0.27554313469659064,1.8540053970909849
0.08641976388498845,3.910165616909737e-10,0.2994144360705565,0.9538221101103886,0.2998016306781844,0.9392804261117185
0.08616169440229363,3.502081974382856e-09,0.2975476856127518,0.9864328835891938,0.2965920054101054,0.943614237465938
0.08710341204541823,1.2341742485442724e-11,0.3048146828489954,0.925498226105803,0.3088170734726336,0.9273685720015943
0.08692629332034134,2.17102243700203e-08,0.30335269629307937,1.0262869938253742,0.30642851923679887,0.930503558033325
0.08688431644965867,7.145180963205836e-09,0.3030126222101721,0.9979459506581346,0.30586706054332075,0.9312415059515713
0.08694892110846192,6.8983930226902064e-09,0.3035370358761077,0.9968713079258698,0.3067320328482324,0.930104281933824
0.0858598475027039,1.3280801486840934e-07,0.29548524602006876,1.0973000878494101,0.29306068246217165,0.9485179504604649
0.08714791265264143,4.5278253110520083e-07,0.3051888607926757,1.157950035318182,0.3094194994122862,0.9265920234786927
0.08675370791644656,5.005685600085488e-07,0.3019702856154498,1.165818066465689,0.3041304612092336,0.9335439779087998
0.08651013235379887,6.38104843568864e-07,0.30009051329702285,1.182577304254315,0.3009543623646091,0.9377590824486179
0.08729026933564323,7.551739715375649e-07,0.30640426770183393,1.1911123337547578,0.3113626541688953,0.9240580004858363
0.08607647962762528,4.143062748191858e-06,0.2969521784334209,1.3433284057440131,0.2955576151099388,0.9451519104457535
0.08670937108368461,2.9199131395147353e-06,0.3016218946483361,1.3057288950445094,0.30353684421660787,0.9343964580835815
0.08674172111366582,5.567962635008996e-06,0.30187582284285874,1.3737784127307655,0.3039521253607555,0.9339221549702895
0.08668716599515651,8.501922841041054e-06,0.3014484503399163,1.4248316147597768,0.3032238375062561,0.9349680922396231
0.08601969583656349,1.3230225719634326e-05,0.296561137686267,1.4857870768490868,0.29486814257565785,0.946370464245696
0.08577572679037715,2.2742066008361287e-05,0.29493385350686263,1.5678677154881073,0.2921069522761674,0.9505556151851214
0.08625436108674714,3.4394356129141256e-05,0.2982070625082852,1.6365864374187222,0.2976335778186872,0.9431920908028099
0.08733598652278304,1.8626847208185046e-11,0.30680052686949577,0.9262982749123444,0.31199416653460255,0.9232117234990199
0.08804817839345037,2.3388769954539425e-10,0.3133420917408586,0.9403509941611792,0.3219358793030308,0.910241722225654
0.08751842346201778,1.6198760062623521e-10,0.30841043195724593,0.9399499897752548,0.31451356218570153,0.9199216704339721
0.08751357315481668,2.8074162296201594e-08,0.3083670402396852,1.0313299186227625,0.31444615919837327,0.9200104082881544
0.08748645237988761,4.5442357891991784e-08,0.3081250061786651,1.0474893803896832,0.31407026463941934,0.9205015305722629
0.08828066911985431,6.6280917349795715e-09,0.31562557785293477,0.9890689120767019,0.32523376887817124,0.9059411373301691
0.08748177676622547,4.187422227367039e-07,0.3080833813418665,1.1517106867220668,0.3140035868207708,0.9205988279348672
0.08786436628100239,1.2065534170347983e-07,0.3115879292812205,1.084595929668455,0.31934401853895716,0.9136243967205113
0.08813910557043762,1.2909624454474623e-07,0.3142265822427164,1.0862480902830298,0.32322235511760194,0.9085677137152184
0.08793850015897405,1.0884080198035624e-06,0.3122899393573906,1.2151369698780683,0.32038172257498276,0.9122977009307123
0.08769232544641747,1.562567160191349e-06,0.30998740337007613,1.245305033880924,0.3169255880871675,0.9168175297066812
0.08737090306120775,3.620958576653813e-06,0.3071051089083944,1.3248734081767197,0.31245640687087917,0.9227075591249122
0.08747958226063775,2.1759859297247787e-06,0.30806385499291566,1.2751407064179685,0.3139641052876983,0.920698657598867
0.08747958226063775,4.810962311614498e-06,0.30806385499291566,1.3547401531792511,0.3139504776902346,0.9207888715904404
0.0873807876153733,6.395984076848393e-06,0.30719163792260573,1.3876412323934018,0.31257854805210133,0.922624455546892
0.08812408168420749,1.615131511024836e-05,0.31407967606246623,1.5077411841633994,0.3229159104630622,0.909401785572177
0.08963976489170367,3.817967377026675e-10,0.33038473217239195,0.934805564129524,0.3448624592027403,0.8802707809386475
0.08907113733159171,1.6704622788263458e-14,0.3239212588451529,0.8986489925049381,0.336587050385918,0.8911122079749769
0.08879522772553924,4.177867881781302e-12,0.32093335153428193,0.9111773528183106,0.3326022729499442,0.8963220601970553
0.08974564844449506,3.17064833607899e-08,0.331633020579731,1.021907873042884,0.34641175119041406,0.8782385002463281
0.08866454014724044,1.083447913281196e-07,0.319552452223131,1.0755037571297785,0.33072195131493687,0.8987812298222653
0.08949713421949253,1.1993756423685493e-08,0.3287252594314012,0.9954261918184053,0.3427792004313156,0.8830032089778858
0.08974564844449506,3.5342717300603836e-07,0.331633020579731,1.1292516053131287,0.3464095536319348,0.8782499364214552
0.08922224515909033,4.4917603465700043e-07,0.32559900037822676,1.147013571038288,0.3387752868345587,0.8882603897911503
0.08918185479245895,4.4917603465700043e-07,0.3251477006816236,1.1472517567422562,0.3381890129017749,0.8890278724642325
0.08971830882881945,6.793262509044864e-07,0.3313093770197282,1.1711540987379119,0.3460070027327445,0.8787869684170028
0.0895721767757801,1.4552889469166648e-06,0.329595198153244,1.2298313034812582,0.34386488392301406,0.8816180350086659
0.08971830882881945,4.514084174146199e-06,0.3313093770197282,1.3372624806859057,0.34598086986316634,0.8789232339493949
0.08896575625439224,2.61389062888462e-06,0.3227684921849755,1.285382979450168,0.33504570254597055,0.8931981769755482
0.08896575625439224,2.589791813989422e-06,0.3227684921849755,1.2844989480430071,0.3350458579390091,0.8931973284965986
0.08943113722387602,6.78642002624593e-06,0.32796600812502474,1.3856547567561537,0.341771614668972,0.8845044795047877
0.08887617728174332,1.2004274131301235e-05,0.3217998086216346,1.462062887461914,0.33369243964557344,0.8952192225239126
0.0907775253803258,5.958015455970888e-09,0.3445110496029231,0.9690803551706783,0.36163646073104116,0.8582030895916553
0.09015096190921595,4.0256326818671094e-09,0.33653867483005884,0.9660066923158401,0.35236605729950077,0.8704140159146447
0.08995303363678787,2.4462148897989672e-11,0.3341180009897635,0.9105712285120046,0.34945408238040804,0.8742421078623178
0.0904503244178111,1.2271343982640162e-08,0.3402896450624755,0.9889479331228546,0.3567856359684088,0.8645971196775021
0.08981513008517843,9.984037200902828e-08,0.33245969007445286,1.0646956936151264,0.3474294506682344,0.876904208360899
0.0899211471292739,2.387427230503571e-07,0.3337324895593805,1.1060449095166347,0.34898408498779293,0.8748659722688656
0.09064465807211612,2.5482329137953855e-07,0.34278168643288964,1.1044737558720432,0.3596624378589508,0.8608127364582938
0.09071177432123874,1.7199851119619147e-07,0.34365267413807254,1.083479022360497,0.36065886270943864,0.8594967849561241
0.09037361428384316,1.4717934671839912e-06,0.33931826413802135,1.225817790433252,0.3556411153438508,0.8661429944425304
0.08981513008517843,1.0183551904518774e-06,0.33245969007445286,1.1999472986269322,0.3474231516314026,0.8769368830414767
0.09022241257923957,3.148218492259005e-06,0.33742417486945275,1.2965470531284642,0.35339724752387547,0.8691408248509965
0.09007557740018216,3.2344522611849213e-06,0.33561110893291424,1.3001535669161843,0.3512335351483011,0.8719890081994939
0.09037166753131426,8.228059223597826e-06,0.339293703572758,1.404344195632499,0.355564727879465,0.8664225527444647
0.09017560902034324,6.601917448895585e-06,0.33684343503088154,1.378287732703352,0.3526831562631658,0.8701718621501351
0.09037361428384316,1.7925202833245875e-05,0.33931826413802135,1.5129964417965904,0.35552527716899673,0.8667315113062316
0.09037361428384316,1.7867671744008786e-05,0.33931826413802135,1.5125044444201172,0.35552568139450075,0.8667294538096281
0.09037361428384316,5.360152789802995e-05,0.33931826413802135,1.7050356128113067,0.3552757110368071,0.8680069910745095
0.09115895838688513,3.082090116159794e-12,0.3495892243209904,0.8911524455896188,0.3673166784395008,0.8507047833836422
0.0908967306448941,5.250027966376615e-13,0.3460800805802865,0.8888001203770801,0.36340878332896687,0.8558646035842558
0.09089872759125091,6.99685757570555e-12,0.346106505373329,0.8965759645753755,0.3634384953666403,0.8558253932145047
0.09161031957148863,1.7238801576865304e-09,0.35581148076655833,0.9383298261378276,0.37407209395460334,0.8417739622443304
0.09161031957148863,1.0488811351973706e-10,0.35581148076655833,0.905744598814065,0.3740721058896497,0.8417739036988897
0.09121334162807984,4.506498881030893e-08,0.3503268046957626,1.0226289693001998,0.3681283715518795,0.8496336109658239
0.09131891471382225,2.4732691452971506e-08,0.35176819830704187,1.0016740420084551,0.36970639490718415,0.8475476886524407
0.09114468786560959,6.192186924632007e-07,0.34939623418867327,1.1549964972365352,0.3670991855912964,0.8510084463195083
0.09110838563038842,2.1704543864117035e-07,0.348906337900488,1.092324497478168,0.3665604564084571,0.8517094039748765
0.09171282323189207,1.1363148643189275e-06,0.35725606661524767,1.1951987510283395,0.37560284423984125,0.8397784936062875
0.09107215925884232,4.393646696323003e-06,0.348418962269901,1.3260775670587115,0.36598989818377353,0.8525732978187227
0.09251466599872293,3.9725425614477765e-11,0.36894629232602594,0.8894811780510418,0.3877132209222177,0.8237081658530715
0.09259565737796946,9.0825067192399e-11,0.37016458951248254,0.8944662163982493,0.3889416210248896,0.8220800056438886
0.09194212918041568,1.0905719165140893e-10,0.36052915435103816,0.9027764097713032,0.3790609370599911,0.8351708764058942
0.0918372880021017,1.414496496637875e-09,0.3590255882421104,0.9330371198060647,0.3774825689632376,0.8372605820773591
0.09195935359495218,2.8123183724523503e-10,0.36077730919821527,0.9113224405704836,0.37932042491732626,0.834827284819398
0.09189327173530838,9.380620565731912e-08,0.3598269951495726,1.045650037719673,0.3783244700853263,0.8361484565392041
0.09192820423100306,2.1738215472115904e-08,0.3603287686722755,0.9922361372828578,0.3788510312502524,0.8354493807929443
0.09219594651457035,2.6775490720013025e-08,0.3642180224178567,0.99616757016379,0.382889649272885,0.8301006097284835
0.09233006823104241,7.828541792970612e-07,0.36619482953140725,1.1619285254952725,0.3849116431165697,0.8274415911664834
0.09241043352691336,7.752817106874642e-07,0.36738834270318554,1.1605335375287054,0.3861281093584139,0.8258294030689723
0.09228160020609232,3.044429784688764e-07,0.36547828518336,1.1011429758354567,0.38418214000373735,0.8283955539710134
0.09216255048805978,1.1844157752359093e-06,0.3637287465442812,1.1948947504139102,0.3823765848708612,0.8308108703261419
0.09228160020609232,3.8381985803257455e-06,0.36547828518336,1.30283650641687,0.38415566843392807,0.8285240084107601
0.09251100702032436,2.92102386418306e-06,0.36889141201240316,1.2728922484982388,0.38763576390938165,0.823888050188404
0.09180951694101239,6.090364712067732e-06,0.35862930522936554,1.3582208001850873,0.37701969537236824,0.838034123911343
0.09233006823104241,9.441440687557579e-06,0.36619482953140725,1.409421379977214,0.3848467477262359,0.8277564431517433
0.09316767525314607,2.2849205753125036e-11,0.3789576506404475,0.8788394334790601,0.3976484796694499,0.8105377454550001
0.09342494258503067,1.4511540636162016e-11,0.3830173952627185,0.8733960704755761,0.40158208431784315,0.8053236356637311
0.09274229841727129,9.77355398016981e-09,0.3723874571191882,0.9622037016109762,0.39116844042869736,0.8191284824255793
0.09299259705715512,1.0755543157352227e-09,0.3762317174345301,0.9169284445941415,0.3949777939879239,0.8140782630320106
0.0932624008785208,4.723299180366764e-10,0.38044500890417443,0.9030467877122579,0.39909555340817743,0.8086194980804117
0.09296769987757401,9.206731219992942e-08,0.3758465285993684,1.034655939851278,0.39459772869332826,0.814584527558493
0.09292572516688817,1.3837131299689622e-07,0.3751985238579185,1.0536293464103097,0.3939580143625637,0.8154338262382553
0.09274229841727129,6.293608232568829e-08,0.3723874571191882,1.0211790933484566,0.3911680384180092,0.8191304216953077
0.09282875877245818,3.2040548977831765e-07,0.3737082786543926,1.0990974711291441,0.39248075077333394,0.8173970377345471
0.09285319109825926,5.862282978750142e-07,0.3740828844274119,1.1369973640478799,0.39285046354811426,0.8169139527496335
0.09307009740015575,4.3311011791639435e-07,0.37743466391301306,1.1151475248154679,0.39615608885965475,0.8125276385586445
0.09317534625000728,1.1198502880879137e-06,0.37907777385074637,1.1816177084426762,0.3977570817684214,0.8104234523485154
0.09317534625000728,1.0795826498089851e-06,0.37907777385074637,1.178719670806879,0.3977573884279947,0.8104219787338351
0.09290325086797997,5.656562884955476e-06,0.3748522870656966,1.3412623501692151,0.3935739763251073,0.8160890256033921
0.09345640070225829,8.573587933802472e-06,0.3835181744161946,1.3880903018500401,0.4019982965857526,0.8049995554468873
0.09399889225832811,7.741100127023942e-11,0.39229990270241044,0.8767982390520997,0.41039723843271625,0.7936457536144605
0.09417699124926407,7.787064670709019e-10,0.3952416565028347,0.8984168550367864,0.4131437454631479,0.7900105141648442
0.09401023198752916,6.87272553304561e-09,0.3924863567173268,0.9395671444832187,0.41057190137716115,0.7934146964433932
0.09418540029232349,2.372506504117661e-07,0.39538125417898085,1.0682089125319965,0.41327173003483475,0.7898474671770069
0.09370502578012778,2.223072348483172e-07,0.38750892827881145,1.0698105105327846,0.4058752847657724,0.7996405389326486
0.09399470327735009,5.658245498563215e-08,0.39223105461029384,1.0037142638222214,0.4103322676405907,0.7937332753231426
0.09393829572291716,3.9720735355590336e-07,0.3913055163799867,1.101042041408748,0.40946091305873056,0.7948960520427008
0.09386684099172585,1.075664625797737e-06,0.39013724221280777,1.1718378728078476,0.4083559841408404,0.79637730516658
0.09379553547228194,1.520386570723111e-06,0.38897607079724283,1.2010633446932915,0.4072560020900331,0.7978460183998815
0.09423994365734355,3.138676661599641e-06,0.3962882460030458,1.2649188010969963,0.4140915993134703,0.7888401039348159
0.09406584730702514,7.698813421379759e-06,0.3934024943627965,1.369085022026053,0.4113698528891965,0.792563296421153
0.09355440800006692,1.1250996089188646e-05,0.3850843686459571,1.4237635456343405,0.4034796484029425,0.8031076316193946
0.09431244923157708,7.11631942300542e-11,0.3974979955927518,0.8721604253123355,0.41523623652894676,0.7872422626661375
0.09487268947077857,5.421253978009762e-11,0.40699849120115994,0.862722338253797,0.4239234186331929,0.7757658262157707
0.09459910709662436,1.5875320310510218e-10,0.40232569273539076,0.8750914922658,0.41967455532489906,0.7813753110596434
0.0949617498983194,3.033227540516924e-08,0.40853309692687256,0.9695926624442953,0.4253090939980581,0.7739389368114031
0.09494128730876314,2.8822570980145087e-09,0.40817992741254105,0.9096404994917671,0.42499075887214754,0.7743580036096641
0.09488472047488607,1.352228891752728e-07,0.4072054161994355,1.0311750393875583,0.42410950956566595,0.7755239462978857
0.09444739099897069,9.954755549609732e-08,0.3997617406296472,1.0220808670427288,0.41732304192926106,0.7844855553893967
0.09491608675361221,1.1139618650846975e-07,0.40774545661057826,1.0216419113903956,0.4245977089701484,0.7748793143628114
0.09453016682242361,7.069965597124599e-07,0.40115817558520805,1.133351842902199,0.4186004152163345,0.7828134646450038
0.09467971196379088,9.979279240881752e-07,0.4036958840497069,1.1575786846804592,0.42091732809503224,0.7797605023628056
0.09434754170351387,2.868778439153055e-06,0.39808516886843237,1.2547570156865844,0.41575666230915953,0.7866305584130368
0.09477326792158056,3.6352979326614873e-06,0.40529310737013813,1.2750652806129814,0.4223496829116281,0.7779400371969397
0.09475152171481584,1.6986583025647688e-05,0.4049211921024708,1.4738703271550682,0.4219084262215791,0.7788802976162945
0.09527789450386273,3.805813768277536e-10,0.41403264765018233,0.8748823584538955,0.43024005981697555,0.7674419773320735
0.09527789450386273,8.634477818423297e-13,0.41403264765018233,0.8387270198801524,0.4302400627738207,0.7674419632162243
0.09546894551923789,1.3595503378152335e-10,0.4173946048441305,0.861708225606171,0.4332282287238094,0.7635118559394436
0.09545909898406382,4.85880540513414e-08,0.41722063833571343,0.9800661572423527,0.43307368758328213,0.7637162879577459
0.0957199009788144,2.117852005470402e-08,0.421853499367594,0.9480404084580631,0.43716298477153814,0.7583458667203299
0.09540970749228707,2.2561964456540173e-08,0.41634913427152187,0.9541773383319745,0.4323008448899851,0.7647316091605411
0.09563737525756098,3.5342717300603836e-07,0.4203819237594296,1.0745211925838698,0.4358651714241134,0.7600578204976022
0.09565132541262947,3.3681330969595583e-07,0.42063031792010386,1.0714111981314436,0.43608415960383595,0.7597699395502496
0.095622838047892,1.229001356300839e-07,0.42012323353909886,1.0174620743569431,0.4356389384993105,0.760348563394269
0.0956043194449592,8.83307564803894e-07,0.419793926688259,1.1377935217052482,0.4353425763182279,0.760758199791488
0.09538081090301957,1.0482306280417713e-06,0.41584013925741237,1.1537168057467575,0.4318407807860584,0.765364257273257
0.09506391177809878,8.531704065186315e-07,0.4103014540825024,1.1413380680479372,0.4268941655971855,0.771871469479786
0.09567853641398462,3.305337484515619e-06,0.42111525601800315,1.2555905542854202,0.43648799669913857,0.7593202716700793
0.09521617441565047,2.164224788928065e-06,0.4129526863851696,1.2184284689318632,0.42925924176818403,0.7687913293185354
0.0957525213659746,7.698813421379759e-06,0.4224365890143642,1.3530158772861938,0.43761536486675096,0.757960418196563
0.09542261383429261,5.656562884955476e-06,0.41657668147044913,1.31831319137008,0.432458908280477,0.7646757426670084
0.095128108549688,1.894656504332633e-05,0.41141699149851296,1.4875765395760925,0.42775454644535676,0.7712243955916532
0.0952013560355071,3.701534000539896e-05,0.4126938492096711,1.6019331453632355,0.42875725142924387,0.770390658731187
0.09624452696383005,5.311364000611353e-10,0.43132581676657855,0.8648692529753708,0.4454258557277538,0.7475320537419697
0.09612164370055509,3.141550263793548e-10,0.4290892969021419,0.8604943121824401,0.443485963108486,0.7500658707432263
0.09637043386984286,7.377288767207657e-10,0.4336283579075779,0.8672956989235803,0.4474163924791623,0.7449354297439307
0.09624452696383005,8.769876823389585e-09,0.43132581676657855,0.9159576561349935,0.4454257912538832,0.7475323623611168
0.09589435741857325,1.4468225916702393e-08,0.4249811138540118,0.9343233990979909,0.4399051147102361,0.754751397363177
0.09616079246054735,2.869275841279452e-07,0.4298006577567459,1.055414945581431,0.444101439044593,0.7492694172560019
0.0963320101672822,3.1224611424469463e-07,0.43292451041548174,1.0582041279838414,0.4468061764176522,0.7457395767156
0.09629575008255586,9.979279240881752e-07,0.4322612352928862,1.1389876376581913,0.44622750961876634,0.7465130837980842
0.09637900295904939,1.379141006544995e-06,0.4337854660769984,1.1646071426136717,0.4475411828571862,0.7448103831526742
0.09638476537228181,2.9980574816532233e-06,0.43389114429832465,1.2375333621500797,0.4476196916328258,0.7447522478223972
0.09597866420848374,1.5485944140345807e-06,0.426500585529927,1.179419829713667,0.44122021801412203,0.7530712242557042
0.09627492265980056,6.722414886179098e-06,0.43188067091123405,1.3303671558681225,0.44585353779704784,0.7471570872306024
0.096096268094584,1.0784537174742671e-05,0.42862878759313894,1.3945456189815388,0.44300142261766484,0.7509925279976114
0.096096268094584,9.848620833717876e-06,0.42862878759313894,1.3820395502793106,0.4430087347622603,0.7509575118468285
0.09680291663201562,8.036827397081811e-10,0.441619618047953,0.8618100731527123,0.4542766153433541,0.7360145082751708
0.09715029357069889,1.1039782988518053e-09,0.44812666568597104,0.860964610052519,0.4598131208168353,0.7288501608585611
0.09668703907362645,4.0256326818671094e-09,0.4394662446885693,0.8914773104421948,0.4524349803485228,0.7384049231888833
0.09652581128931499,4.426999123725633e-08,0.43648490469219503,0.9620286532756427,0.44987661069518725,0.7417322100191399
0.09673537943015055,9.805230444444035e-09,0.4403634924709984,0.9115781837654383,0.4532028792620719,0.7374079788007605
0.09716167207829537,4.1600169829932226e-07,0.44834108786397375,1.0649554828092067,0.4599916217219266,0.7286312050645168
0.09649275352532974,3.1224611424469463e-07,0.4358757743000201,1.0560898737667208,0.4493506264939297,0.7424241551105351
0.0970297405796937,1.063612166366348e-07,0.44585983854370426,0.9915334656897303,0.457888214825793,0.7313401070680343
0.09709570353607151,1.075664625797737e-06,0.44709905741233746,1.1348639727651844,0.4589330508438012,0.7300163683313402
0.09716167207829537,1.1943669376414182e-06,0.44834108786397375,1.1426098657191515,0.45998551521192654,0.7286605854867405
0.09682114809712447,1.0478908087449732e-06,0.44195921443699393,1.1362952660345595,0.4545583911866593,0.7356778532708123
0.09716167207829537,3.875189675060359e-06,0.44834108786397375,1.2556664632156367,0.45996448647904364,0.7287617762535428
0.0968021698440771,3.6187806281783394e-06,0.4416057122736413,1.2524960695317389,0.45423637996621513,0.736166063103945
0.09671921068379706,7.511105052828207e-06,0.44006321244363944,1.3395254159669885,0.45288719601405175,0.7380235955839499
0.09716167207829537,5.504653023759738e-06,0.44834108786397375,1.2959533314269864,0.45995170712382716,0.7288232819233627
0.09760649193701948,4.907477525924802e-09,0.45678458105018527,0.8812923105801286,0.46712087059372753,0.7194486482883921
0.09782960674008884,6.522359144490344e-10,0.4610629721426872,0.842151360376725,0.47071069985068265,0.7148553099102024
0.09785146904534181,4.660587737369655e-10,0.46148369441245374,0.8373979675135568,0.4710630235891159,0.7144054565081457
0.09760596425981057,4.5442357891991784e-08,0.45677449588166463,0.9469930529448881,0.46711207475990696,0.7194610518716339
0.09758232623251946,4.4442163506007275e-07,0.4563228809287718,1.0634092684874488,0.4667292368720055,0.719963017351131
0.09733850105166772,1.1763152998460919e-07,0.4516834993141239,0.9918050077695492,0.4628219185611293,0.7249745392869754
0.09733850105166772,1.1121392724965872e-07,0.4516834993141239,0.989134988629544,0.4628219689273316,0.7249742966770422
0.0973255632420944,1.075664625797737e-06,0.4514383081190293,1.131841138910679,0.4626072759550731,0.7252774229816885
0.0971923257977052,8.032843398020679e-07,0.44891913787714144,1.110684664614592,0.46047836345385706,0.7280137975682822
0.09735585200092525,1.1198502880879137e-06,0.45201248359790513,1.1347299099033838,0.46309188186785366,0.7246548128745225
0.09781902949122113,2.706812430999683e-06,0.46085951631181565,1.2094619337873223,0.47051903035979364,0.7151757015272167
0.0973255632420944,3.896117158597867e-06,0.4514383081190293,1.2542689073522157,0.46258514540945617,0.7253840342812399
0.09763599127992441,2.8831028103825347e-06,0.45734863741606135,1.2182762451108549,0.4675723007925148,0.7189502234451767
0.09773533116321417,4.5719338920969725e-06,0.45925175224551884,1.2672351373048907,0.469156682397674,0.7169690468012782
0.09781902949122113,2.5859782632902747e-05,0.46085951631181565,1.5124334059875395,0.4703374208147746,0.716054643938208
0.09821494374882847,5.984320421401925e-12,0.4685162515879139,0.7976160881901868,0.47693582600498907,0.7069335041387554
0.09821494374882847,4.631653180180294e-12,0.4685162515879139,0.7965560571804597,0.4769358260187765,0.7069335040904388
0.09800674146801429,1.0517702534603723e-08,0.46447929611305083,0.8934226500151847,0.4735682057258761,0.711212203326849
0.09795576385736209,1.0032392253454038e-08,0.4634943666264191,0.8929969392390287,0.4727451293839954,0.712260428365279
0.09790743189439763,9.16932969643201e-10,0.462561850017985,0.845658375713523,0.4719653581800429,0.7132541631732615
0.098516790472096,1.2064000301250852e-07,0.4744084054042319,0.9749963033841708,0.4818342983843345,0.7007451285256141
0.09837988424465798,1.6156384236198068e-08,0.4717302923248483,0.8994379497046705,0.4796103637985294,0.7035485092374107
0.09822831181894451,5.966904067204793e-08,0.46877622586768464,0.9480108370773878,0.47715190554292697,0.7066612524032155
0.09800530473799596,1.5784906480746276e-07,0.4644515181844766,0.9964882275945458,0.47354384356346424,0.7112473454622626
0.09795576385736209,3.9720735355590336e-07,0.4634943666264191,1.0507076663792687,0.4727420887603193,0.7122751448845109
0.09800530473799596,6.287867533939498e-07,0.4644515181844766,1.0813369289723034,0.4735401450648699,0.7112652537760525
0.09845705798048478,1.0062058124875326e-06,0.4732388019276609,1.110767671657502,0.48085614894483286,0.7020034751711984
0.09844721902947577,9.979279240881752e-07,0.47304631653436124,1.1102416155737678,0.48069632054741507,0.7022049066420942
0.09836820168600473,3.5801078633590413e-06,0.4715021926128038,1.2317187468577224,0.47939272812094647,0.7039241658857408
0.09887536126611368,2.7519302479629524e-11,0.4814652755085651,0.7934865768478682,0.48768278502153284,0.6934015255364624
0.09891162738444169,1.1450707218932382e-11,0.48218232736533506,0.7878425536745268,0.48827591173488927,0.6926604814961508
0.09887536126611368,1.9225775037107795e-10,0.4814652755085651,0.8092209056444616,0.48768278372591944,0.6934015318502702
0.0988369486656363,1.602886596161452e-09,0.4807064329517423,0.8383181411445604,0.48705488596987145,0.69418674973206
0.09853316866887174,2.0517744641217234e-09,0.47472940618346515,0.8480758410709158,0.4821016675275528,0.7004049314697123
0.09870661709996853,1.149584049169422e-07,0.4781367780970719,0.9696065760036628,0.4849262410065289,0.6968570252230353
0.0989014823614318,3.210276010846945e-08,0.4819816807614058,0.9131403633106036,0.48810970747659654,0.6928689859372194
0.09886352023453279,3.4514902860530537e-07,0.4812312839533991,1.028032723059704,0.48748648488196344,0.6936567596629749
0.09913436752954108,1.9934339191169136e-06,0.48659912217289125,1.1612347870619717,0.4919101648900158,0.6881912356670044
0.0987318964584945,7.134023862753866e-07,0.4786345772924059,1.079969850454439,0.4853339287604621,0.696362619452921
0.09876965420925637,9.184921774235707e-07,0.4793786546307044,1.0988912700440037,0.4859485508501151,0.695598009320296
0.09893550497968205,3.587139611592162e-06,0.48265475684062475,1.2242865124093822,0.488638429964914,0.6923103006258664
0.09912915145127858,1.5253343258007496e-05,0.4864954437514757,1.410971135754718,0.49172047785274786,0.6888071133901688
0.09951885715211148,1.4419164140305069e-10,0.4942726679805737,0.7942705994060005,0.49825540975538596,0.68029239352345
0.09942731129401094,1.66017693418531e-10,0.4924401690804193,0.7973974392617866,0.49674492689246336,0.6821517794592592
0.0997802708137269,1.5875320310510218e-10,0.49952326202475383,0.7901476243305025,0.5025807749769738,0.6749943952346872
0.09947552542865484,3.372278462362288e-09,0.49340487157629365,0.8407607746105268,0.49754015167228544,0.6811723763322229
0.09944724562295004,7.012054373651762e-10,0.4928389170789478,0.8141739808396654,0.49707364918831143,0.6817467437600612
0.09932347065325871,4.642501731079161e-08,0.4903656243197748,0.9197096521926328,0.49503383198063067,0.6842650494575361
0.0994763742388119,5.8752955329791086e-08,0.4934218634356182,0.9265764973098163,0.4975537226123179,0.6811572720940433
0.09972076272749394,1.2441995819730924e-07,0.4983257567804703,0.9566078225234242,0.5015935788527085,0.6762036650161544
0.09918648997518098,3.0016580155838e-07,0.48763578170164956,1.014247996794089,0.492779327340263,0.6870638536583096
0.09932347065325871,1.2235066130365048e-06,0.4903656243197748,1.1142617389673242,0.4950245895020279,0.6843103673583
0.09979061768479978,1.1096197204865288e-06,0.4997316092700351,1.098827659246746,0.5027436407139979,0.674827980055212
0.0995200274606774,2.6267174529925244e-06,0.49429611575852694,1.1829758702730315,0.49825411308049306,0.6803699549810022
0.09932190057615728,1.4510575193726923e-05,0.4903342907256172,1.4009051236891068,0.4948944609302236,0.6848538513703128
0.10024071856007445,2.498838581974243e-10,0.5088313781132119,0.7858181537613387,0.510244539747246,0.6657090526699767
0.10033174918605132,1.3579172763990678e-08,0.5106799872270926,0.8594535459242711,0.5117666307332247,0.6638816068316972
0.09990537793209894,6.116818286709539e-09,0.5020450504938198,0.8461258821304103,0.5046572340903426,0.6724655782756593
0.10019715512229697,3.717494681470192e-08,0.507947652901704,0.8956207020212293,0.5095166316238016,0.6665862242371914
0.09999526146405746,7.98905392663479e-08,0.5038602719990013,0.9307996359621779,0.5061511676150119,0.6706541832654788
0.1001956744226112,1.0542868998855603e-07,0.5079176263728111,0.9401936365391173,0.5094913740948193,0.666618651469115
0.10016764592665652,7.448772565472885e-08,0.5073493830325003,0.9245983035366494,0.5090237683416585,0.6671812264038283
0.10039152064293146,3.5076970643264686e-07,0.511895218892862,1.004071593565104,0.512764774298607,0.6626959666052445
0.10036249217134907,3.763668749700514e-07,0.5113048933611875,1.009140353483289,0.5122784024612197,0.6632789963854235
0.10009020534425789,1.3863554482688503e-06,0.5057807226773897,1.113370663659513,0.5077219977227014,0.6687910672154685
0.09988753304991196,1.8160142888496317e-06,0.5016850069756472,1.1412025224652205,0.5043465815285897,0.6728961164729972
0.0998631706866804,4.3641924688474834e-06,0.5011936481133322,1.2333753212471166,0.503922005411492,0.6734869949018102
0.10013054356407458,9.75764730405902e-06,0.5065975767646274,1.3322613695066021,0.5083288266847755,0.6683037033643558
0.10013054356407458,9.731118762503587e-06,0.5065975767646274,1.3318802405583503,0.5083290347742118,0.6683026737942928
0.10020229775729446,1.586040032665308e-05,0.5080519439458016,1.403345270392789,0.5094783719304576,0.667097358785969
0.10075975620039006,1.2904698372004628e-11,0.5194054623042094,0.7518007918776234,0.5189564413371834,0.655324774895297
0.10074173972067743,7.243219928876567e-11,0.5190371108869474,0.7637486267557807,0.5186526878281017,0.6556835965256647
0.1009229214743691,1.3861697858842968e-08,0.5227453934832882,0.8487041905097933,0.5217118191300198,0.6520814344370026
0.10076026582733628,1.5510728434372096e-08,0.5194158830482054,0.8552700932273161,0.5189649133573134,0.655315232263821
0.1006184489742376,4.325753636366917e-09,0.5165188276163157,0.8243456503881471,0.5165766580844198,0.6581425216709308
0.1006153999199158,1.293189767618302e-07,0.5164566034890997,0.9428287326636908,0.5165243949586411,0.6582082748822878
0.10070530639059617,7.710569712619735e-07,0.5182924959956787,1.0546251726997287,0.5180326855145931,0.656439685157656
0.10052503542854338,2.857161466542505e-07,0.5146136975643902,0.9888643151894233,0.5150045825273939,0.6600201282214366
0.10078503701577066,8.710334900112951e-07,0.51992248447859,1.0629246307523141,0.5193760028949119,0.6548555203783678
0.10059657138459559,1.9839775120004813e-06,0.5160724160054486,1.1386894265167895,0.5161932258153462,0.6586566077619954
0.10052503542854338,1.436989519995017e-06,0.5146136975643902,1.1096954025379184,0.5149955491793867,0.6600649903486399
0.10092649344091437,1.5376450258314228e-06,0.5228185886670118,1.1093663002556622,0.5217602784230159,0.6520701638524478
0.10065563584992732,2.9239549002045544e-06,0.5172779393454461,1.1771615289693076,0.5171794264019469,0.657514239887594
0.10059657138459559,4.1522989929807496e-06,0.5160724160054486,1.2168818503937637,0.5161762144998732,0.6587411634831086
0.1009229214743691,1.1745078224750088e-05,0.5227453934832882,1.3479048607439679,0.5216197965338247,0.6525404525302338
0.10106472553997572,1.2938830257153136e-05,0.5256536668146392,1.3603304028403167,0.5240119495632158,0.6497773983955372
0.10124099571492903,1.7234156882388367e-13,0.5292756441204968,0.7272811928468542,0.5271076407451358,0.6457885798034888
0.1016895552950449,2.0183832195096322e-11,0.5385234070575526,0.7344975087866438,0.5347735118411245,0.6369919981957759
0.10167249989709257,7.377288767207657e-10,0.5381710434648141,0.7702529445535788,0.5344807758246366,0.6373247270330313
0.10148363897681051,7.377014601170661e-09,0.5342729493802351,0.8199372662289662,0.5312459084503949,0.6410186596343346
0.10120846364848773,8.861288825016495e-09,0.5286066301238028,0.8303357110416278,0.5265542104764994,0.646430507647866
0.10145071085514513,5.781030123578868e-08,0.5335940456822845,0.8897001772058547,0.5306827634075223,0.6416663949378951
0.10151054857543242,2.2117209061146485e-07,0.534827930470851,0.95584575231698,0.5317043939853139,0.6404997360026183
0.10114362953781825,2.2117209061146485e-07,0.5272740661162987,0.9625585531128882,0.5254507630421663,0.6477188369051423
0.10133659618137848,8.313049254832923e-07,0.5312430310853138,1.0498455646941118,0.5287292634569298,0.6439385936574976
0.10144747636216336,3.798978645861135e-07,0.5335273698798425,0.9907741331956045,0.5306249769690277,0.6417425261879118
0.10152888916754142,2.2945812609354147e-06,0.5352062695958538,1.1381447881105855,0.5320018911815488,0.6402221664953186
0.10129621760541042,2.8831028103825347e-06,0.5304118204485085,1.1656311658439953,0.5280251187181031,0.6448138507158641
0.10132127421687158,7.070625940442515e-06,0.5309275792915001,1.2715638165016097,0.5284191595455171,0.6444852003821826
0.10190841647871901,4.832459569768337e-09,0.543049723071972,0.8007200424078055,0.5385389668850267,0.6327360240711049
0.10201722648533493,5.003085421821209e-09,0.5453030720729763,0.7992606728619976,0.5404173950301406,0.6306293921548946
0.10173841918056417,1.9717453113215306e-09,0.5395332311806038,0.7853469380143854,0.53561273334576,0.6360396942388434
0.10206898640026578,2.0519871302158797e-08,0.5463756260919643,0.8382206669267017,0.5413123327762199,0.6296301558587788
0.10209647530153826,9.37741344132039e-09,0.5469454090155221,0.8137546201631773,0.54178817152568,0.6290993104035715
0.10178646682665646,5.183976074224254e-08,0.5405266107499251,0.8785669306104834,0.5364383753683772,0.635106373250102
0.1022059631634419,1.5778206196680593e-07,0.5492159437932378,0.9236114681750097,0.5436846822206804,0.626996810568951
0.1019033544697837,1.4039541221442133e-07,0.5429449408237723,0.9231605023579387,0.5384506184861031,0.6328395419388537
0.1022059631634419,8.202180832264706e-07,0.5492159437932378,1.0334955434780704,0.543679474771412,0.62702308348368
0.10233578680680888,1.379141006544995e-06,0.5519103459566159,1.0756180841568264,0.5459310221247744,0.624554245706531
0.10202906812133179,2.6978483462088953e-06,0.5455484145614734,1.146672728644851,0.5406009237723156,0.6305071178601701
0.10209288651197497,1.8160142888496317e-06,0.5468710150719513,1.10558876657824,0.5417118475859805,0.6292401005324028
0.1022480477362874,2.8134918861066286e-06,0.5500891339252933,1.1474981802503215,0.5443944125009532,0.6262935893521022
0.10201464677079489,3.7228890996620794e-06,0.545249626820685,1.1822670600613567,0.5403436022017599,0.6308264199474161
0.10186894514561033,7.070625940442515e-06,0.5422327907764986,1.2632772612002912,0.5378031227113382,0.6337810172433208
0.10276428831387241,2.511326662010881e-13,0.5608177163171131,0.693845794295878,0.5534339709584083,0.6163497407333288
0.10251728473487935,1.7048519046049122e-11,0.55568075773648,0.715052355489425,0.5491065114104758,0.6210336263225812
0.10254097940630393,1.5205212627244261e-09,0.556173267644599,0.7633312727057175,0.5495205847675239,0.620582699804494
0.10283062182085367,9.560441396253081e-09,0.5621982329437492,0.7987568685207282,0.5546001892328942,0.6150989550547423
0.10293216628212852,2.7901126835799305e-08,0.5643122418484181,0.8310516836345837,0.5563888852268633,0.6131900544581976
0.102814735194346,3.061471309375926e-08,0.5618675705010306,0.8369385354234298,0.5543205385273084,0.615399180865403
0.10254316615108734,3.1196887842107125e-08,0.5562187237102644,0.8432832630883038,0.5495585774794949,0.6205422776892433
0.10293216628212852,5.132487045445021e-07,0.5643122418484181,0.9842648608150031,0.5563850564427114,0.6132094507156574
0.10262775787128403,3.5544071560154576e-07,0.5579775272882443,0.9645051741993471,0.5510362029588228,0.6189481145884796
0.10244405370633049,1.1535946154076382e-07,0.5541589982740731,0.9024626198265582,0.5478272047303793,0.6224342186416009
0.1028730044153039,1.562567160191349e-06,0.563080479821907,1.077677063940894,0.5553340574024503,0.6143630969875914
0.10250498862589753,7.416277801533713e-07,0.5554251990929909,1.0200700549518238,0.5488858755667381,0.6212973036525534
0.10240102228584726,1.6085608819572809e-06,0.5532650851250199,1.0887128509332553,0.547065220837387,0.6233153913637459
0.10235578259963113,1.5789351770434376e-06,0.5523255404552497,1.0877531102899878,0.5462774828856665,0.6241793882367059
0.10247375431858843,5.74018036379884e-06,0.5547761108683975,1.2268730754661887,0.5483011807574325,0.622091354346491
0.10265712992874877,5.76882527693392e-06,0.5585883924642954,1.2245576281235941,0.5515081782763662,0.6186068799225121
0.10288068529885583,1.909398518764556e-05,0.563240382295644,1.3960260995313813,0.5553311282854821,0.6149188408435668
0.1033253900142454,2.004088490298789e-12,0.5725048371161969,0.6864191367301296,0.5633566886304353,0.605861549336519
0.10327082046038966,1.01127419670219e-09,0.5713674393377319,0.7400605105646214,0.5623858445158245,0.6068718236646479
0.10343137479723649,1.9692253917360744e-09,0.5747141950525083,0.7483397730459175,0.5652459029912194,0.6039058751756973
0.10356753738362132,8.273395755491315e-09,0.5775530918620284,0.7786356224760518,0.5676802245774779,0.6014060012588515
0.10352018042874311,1.1403500387240876e-07,0.5765656860902497,0.8801361676496094,0.5668317922532644,0.6022781740762015
0.10301512989370426,1.551043924908208e-08,0.5660399867463717,0.8092801947477656,0.5578536363080193,0.6116345474038042
0.1034625282081958,1.8449393738099387e-08,0.5753636840786662,0.8052746270385912,0.5658020270426372,0.6033332668259612
0.10328088631921954,5.132487045445021e-07,0.57157723376248,0.9776146284673748,0.5625607764824815,0.6067058561790475
0.10338985720009547,1.7435281397830517e-07,0.5738486757894798,0.905758986368401,0.5645038860291902,0.6046779246496392
0.10345516771103476,4.5640386671841426e-07,0.5752102294527233,0.9657853488908769,0.5656670950348772,0.6034862403879481
0.1032753139937665,1.0071029497164989e-06,0.5714610938336933,1.0309922428559535,0.5624577824743575,0.606828901793134
0.10350476860552088,1.6403702827038388e-06,0.5762443547142657,1.0709295711120563,0.5665440679103941,0.6026223564347922
0.10303628793811702,1.5758052204442123e-06,0.566480684234306,1.0755592677463488,0.5582153022348229,0.6113011564004844
0.10320880191857382,3.7814985417345625e-06,0.570074936514301,1.1642283006153336,0.5612541497150834,0.6081741120997634
0.10310986825515675,2.1853020244796424e-06,0.5680134928753418,1.1063392358197128,0.5595125182978357,0.6099515387146903
0.10300768534892163,1.6613608703622767e-06,0.5658849324526465,1.0810920880501862,0.557709102749743,0.6118397147492619
0.10356514487562471,5.093209279115223e-06,0.5775032064444579,1.1939299770005416,0.5675970526416756,0.6016543255736969
0.10397423118422568,2.8685587245511197e-12,0.5860333051432163,0.6722536986706943,0.5750008426729931,0.594025734557082
0.10374060999659408,1.732581636408007e-10,0.5811619449738362,0.7055828830678632,0.57078644719306,0.5982487102781634
0.10398119414639875,2.0519871302158797e-08,0.5861784829266032,0.7975253722818507,0.5751266731597566,0.5939013961055432
0.10370017229606393,1.937791353071185e-08,0.5803187316888361,0.8017443057236012,0.5700593491156534,0.5989849647945419
0.10393757315567606,2.046813022128324e-09,0.5852689703815745,0.737548294261232,0.5743378747292363,0.5946854593096071
0.10393757315567606,1.760816844502961e-07,0.5852689703815745,0.8951430027989269,0.5743364883550075,0.5946924845787133
0.10393757315567606,1.751508141640541e-07,0.5852689703815745,0.8948392250787339,0.5743364957694683,0.5946924470015343
0.10370017229606393,2.0770270404109087e-07,0.5803187316888361,0.909640087091793,0.5700578533033558,0.59899254948662
0.10399306526352319,2.5457069036492577e-07,0.5864259935141299,0.9160950211650274,0.5753396658175125,0.5936975470289385
0.10392831322382232,5.875519109697923e-07,0.5850758934510123,0.9751428205216311,0.5741658460156575,0.5948758983816413
0.10383251055234968,1.0706131026204528e-06,0.5830782672769408,1.0258488853291399,0.5724327801653857,0.5966253073492183
0.10393757315567606,1.5132627254865228e-06,0.5852689703815745,1.0553054991850337,0.5743258363490564,0.5947464622857331
0.10392581501010394,3.713945489973145e-06,0.5850238034838617,1.1497690086667,0.5740957992770708,0.595047099423469
0.10383285894131329,2.5848303531050335e-06,0.583085531859874,1.1110378455416237,0.5724270150136481,0.5966800650663517
0.10404101577602137,2.044797108597219e-06,0.5874257212556317,1.082883752608023,0.5761939214713805,0.5929095231142011
0.10390978452083692,7.698813421379759e-06,0.5846895514106913,1.2421605749142302,0.573774450548945,0.595496856567115
0.10370017229606393,2.371600673601899e-05,0.5803187316888361,1.4212094265886703,0.5698711626564487,0.5999392583212823
0.10473558820915846,6.607168160458964e-10,0.6018957084600293,0.6991603631700866,0.5889146581340804,0.5805938623201071
0.10441195225639778,4.848986817421691e-10,0.5951567606184561,0.7023750964073753,0.5829658797413453,0.5862390565068857
0.10471225090908483,2.3519883369286206e-10,0.6014100266636047,0.6858652929751996,0.5884839579508654,0.5809975910594201
0.10477146099175792,2.9000738626567336e-08,0.6026421810073342,0.7924414400001591,0.5895770151849398,0.5799754288555568
0.10427388539700673,1.6344497770992576e-08,0.5922798611030742,0.7833670016260891,0.5804435329691554,0.5886775097546046
0.10440146568849724,8.517774763565576e-09,0.5949382873008638,0.7606780227663571,0.5827739217213582,0.5864239338806927
0.10429011908809481,3.3655795028790906e-08,0.5926181716437744,0.8088642748886352,0.5807394760859546,0.588390685666274
0.10456245052033407,4.015654968342239e-08,0.5982914470545573,0.8099017799171258,0.5857254468474217,0.5836032507945155
0.10429011908809481,3.0777951084766795e-07,0.5926181716437744,0.9222138614047826,0.5807372809702525,0.5884017876182956
0.1042378156208415,5.601454129648405e-07,0.5915281239257291,0.9654426187571521,0.5797817677984196,0.5893392187957616
0.1045511590643597,2.5482329137953855e-07,0.5980563117691859,0.9046982598486504,0.5855162676409378,0.5838091106577376
0.10451456029418989,8.706525438932406e-07,0.5972941127135912,0.9950884628471849,0.5848393389047084,0.584473924286021
0.10464364109127326,2.164224788928065e-06,0.5999819041846257,1.0775953847729551,0.5872018599229071,0.5822755222837608
0.10475469473787936,3.1263591105098647e-06,0.6022933077728845,1.1152803392508055,0.5892422364311394,0.5803908058990256
0.10475469473787936,3.7632003376893854e-06,0.6022933077728845,1.1366177370154744,0.5892370924756183,0.5804167018004321
0.10431095689133821,3.896117158597867e-06,0.5930524139476696,1.1486045234476459,0.5810887766354778,0.5881784163322675
0.10463619757661048,9.454743950982833e-06,0.5998269442230032,1.259050936900602,0.5870060548513651,0.5827010455869711
0.10431095689133821,5.525580507297274e-06,0.5930524139476696,1.1914878314930573,0.581075724166451,0.588244419276644
0.10434547959743642,5.525580507297274e-06,0.5937717915023311,1.190893426580475,0.5817061166811475,0.5876344680225639
0.10527743500774366,4.154299307394688e-11,0.6131571354705003,0.6552857619147693,0.5989926613609855,0.571372337677991
0.1049730492496564,6.522359144490344e-10,0.6068348010236797,0.6932541560180747,0.5933127638564839,0.5765160394088481
0.10535851311646827,1.856643072245089e-08,0.614839262057292,0.7629683554763592,0.6005135729834856,0.5700193301215845
0.10534539798200498,2.963968829895507e-08,0.6145672221263792,0.7802873692055975,0.6002672023024913,0.5702382913558383
0.10507058944927238,2.0770270404109087e-07,0.6088619546350192,0.8811675627931627,0.5951259835773364,0.5748658036329468
0.10541144227944664,7.403022020385601e-07,0.6159369020188368,0.9638520776016903,0.6015024876454932,0.5691688592158571
0.10524964475495423,7.325298294276377e-07,0.6125803730417942,0.9662552557937231,0.5984661089132521,0.5718678588839702
0.10535209070656684,1.4504228694834216e-06,0.614706048503678,1.0243988502156791,0.6003812246685776,0.5701848044472612
0.10534392204107153,1.6613608703622767e-06,0.6145366060456092,1.0376873660879748,0.6002261222346504,0.5703295489640895
0.10499855825805171,7.257241072652057e-06,0.6073650474751342,1.215688977031483,0.5937279976660843,0.5763769826189231
0.10575460999085667,3.2121281249451154e-10,0.6230433857037361,0.664165784083622,0.6079946956769764,0.5635077274533478
0.10606895070961783,3.983602391779598e-09,0.6295355773236928,0.7016318277532826,0.6139914269909983,0.5584670048075612
0.10591991375036997,5.4006662810887555e-09,0.6264596966527555,0.7128116664742344,0.6111415364457227,0.5608427970371631
0.10604940603380145,2.2393542125614607e-08,0.62913244627503,0.7535439405475645,0.6136168536222895,0.5587778282331903
0.1056721797412869,3.090096409782482e-08,0.6213380676344245,0.7744212808971762,0.6064307130574825,0.5648495967671111
0.10554566831537536,4.182464421363391e-09,0.6187186741635098,0.7154010495269008,0.6040380393778024,0.5669208257293331
0.10576809904910593,2.484099673256149e-07,0.6233223397074042,0.8773992309340589,0.6082488756386404,0.5632992399791492
0.10584972885167981,1.1900305117112482e-07,0.6250097802883605,0.8324694557983668,0.6098026828120993,0.5619751911160344
0.1058610522507525,8.132750027584916e-07,0.6252437644092971,0.9625198260601596,0.6100125750153536,0.5618213172791574
0.10560212428928056,7.325298294276377e-07,0.6198878932690839,0.9591260738724954,0.6050988048621477,0.5660236566121265
0.10591765867754872,1.2614463499146215e-06,0.626413123949841,1.000154226065788,0.6110880277753955,0.5609304402190027
0.10574131677580047,1.3377286459873422e-06,0.6227684517465035,1.0091295546976757,0.6077311808767332,0.5637781815133498
0.10582292195925597,1.3377286459873422e-06,0.6244557590116289,1.0075182820591713,0.6092822409114254,0.5624573623969775
0.10569357425555313,3.1263591105098647e-06,0.6217807851214305,1.097975242272834,0.6068105922858574,0.5646276514170561
0.10597655044182532,3.1978228614746755e-06,0.6276290757122609,1.0952626397465577,0.6121964302672214,0.5600678421697951
0.10593998981069853,7.044444913605132e-06,0.6268742749683183,1.1951803667121095,0.611465950524994,0.5608098824229852
0.10620699939810728,3.9750053062025787e-10,0.6323808482982576,0.6557304768011506,0.6166419843559602,0.5562896961842511
0.1062805366107236,1.5496866450792213e-09,0.6338949196001762,0.6761227665619663,0.6180581234399958,0.5551393219279673
0.10612912599900708,1.937791353071185e-08,0.6307762939087957,0.7465014482168315,0.6151453845472303,0.5575158212378425
0.10650318439882278,4.3439158868254034e-08,0.6384719979772109,0.7691598941569336,0.6223634221440038,0.5516981681511816
0.10657499609273852,3.797309206422894e-07,0.6399459017428635,0.8886705175769564,0.6237550396194362,0.5506146371244014
0.10657499609273852,1.5515631173110437e-07,0.6399459017428635,0.8311562262550296,0.6237569634399114,0.5506054024361023
0.10623527405181656,6.171167538469247e-07,0.6329631329020968,0.9323143370271442,0.6171809294045396,0.5558719185214189
0.10621168980838684,1.3515235954057566e-06,0.6324774533627829,1.0007687157843288,0.6167208243413791,0.5562716025912736
0.10651509764577288,1.985919768783344e-06,0.6387165941195729,1.0329224133511645,0.6225779724066922,0.5515955344361031
0.10651509764577288,1.4707855776213775e-06,0.6387165941195729,1.002814707724315,0.6225823736285641,0.5515743565033612
0.10626187185906599,4.835923617966714e-06,0.6335107339746529,1.139824764836784,0.617657541142097,0.5556292398183837
0.10651509764577288,3.0443878147712558e-06,0.6387165941195729,1.0794442339113428,0.622568928913042,0.551639049170561
0.10666251868158406,9.124807070920355e-06,0.6417406372423796,1.2191137866631867,0.6253831995311865,0.5496456390605192
0.10640547478943552,1.0961292422377986e-05,0.636464672280014,1.2509732791011705,0.6203776969889876,0.5536502175853242
0.1064779668806464,7.070625940442515e-06,0.6379541396150605,1.186117597510799,0.6218144528136493,0.5523738965862304
0.10714345306358103,1.4637890611687207e-11,0.6515685325589007,0.6004068313450075,0.6348960855962171,0.5421446686156992
0.10688721420379568,3.234826356445166e-09,0.6463397055953033,0.6766718519808166,0.6298538685254778,0.5459039889018575
0.10688721420379568,8.83342641684817e-10,0.6463397055953033,0.6508489469863046,0.6298538889691231,0.54590389212266
0.10723507660941602,1.3902334715154468e-09,0.653433875884974,0.6502225760782918,0.6367075760697658,0.5408215762146319
0.1069674976121568,4.338500626521993e-08,0.6479798473972218,0.7582811573056086,0.6314294973814456,0.544718586846714
0.1069674976121568,1.4016110960068913e-08,0.6479798473972218,0.7154982012908802,0.6314297537604365,0.5447173779383536
0.10693133296478433,2.9960017360502224e-07,0.647241232733575,0.8645056212600924,0.6307169142288671,0.5452628184029357
0.10693133296478433,1.6875252086903959e-07,0.647241232733575,0.8281191356042319,0.6307180543910822,0.5452574327242466
0.10675458744243262,6.123931185538813e-07,0.6436266135506478,0.9208315756741119,0.6272527773559121,0.5479083034970775
0.10726651310491257,1.520386570723111e-06,0.6540733404146298,0.9909548080449991,0.6373166689669605,0.5404327244457109
0.10685026787151126,1.5132627254865228e-06,0.6455843557485814,0.9988780563072048,0.6291166736078021,0.5465152208581814
0.10676855869262654,4.232381883147917e-06,0.6439126253686305,1.1137827934296598,0.627494482220682,0.5478476783601315
0.10688721420379568,3.816085608967356e-06,0.6463397055953033,1.0989141884443598,0.6298207172431869,0.5460609076974956
0.10742356285574217,1.5403786396325896e-10,0.6572636982830637,0.6129871694544446,0.6404482013809385,0.5381349245928605
0.10774273611343198,7.300581833184947e-10,0.663724646354823,0.6259399171496888,0.6468246672796227,0.53369572609018
0.10753705740449834,2.5541579660174753e-09,0.6595647250768732,0.6551157255364454,0.6427095502772691,0.536540505669679
0.10763137758851037,1.689663377728797e-08,0.661474021363993,0.705781688704471,0.6445938300638656,0.5352293489525348
0.10754721097873625,6.085106043861045e-08,0.659770392281681,0.75996815955013,0.6429116606723574,0.5364011112358915
0.10776634226237286,1.14393844712357e-07,0.6642012354794894,0.7870043337042786,0.6472973071192679,0.5333776445234455
0.10778579910953774,5.046274539495777e-07,0.6645939189828426,0.8836416173452903,0.6476843655198601,0.5331282596027863
0.10754721097873625,1.690401301569309e-07,0.659770392281681,0.8143715476062883,0.6429106852297874,0.5364055659922514
0.10742436035339643,1.8221860473422197e-07,0.657279880472368,0.8216677891598537,0.6404624383735462,0.5381311563301234
0.10778579910953774,6.57365900915685e-07,0.6645939189828426,0.9046828683413075,0.6476829678461251,0.5331345466037116
0.10750283433156405,9.264700109361952e-07,0.6588712835934976,0.9398668124472327,0.6420186428213503,0.5370575122504785
0.1073365925031571,1.8727644890172754e-06,0.6554978409755783,1.010584295178856,0.6387032155900259,0.5394457292733292
0.10773977401211149,1.7231893956666787e-06,0.6636648313202487,0.9939363769150109,0.6467495341285046,0.5338071859737188
0.107528602672918,6.853733142842524e-06,0.6593934450447627,1.1627871296168855,0.6424791532898289,0.5369407751398286
0.10820190921199589,8.017538625640989e-10,0.6729618802443107,0.6157106712886463,0.6560877976744004,0.5275571530805746
0.10824999196830852,1.7181212025003145e-10,0.6739249915708985,0.5927411187034582,0.6570636612022083,0.5269314664022765
0.10822018701802312,1.1306812724640733e-08,0.6733280861704696,0.6779380116216437,0.6564585267403042,0.5273193656848543
0.10801186833857335,9.032723428905993e-10,0.6691474201644088,0.6226350252822412,0.6522415385166915,0.5300619340179841
0.10822018701802312,8.3541835970078e-08,0.6733280861704696,0.7598031580548493,0.6564578461633441,0.5273223350616203
0.10808829000400307,2.9402760147470042e-08,0.6706828367279892,0.7154602664814875,0.6537859052047224,0.52904973858086
0.10850425549711168,4.3439158868254034e-08,0.6790041295383378,0.7219002698135073,0.6622411400217247,0.5236792611358211
0.10857885251226068,7.133940156352395e-07,0.6804897513112751,0.8945042727396849,0.6637591911946575,0.5227695384788152
0.10806576506024995,1.8149968028381123e-07,0.6702304869727694,0.8069289550816816,0.6533289218021373,0.5293538268083929
0.10832941742622468,1.0936977462853685e-06,0.6755141040233525,0.9376011423231888,0.6586675872841694,0.5259500711967307
0.1084751423120077,1.6403702827038388e-06,0.6784237678814024,0.9739609841196294,0.6616314851542344,0.5241127430752973
0.10832941742622468,2.8349167800633543e-06,0.6755141040233525,1.0360481236769488,0.6586510533942609,0.526021610135923
0.10848925192431134,5.384544912726605e-06,0.6787050776311431,1.1122098983741953,0.6618834910406304,0.5240879737474549
0.10832941742622468,1.3492684493398223e-05,0.6755141040233525,1.2502018814374087,0.6585498404781878,0.5264594465945444
0.10846494430550033,1.0958808244018862e-05,0.6782203996558847,1.214771486319417,0.6613340286857575,0.5246244666145202
0.10832941742622468,1.541434481742373e-05,0.6755141040233525,1.2721504887334136,0.658531589133783,0.5265383831664351
0.1088249696124647,1.094499765439412e-10,0.6853761962009481,0.5726572302360889,0.6688124587645925,0.5197044919469529
0.10894686713496479,2.000274303906308e-09,0.6877875940169054,0.6139928595701697,0.6713207386349054,0.5182330526879335
0.10879996641223097,3.234826356445166e-09,0.6848808513061411,0.6286261538212523,0.6682986453809437,0.5200090771431021
0.10868029191578203,2.8670189295704786e-08,0.6825065711339819,0.700129874647206,0.6658427083747247,0.5214797362593802
0.10886930717788648,5.58775934890837e-09,0.6862539730849568,0.6408683936065875,0.6697240838128112,0.5191670269265545
0.10917799315558462,1.4147752807662369e-07,0.692343277534609,0.7664424708122329,0.6760902268775844,0.5155069067807141
0.10875221337661571,6.018514424912613e-08,0.683934122990254,0.7309926499178223,0.6673175147426558,0.5205953697233244
0.10862171853024293,1.8448948107951032e-07,0.6813424921543776,0.7952743303251568,0.6646414244333223,0.5222128739197859
0.1088496292320108,4.476550099114596e-07,0.6858644931412466,0.8512181640870655,0.6693150015709673,0.5194234217465028
0.10875965397580273,2.4244124894746466e-07,0.6840816952043891,0.8096391380701413,0.667468454322443,0.5205116351183962
0.10877308026697592,1.0071029497164989e-06,0.6843479293166985,0.920679185361805,0.6677365923423294,0.5203785938468816
0.10917054844392607,2.8065207785804496e-06,0.6921968789420905,1.0182190528573971,0.6759092546980572,0.5157025464149073
0.10921238110407583,7.070625940442515e-06,0.6930192086579332,1.136059278382886,0.6767311728374751,0.5153897960615376
0.10917054844392607,7.070625940442515e-06,0.6921968789420905,1.1368373045906228,0.6758660383872203,0.5158766694443911
0.10914303812703408,4.672810471346731e-06,0.6916556947345313,1.0811814099746542,0.6753216682683105,0.5161002691256318
0.10984315035270906,1.0632550988098e-11,0.7053271175668903,0.5267212331284106,0.6899136756444421,0.5080614531988233
0.10933148174312272,1.9705334855357292e-09,0.6953564102132478,0.6037966364238915,0.6792699797939492,0.5137290601776692
0.10930511991607973,3.233458947536282e-09,0.6948396098843697,0.6157489756441893,0.6787235496314297,0.5140311002064186
0.10942175788000144,7.250090750845031e-11,0.6971239413275615,0.5527165139619513,0.6811428063383058,0.512702282184171
0.23361368005368197,6.12546960094871e-08,0.7063409616040319,0.70455021933052,0.7434437357389995,0.47564327932291195
0.23485494751181665,4.684545296840488e-09,0.6949583465538393,0.62495915959328,0.7340068774534634,0.4881182097072302
0.10950505710070985,2.3097051454227087e-08,0.6987517466051638,0.6714592173483863,0.6828727401123653,0.5117660850956277
0.10930688241960891,2.3665135517020723e-07,0.6948741714325701,0.7956269539566364,0.6787576828648999,0.5140203982114864
0.23398663486112492,2.570002909087905e-07,0.7028540027330763,0.7918743554198309,0.7406085530851879,0.47940174140650577
0.10950980797322955,1.1571707449395342e-07,0.6988444954033968,0.7471376907235148,0.6829705111156575,0.5117167003627078
0.10986754798156113,4.109035785855654e-07,0.7057996145277977,0.822158176042804,0.6904183261972259,0.5078169820938245
0.23443472886468045,4.3414579548629024e-07,0.6987393115715762,0.8344098382661977,0.7372012620241444,0.4839097546681572
0.23419360069835346,4.772576136118299e-07,0.7009431327757083,0.8392232784782478,0.7390345234695362,0.4814876865002406
0.23374963907342183,1.297145322400244e-06,0.7050634327969434,0.9224301038877294,0.7424069581242704,0.47703825286974083
0.2338978231632875,1.0223744074241547e-06,0.7036793304622095,0.9011963286850441,0.7412814476057175,0.4785241203749987
0.10977026178207555,2.7911449372663966e-06,0.7039138993540515,1.0056250791312533,0.6883637752218122,0.5089596439179324
0.10976422404642756,8.075468866857247e-06,0.7037967267821272,1.1450375009071845,0.6881815891376998,0.509239325522406
0.10948234286895095,1.5317075398512784e-05,0.6983081722157116,1.2510575458723296,0.6822416435091858,0.5126430858670119
0.23428706717625744,1.711051489575441e-05,0.7000859821483006,1.268408907316124,0.7382759603716433,0.48277474618128285
0.23443472886468045,4.135477292000229e-05,0.6987393115715762,1.4381550960742602,0.737083397586293,0.4847652895756949
0.23406506198452257,5.855742269842205e-05,0.7021278362394694,1.5114694584474244,0.7398461445722473,0.4814075007026919
0.23237184719087298,1.47178778437371e-12,0.7183257929896949,0.4989858310844193,0.7528749872942032,0.4631074480670886
0.11029223188721174,1.060128064140687e-11,0.7139796747712033,0.5146191238339383,0.699299821923228,0.5033855087119783
0.11051880639243428,1.422999081815107e-10,0.7183083742406908,0.5306726086364643,0.7040439945188202,0.501128996921842
0.11006543792083279,8.19919569869618e-11,0.7096218674712924,0.5367971341386268,0.6945558737099433,0.5057126776477462
0.10998270432596108,5.811348022761836e-10,0.7080260835654932,0.564102239947239,0.6928270713375402,0.5065789797315131
0.23243360256458342,6.23870134133314e-08,0.7177171202004746,0.6912657465695541,0.7524061143334397,0.46373325634706414
0.23310141322170888,2.4027694819775957e-08,0.7112177497532717,0.6571898944953762,0.7473357275271288,0.47047802350120194
0.23310141322170888,1.1201867289597495e-08,0.7112177497532717,0.6296255342837427,0.7473357638184068,0.47047775664496294
0.11037566243587944,2.3767460615097578e-07,0.715576542495503,0.7715541082439114,0.7010436725636864,0.502556283952792
0.11037066354437589,1.4487229770399425e-07,0.7154809589107799,0.7401319547646987,0.70094005611534,0.5026025520013713
0.23288172103672655,9.912746820687979e-08,0.7133387477395441,0.7209138129223817,0.7490039846462422,0.46826206444676205
0.11001357027462806,8.999398760727806e-07,0.7086218080403694,0.8840415020335465,0.6934621146339244,0.50629104879962
0.23349458374895588,1.0445504896144335e-06,0.7074659293014132,0.8990464597798443,0.7443459276071264,0.4744638703744108
0.23310141322170888,1.1812097527305064e-06,0.7112177497532717,0.9066152120569745,0.747332453738821,0.4705020998639479
0.23243360256458342,3.869483892515028e-06,0.7177171202004746,1.031007936416625,0.7523954367813114,0.4638122819350786
0.23254641065058365,8.99215757050079e-06,0.7166085144019488,1.1488497041350922,0.7515247976887615,0.4650591647298932
0.11047935895170732,5.771282077776719e-06,0.7175565499904588,1.0838420528206894,0.7031522176101084,0.5017485268358932
0.11021022811833099,7.476073484074969e-06,0.712406828084381,1.1254987989024505,0.6975008820151789,0.5045202229410288
0.23310096203166178,1.2948865096001669e-05,0.7112220879775708,1.2113937325814912,0.7473026421557426,0.47074236687062104
0.11021022811833099,1.2880585307199889e-05,0.712406828084381,1.209432616153665,0.6974409390893055,0.5047379766611002
0.23327739364162497,2.5334341157856287e-05,0.7095313568049451,1.331262302480356,0.7459273893955234,0.47278004596002815
0.23310096203166178,3.8422994940510106e-05,0.7112220879775708,1.4125258469849393,0.7472310201010284,0.47127222894381393
0.23294342746576718,4.729188091567818e-05,0.7127412721196291,1.4554507199865225,0.7484029029914131,0.46986617157393645
0.11115610849847145,1.547555583737975e-10,0.7303449459312816,0.5147508333224319,0.717387006987023,0.49513328950861624
0.1112676563732069,7.241285935773946e-11,0.7324298790705419,0.5035243068215529,0.7197183587035776,0.49413475235062576
0.1112676563732069,1.243505725464335e-11,0.7324298790705419,0.48936291588713265,0.7197183594381017,0.49413474998337825
0.11093950546468617,6.444040318035614e-09,0.7262775780028655,0.5925176894205849,0.7128549703176478,0.49711485339006417
0.23106340607623882,7.886517277677733e-10,0.731495992924081,0.536966273667771,0.7627970992656965,0.44984799568519745
0.1112676563732069,5.423218112266987e-09,0.7324298790705419,0.5792419034429047,0.7197182933817978,0.4941349637047647
0.11080220158980354,5.032465813346697e-08,0.7236865986869792,0.673288393993334,0.7099794008451701,0.4984022526734952
0.11066887945883323,1.4891740300355608e-08,0.7211614936699918,0.6263777968370182,0.7071873119286499,0.4996717994853623
0.11104269813719926,2.140488929049475e-07,0.728218409595101,0.7492909251077202,0.7150122595661118,0.49617210359451686
0.23119275485855004,3.9280532688293785e-07,0.7301723026933191,0.7901988099841835,0.7618158889241744,0.4511691860913072
0.11122578570386477,1.9994339100281016e-07,0.7316480587944572,0.7405923849728193,0.7188410766347171,0.4945157538802507
0.23189807206585278,7.591959464911092e-07,0.7230359494121408,0.8526138078742004,0.7564674752272543,0.4583280665807235
0.2315231498581479,4.772576136118299e-07,0.7268117588369073,0.8093547483467007,0.7593113600511106,0.45452270648226967
0.23130434102578448,1.0414426437275997e-06,0.7290339742157914,0.8747036191655961,0.7609684216755951,0.45231497604009663
0.23189807206585278,2.2026483300491593e-06,0.7230359494121408,0.9585315765485733,0.7564634486605459,0.45835797558092223
0.11079758788849055,2.1003439956547083e-06,0.7235993674219083,0.9526416325385327,0.7098587925051558,0.49852761889410724
0.23153661859302124,4.66350906488488e-06,0.7266754094788376,1.0459013872176475,0.7591976106147655,0.45474591241912643
0.111059223797706,3.6102066759675445e-06,0.7285287024155869,1.0111016178085468,0.7153173389612891,0.49615574304566445
0.11077528209720207,8.86434650087504e-06,0.7231774777949715,1.1403398537620346,0.7093127046862563,0.4990087213358309
0.23163651371633986,1.2224367664168616e-05,0.7256657509264172,1.1884785558198583,0.7584191860984275,0.4559151924768263
0.23180824515532156,2.2742066008361287e-05,0.7239368117792062,1.298305511711434,0.7570876253899321,0.4578734655133339
0.11164765175467332,3.4149404723230705e-10,0.7394816403290624,0.5122244024772241,0.7276404555228615,0.49083987764283127
0.11146106119327727,2.3428980337738176e-11,0.7360288782818138,0.48858073951100794,0.7237548386106163,0.49243755495793134
0.11138264087700007,6.291359464439114e-12,0.734572034455556,0.48224082983323063,0.722119131944374,0.4931205814869795
0.11136163636074564,3.894196641268256e-09,0.7341812562815295,0.567852919884509,0.7216807318346073,0.49330486337132035
0.11132287253587134,9.268551146896246e-10,0.7334594464600077,0.5371466452854088,0.7208715446116888,0.4936458798542904
0.23056752159841062,6.6280917349795715e-09,0.7366100777921567,0.5793645772915277,0.7665529718914212,0.4448096376632522
0.11179234197586152,1.248254619660407e-07,0.7421457087966783,0.6980807007133577,0.7306447732270495,0.4896317029124919
0.11173496056927877,8.092262485824503e-08,0.7410905962736112,0.6749620307356838,0.7294540745511684,0.49010840844342946
0.23090868445904242,1.0823348842360332e-07,0.7330850553181099,0.7012460633313153,0.7639689583209646,0.4482789137888193
0.23048639765072743,1.9356928410886772e-07,0.7374523911115203,0.7313033011095271,0.7671666508512947,0.4439885566464643
0.2299405140545354,2.2117209061146485e-07,0.7431585891830641,0.7330803136608983,0.7712976327153682,0.4384333267164879
0.2301774191175481,1.244715693423858e-06,0.7406742450750206,0.8788152757796263,0.7695024016147141,0.44086656386579637
0.2301774191175481,1.2525620431850358e-06,0.7406742450750206,0.8794411308097222,0.7695023800138932,0.4408667255490324
0.22999484431818262,2.0020892438046863e-06,0.7425878108629652,0.9265746886745961,0.7708817296593724,0.4390233243727818
0.23049355831707197,2.333973800378751e-06,0.7373779799270497,0.9495452584549219,0.7671065346263988,0.44410552935473363
0.23034505564808694,5.167080246733123e-06,0.7389235739473812,1.0470298404433824,0.7682228863181182,0.4426533643522128
0.23010459213344422,5.280940563376215e-06,0.7414366993482753,1.0474011861288959,0.7700423702478669,0.44020835523887003
0.22973577390198358,9.51450358393096e-06,0.7453148676524719,1.1294825241842699,0.7728206740372154,0.43653867083066455
0.2300658214376284,1.5218132061086114e-05,0.7418430650459766,1.2098284379635122,0.7703084176563632,0.44001829775532075
0.228476756292393,1.5351844381179652e-09,0.7587363567136486,0.5113564133799223,0.7823585898405826,0.42349198084099476
0.22847672131669758,1.6549350796971968e-09,0.7587367328875467,0.5129740917825862,0.782358853488612,0.4234916257371584
0.228752172605813,3.335809432461656e-08,0.7557792706046845,0.6123699572374878,0.7802793709838348,0.42630729245360055
0.22847672131669758,1.1845019640461972e-08,0.7587367328875467,0.5676223340425469,0.7823588256916412,0.42349183454749184
0.2289324252361017,5.332683599573614e-09,0.7538497694770856,0.5492052072860995,0.7789182102215282,0.42814781211978736
0.22919527899048056,4.5442357891991784e-08,0.7510450453283144,0.632847264237135,0.7769323744991274,0.4308319348115033
0.22878656066049377,3.9280532688293785e-07,0.7554107969229586,0.7595993868659604,0.7800187264944693,0.4266659673140217
0.22948204515248644,2.149645297842947e-07,0.7479982827061677,0.7251151759328007,0.7747646073005114,0.4337607845522185
0.11202449965371154,3.3292027560489014e-07,0.7463954756343942,0.7581095198706993,0.7354493527367958,0.48773869465420544
0.2294315062213148,7.790510166463992e-07,0.748534192744694,0.8252883567764804,0.7751450903852646,0.43325697724294715
0.22871242547228507,7.403022020385601e-07,0.7562053791765295,0.8115821758436014,0.7805775508208102,0.4259157044104326
0.22847672131669758,1.4874276806029108e-06,0.7587367328875467,0.8762931260494805,0.7823548007240175,0.4235220713919529
0.22956726072593464,1.5950333998229771e-06,0.7470957123700472,0.8969484313213578,0.7741165998460386,0.43465805290036635
0.11202280247564002,6.601917448895585e-06,0.7463645198451299,1.0736626973274805,0.7353325021811388,0.48799567632799806
0.22847672131669758,7.140221953202353e-06,0.7587367328875467,1.072338778079816,0.7823393879430235,0.4236379062700982
0.2294023566130575,1.270393291112989e-05,0.7488434995353496,1.172541953821816,0.7753327621336699,0.43320478122866574
0.22847672131669758,1.5378621148449252e-05,0.7587367328875467,1.195424483656027,0.782316943555342,0.42380672682311793
0.2295599785566785,2.3659235123534434e-05,0.7471727902795051,1.284704314114953,0.774111222812389,0.43503755270526745
0.22733820050684803,3.063526783807394e-09,0.771053657054407,0.5097431145910845,0.79094341740249,0.4118371778979573
0.22839089379470523,4.73067918922837e-10,0.7596603060011193,0.48813594244004505,0.783006581628046,0.42261409288859025
0.22835551070302287,1.541405716678081e-08,0.7600413273435447,0.5752681552259155,0.7832735440225524,0.4222525867406896
0.22835551070302287,9.757720619680468e-08,0.7600413273435447,0.6606806993302413,0.7832733200233646,0.42225426969172025
0.22730003160699586,3.0214032316293657e-07,0.7714686307044205,0.7195435713630421,0.7912301100589282,0.41145205379912597
0.22820442679655853,5.021571616697966e-07,0.7616699830191012,0.7715671189758325,0.7844121305577408,0.42071729300168
0.22845153845067404,2.4217751962575116e-07,0.759007623094008,0.7194370752801853,0.7825482575168266,0.42323910060540215
0.2278715476138943,8.032843398020679e-07,0.7652674659143682,0.8081053212447409,0.7869218309102333,0.4173168984680476
0.22766309266015958,4.0833711631884244e-06,0.7675260048619675,0.9851604020507168,0.7884843276175616,0.4152493643630555
0.22766309266015958,4.0525689153375875e-06,0.7675260048619675,0.9841666808686532,0.7884844112678596,0.4152487349323631
0.22746331662496164,5.280940563376215e-06,0.7696941509629809,1.017570589529539,0.7899865339391361,0.413227156778131
0.22731783110768916,8.181681938981028e-06,0.7712751008246272,1.0797692810966664,0.7910746777891466,0.4117953207397118
0.2280016993288749,3.0226758723068342e-05,0.7638594797414369,1.3173800418705626,0.7858604775698381,0.4192511157417734
0.22682735852570185,1.1450707218932382e-11,0.7766152827679236,0.42324722617031274,0.7947896528225605,0.40659843873885587
0.22687915447396959,6.249537207783777e-09,0.7760506915377763,0.5223887640733456,0.7943998177681552,0.4071299838377436
0.22695642361845977,7.448442556805446e-09,0.775208688932395,0.5290301187960019,0.7938182149518757,0.40792267332064147
0.22711170257851052,3.625068796846913e-09,0.7735176160922259,0.5105619230143509,0.7926492023775958,0.4095151433834968
0.2261261922118766,1.6581454352970617e-08,0.7842681031554647,0.544048398801328,0.800062869653755,0.3993996189168384
0.22703824223279676,4.8892495333954705e-08,0.7743174646272349,0.6050313705115777,0.7932021697390904,0.40876271741382975
0.22611503589703214,1.425915927396229e-08,0.7843899679162892,0.5381726729063788,0.8001467217772057,0.3992849482467816
0.22623347923485762,1.3329424208536851e-07,0.7830962648995199,0.6487102890632085,0.7992561404332644,0.4005041722229588
0.22703824223279676,5.021571616697966e-07,0.7743174646272349,0.755895393973247,0.7932009421928207,0.4087719589474344
0.22719711857028307,5.021571616697966e-07,0.7725880139035988,0.7580536206144236,0.7920046533949888,0.41040112475553997
0.22699613086790155,8.83307564803894e-07,0.7747761233548329,0.8054421370148537,0.7935169376195201,0.4083478162306823
0.22724298078192212,9.662569249023887e-07,0.7720890817990977,0.8172425161724625,0.7916580033840566,0.4108807782088829
0.22700746421551277,4.66350906488488e-06,0.774652675484343,0.9951131890872742,0.7934213853234772,0.4085411262411221
0.22565015532282137,2.600941172426128e-10,0.78946874705355,0.43462296472971235,0.8036389433054277,0.39450631165822847
0.22502056069081722,1.2677496973937853e-08,0.7963432205675144,0.5166196355515494,0.8083631271021184,0.38802925826711593
0.22501862699809547,7.124523725215029e-10,0.7963643171820727,0.440480002961425,0.8083776590838687,0.38800911253673065
0.22597289262590387,4.01911512728529e-08,0.7859427795858878,0.5795428914814327,0.8012147759969559,0.3978248475070854
0.22516590850666018,6.921392764492508e-08,0.7947570929020258,0.5948008787937403,0.807272901824,0.38952631745661537
0.2258650677646054,1.1424419182533963e-07,0.7871207869459,0.6338639378457593,0.8020246172587716,0.39671812286809993
0.2258650677646054,1.143024899746719e-07,0.7871207869459,0.6338946687527333,0.8020246171034736,0.3967181240524841
0.22593824003727395,3.1309649274757195e-07,0.7863213599991541,0.7031195010477236,0.8014743897623092,0.3974742511506839
0.22502056069081722,4.662975702647108e-07,0.7963432205675144,0.7217689721119828,0.8083619123702824,0.38803843428904683
0.22533284936786852,4.878314969406559e-07,0.7929345267091716,0.7299220203400063,0.8060193464621047,0.39125253521467934
0.2257208942144258,2.3102964064553713e-06,0.7886959311769873,0.8904097356348828,0.8031015511661049,0.39528052602235886
0.22586593126408896,3.8381985803257455e-06,0.7871113528899845,0.9553077323014035,0.8020081095911514,0.396802590437314
0.22556197319942037,8.09193110033102e-06,0.7904320674217657,1.0578697598040283,0.8042792644528822,0.3937635388215851
0.22516590850666018,5.403795187260543e-06,0.7947570929020258,0.9934319147721683,0.8072586059774555,0.3896342959503388
0.22597289262590387,3.938413485518117e-05,0.7859427795858878,1.3523678459105106,0.8011089839891076,0.3986239129101967
0.2241599933243279,8.199667736887344e-12,0.8057132079205468,0.37579434818772944,0.8148100568813871,0.3791658316641188
0.22386802635686326,4.1614106193745034e-10,0.8088807088931746,0.4119186923948662,0.8169944142508196,0.37615665781581464
0.2245091125003951,8.060652335156981e-09,0.8019171808963281,0.49273691164511807,0.8121961327751714,0.3827628640672219
0.2241307330742487,3.390730932587768e-09,0.8060309606640981,0.46074334967865826,0.8150290273019469,0.3788643712049512
0.22432188336854392,1.0820751316823642e-07,0.8039540001815972,0.6075895954610926,0.8135979370542159,0.38083611101791637
0.22388864994994195,7.649104973524538e-08,0.8086572049156625,0.5808804236766186,0.8168399661607844,0.37637077925195633
0.2242366516052843,8.855386731727655e-08,0.8048804258475337,0.5944842282532391,0.8142360506122773,0.3799575356049559
0.22417419252344667,1.5320397531969918e-07,0.8055589874575096,0.6272138766109188,0.8147033788481788,0.3793152389154902
0.224125361965924,1.6847575319201004e-07,0.8060892811839231,0.6327657405237991,0.815068782857601,0.3788123467293594
0.22450528968628178,6.334371412588231e-07,0.8019587907719251,0.7409946446541975,0.8122230970226278,0.38273610946662745
0.224125361965924,5.744418860727638e-07,0.8060892811839231,0.7270213298791421,0.8150677023433952,0.3788205264034577
0.22450528968628178,1.4861345848229481e-06,0.8019587907719251,0.8248745324307268,0.8122208214627118,0.3827533198170191
0.2246888614907311,1.520386570723111e-06,0.79995971705381,0.8297705667664328,0.8108454767972708,0.38464468498192234
0.22420652690574164,3.511244059811994e-06,0.8052077399307529,0.9230066436439397,0.8144524252114893,0.3797161156727668
0.22388864994994195,3.4453705161162594e-06,0.8086572049156625,0.9165361675957027,0.8168310160979448,0.3764385838433166
0.2246888614907311,3.861765543806705e-05,0.79995971705381,1.3351325148222877,0.810746470542352,0.38539416828091766
0.22316160235082189,5.049823052467049e-13,0.8165108701136878,0.3459168416025043,0.8222730835077967,0.36887223309473494
0.2230650426878186,6.95652168076525e-10,0.8175495043222835,0.4073626943520769,0.8229938737134807,0.3678762242839822
0.22332599568337932,8.646989144085346e-09,0.8147400359602808,0.47599578853966723,0.8210454918294449,0.3705679761801492
0.22370061591442567,1.6307221718107875e-08,0.8106935411047804,0.5051515425504018,0.818246166332603,0.37443112458272954
0.22368958551003415,7.542340236475407e-09,0.8108128925441292,0.4773272412873238,0.818328650313275,0.37431722450831545
0.22336589405306825,1.6399368109607682e-07,0.8143097854211402,0.6196928216976196,0.8207470707705856,0.37098257748054747
0.2236958530491586,3.5781399480923595e-08,0.8107450778209483,0.5388750515067523,0.8182817210120279,0.3743824110196625
0.22336589405306825,4.993059897152368e-07,0.8143097854211402,0.7041539583917936,0.8207461836098856,0.37098930908078
0.22372144419851578,3.6410869383486904e-07,0.8104681423073614,0.6831481042360757,0.8180895299689176,0.3746528559697368
0.22372144419851578,3.210704361191491e-07,0.8104681423073614,0.673271566150571,0.8180896441695599,0.3746519904509575
0.22372144419851578,9.662569249023887e-07,0.8104681423073614,0.76987211215052,0.8180879322315617,0.3746649654982419
0.22309626285408454,1.3011639193857841e-06,0.8172138125198394,0.7918071133568485,0.8227574108241001,0.3682243432515158
0.22372144419851578,9.642951584096156e-07,0.8104681423073614,0.7696715053366174,0.8180879374371237,0.3746649260458893
0.2232899945685073,1.5846454508193445e-06,0.8151281054415973,0.8157010059872315,0.8213101993121383,0.37022830289349346
0.2235830892627351,3.8381985803257455e-06,0.8119645875194204,0.9268871218445616,0.8191145234940919,0.37329616901877316
0.22327182943041082,8.09193110033102e-06,0.8153238580112484,1.0308631970283633,0.8214286574228422,0.37017153140358894
0.2232993923420756,1.2728973746268375e-05,0.8150268175688625,1.1055542265609843,0.821210554577598,0.37054890263585955
0.4132566252121709,0.00012214569775140932,0.8108906650678449,1.608286308550549,0.9080060425654146,0.248116867088229
0.4132566252121709,0.00014368630105424836,0.8108906650678449,1.6541675736794352,0.907999803764046,0.24859061159717558
0.4132566252121709,0.00013852742554346922,0.8108906650678449,1.6436988635811467,0.9080012955736196,0.24847712408863834
0.22221906710134537,5.756692107896348e-12,0.8265955443427054,0.34007473320934745,0.8293007775083806,0.3591475980556943
0.22218168742953456,1.9748824434398424e-09,0.8269928047402132,0.4147899826916489,0.8295790968497878,0.35876189631239885
0.22211471449457865,8.834946829381411e-10,0.8277040123413189,0.3960170375465907,0.8300776955595441,0.3580707374365659
0.22154158032296997,4.132991893205036e-09,0.833759204049884,0.4237950688589377,0.8343403866645136,0.35215614650941385
0.22218168742953456,9.33602612761391e-09,0.8269928047402132,0.46013697600676157,0.829579077593134,0.35876204316835403
0.22220408802551986,5.596587222333991e-09,0.826754764409088,0.44368544129486037,0.8294122989139132,0.35899313280622946
0.22173315876064723,5.812411683617015e-08,0.8317415802447246,0.5327700320095325,0.8329162163818634,0.35413426701267137
0.22142357741348953,2.484099673256149e-07,0.8349985941083771,0.6203541869806853,0.8352164529156565,0.35094327037056827
0.22150480413827792,1.8005306238671087e-07,0.8341457457105586,0.598414967682593,0.8346131934800686,0.35178012761113536
0.22192704660326099,3.7612751138033896e-07,0.8296929877129511,0.6599582893981691,0.831473325079304,0.3561415113405518
0.22206581266666256,4.31282506752974e-07,0.8282228559131289,0.6732433002752083,0.8304405697450148,0.3575746636137218
0.22185514354112984,1.5248100771040364e-06,0.8304534679776563,0.7923133333027619,0.8320052183013685,0.3554223467931778
0.22150762700129417,9.066701145507174e-07,0.8341160845036278,0.7331935402770291,0.8345903330737777,0.3518236968436339
0.2222216477778881,1.570935190331644e-06,0.8265681094431203,0.8005005619576816,0.829277449381106,0.3592055765850738
0.22197503083255812,8.11344201185474e-06,0.8291849932502754,1.0158801987228754,0.8310961102338478,0.356790890744507
0.22059616297428347,2.1756177077522793e-10,0.8436112905324198,0.3466625570119101,0.841354584365899,0.3424017473872197
0.22059616297428347,1.8736883280650843e-10,0.8436112905324198,0.34455169314915635,0.841354584441931,0.34240174678935353
0.221242661782449,1.772758964836673e-09,0.8368936066939379,0.39665326932314465,0.8365605460615615,0.34907150350683674
0.22065449686530367,3.2154277408586894e-09,0.8430087826258952,0.40221484474421687,0.8409224594883028,0.3430034869876524
0.22065167738137367,5.428356795427141e-09,0.8430379210962113,0.4175057425249204,0.8409433416821189,0.3429744486333928
0.22059616297428347,2.1738215472115904e-08,0.8436112905324198,0.4677137812459023,0.8413545291777775,0.3424021724886469
0.22059616297428347,1.0573279353043305e-08,0.8436112905324198,0.43910129566166317,0.8413545578094263,0.34240195194518364
0.22065167738137367,1.1571707449395342e-07,0.8430379210962113,0.5564597408234075,0.8409430586314927,0.3429766280290363
0.22025521193646339,4.837468939005785e-07,0.847117626640961,0.6574005064843301,0.843877119008997,0.33889528496083116
0.22065449686530367,6.736931704653932e-07,0.8430087826258952,0.6928592258024436,0.8409207386735252,0.3430167364910275
0.22017329309343553,1.0223744074241547e-06,0.8479561103289176,0.7271426903206465,0.8444816334033187,0.33806132517901194
0.2210903764938676,1.9310436776198127e-06,0.8384837506207491,0.8090620639638475,0.8376857854821519,0.3475384160049853
0.22065449686530367,3.8381985803257455e-06,0.8430087826258952,0.8901459666092274,0.8409126170868457,0.3430792731309396
0.22088228048270533,1.0366441406002575e-05,0.8406490540118332,1.0428851592571455,0.8392075639748326,0.3455583486098102
0.22011025991011718,7.92766478682497e-06,0.8486002166586686,0.9901886482298374,0.844930135216359,0.3375474636547696
0.22092805438138288,2.6578825418247114e-05,0.8401735306600667,1.2174172125587093,0.8388263726063055,0.34635170603041665
0.22067177065918225,4.096837528187854e-05,0.842830225636843,1.3070440177137101,0.840689354963391,0.3439915451550974
0.21973109621741296,2.116016237250615e-10,0.8524545335298214,0.33176330628244793,0.8477513638581256,0.3334840000154146
0.2196393708459453,1.85622141863147e-11,0.8533816233555401,0.30377593406989717,0.8484283178897932,0.3325391141316517
0.21938533468122257,6.289255179535129e-09,0.8559380431737444,0.4018797851037025,0.8503017397953042,0.3299232447201906
0.21967632006573343,1.6489387538470498e-09,0.8530084234129107,0.3691946918885744,0.8481556522061406,0.33291974841560196
0.21941245374827653,1.357191296316251e-08,0.8556659323530721,0.4298027941571902,0.8501018270751466,0.330202585716507
0.21919243817473483,4.94823012257905e-08,0.8578679752788175,0.48538938412551375,0.8517227606163338,0.3279386599562852
0.21957307854848335,4.522297161795845e-08,0.8540503321035878,0.4864666988046244,0.8489172899372716,0.33185721153858755
0.2193763339223776,3.443058944151583e-07,0.8560283137465081,0.6163873070909206,0.8503672300424834,0.32983719914334175
0.21972500768669856,3.593669250566959e-07,0.8525161371562696,0.6248070138913799,0.8477953988346373,0.33342832528404415
0.21950644925183133,9.16932991166647e-07,0.8547213108482218,0.7070909338531659,0.8494065256718889,0.3311881216551374
0.21891021144769324,1.636875829031793e-06,0.8606736801814399,0.7615522784455692,0.8537957553016536,0.32506643697766957
0.2190345703802487,1.0739483215843933e-06,0.8594400566332773,0.7170182220775658,0.8528823205305742,0.32633445618224816
0.21913057208403,3.8381985803257455e-06,0.8584848513993071,0.8713150104265801,0.8521688115712047,0.32737609139532575
0.21892770494186292,7.427143669507661e-06,0.8605004037018261,0.9660673020366833,0.8536526907646442,0.3253592432235913
0.21933422559643556,5.350837899989314e-06,0.8564503456777263,0.9209424227789073,0.8506649870662965,0.3295016869735773
0.21976065341345835,1.895026035527741e-05,0.8521553429485276,1.138189758188202,0.8474852379407753,0.3341606198014873
0.21892770494186292,3.375020351821423e-05,0.8605004037018261,1.2467930429107252,0.8535871889112507,0.3258727289824967
0.21773277228322638,1.0064093543241125e-12,0.8721342773438231,0.25519144019920054,0.8624318870816082,0.3129515252982607
0.21832856152116956,6.458915050967451e-10,0.8663859691231652,0.3273255394269418,0.8580710241690159,0.31905896020303576
0.21818719425183303,5.000476192551657e-10,0.8677595507819617,0.3202920037567812,0.8591071173957999,0.3176084432491817
0.21780598212958027,5.285013750869821e-10,0.8714337396938139,0.3151696779208992,0.8618968593837216,0.31370115190726267
0.21864262523199726,7.974398324726816e-09,0.8633135525258591,0.39815738439348775,0.8557663569806142,0.32228423848800997
0.21788001014424271,1.8330317620213695e-08,0.8707236962222549,0.4184307732654761,0.8613555665115519,0.31445974897158613
0.21752478264071995,9.238870421031695e-08,0.8741154189065508,0.49646105058299583,0.8639503364492607,0.3108250999049878
0.21832856152116956,4.94823012257905e-08,0.8663859691231652,0.4724403676944536,0.8580709043241808,0.3190599072710025
0.21857618826399058,2.4147817561228377e-08,0.8639658576371928,0.4410516201947424,0.8562541615582981,0.3216020208632997
0.21778541981818086,3.7300244955550507e-07,0.8716306653857343,0.6009124712567843,0.8620462546830209,0.31349776663393014
0.21783556330564774,2.8166815311106654e-07,0.8711502120011431,0.5787614051161526,0.8616799272950242,0.31400954019322924
0.21778541981818086,4.753491021959762e-07,0.8716306653857343,0.621798799942827,0.8620460071206858,0.3134997406817813
0.2187346014548601,1.3113731624694247e-06,0.8624084255400268,0.7344469423286065,0.8550874733661723,0.3232547560003438
0.2180042049189661,4.5169903076481985e-06,0.8695287185853849,0.8805449011108927,0.8604360380365398,0.3158193825090939
0.21869377916383725,5.350837899989314e-06,0.8628104478565317,0.9133110627763237,0.8553773952577933,0.3229138322276843
0.2181333461105878,1.2020937957213546e-05,0.8682812035234719,1.037168212449217,0.8594722054219027,0.317288835149758
0.2187346014548601,1.856408147404687e-05,0.8624084255400268,1.1232168954260906,0.8550447247434053,0.32359066179208656
0.21842151913276978,2.522019670728236e-05,0.865479557502912,1.1804365217968615,0.8573272551614544,0.3205028137617143
0.2163886933739571,2.1727041751296877e-09,0.884690347434073,0.3240771140706436,0.8722069505395289,0.29924508999398175
0.21673180166078274,7.322995720917087e-10,0.8815416788884952,0.3044584156910744,0.8697209303824782,0.30273237746949067
0.21709564859229988,6.651540642100908e-09,0.8781596632369967,0.3680808639372302,0.8670773319122077,0.30643998095092057
0.21731197849170017,5.332683599573614e-09,0.8761283078458153,0.36412803001099003,0.8655022416748943,0.30864835583983025
0.21732554503120924,8.46968616979701e-08,0.8760004142862079,0.48829686268042843,0.8654031958537081,0.3087884660917475
0.21710359335177645,1.1424419182533963e-07,0.8780853296446228,0.5038943844721729,0.8670192739537135,0.3065230935209089
0.2169379268174143,2.387427230503571e-07,0.8796310808178627,0.553579630312264,0.8682236199497224,0.3048361732385471
0.21735070000661627,3.9570735734856336e-07,0.8757631190772959,0.6000096868443044,0.8652191300272796,0.30905143242693034
0.2167814094581462,8.032843398020679e-07,0.8810831503056812,0.657902529726666,0.869359046377281,0.3032526293263996
0.21731197849170017,7.615241047771128e-07,0.8761283078458153,0.659482623388273,0.865500438316448,0.30866286636914075
0.21684723099534153,4.380559931118997e-06,0.8804734900637963,0.8626090576071437,0.8688727621768666,0.3039911720700287
0.21716749620571799,4.240003884482715e-06,0.8774866881189816,0.861690300732943,0.8665444272226918,0.3072542218651582
0.21668097425338886,9.848620833717876e-06,0.8820106259043266,0.9869939023358326,0.8700666551595148,0.3024027773852957
0.21618235943761957,2.158071261002429e-05,0.8865644901414537,1.1262600790585031,0.8736491120681115,0.2975609704319997
0.21620884273681165,2.158071261002429e-05,0.8863247635586401,1.12652349980563,0.8734577653123591,0.2978294869786785
0.21716749620571799,4.1651512165219155e-05,0.8774866881189816,1.2761399415845212,0.8664555811020719,0.30797130499385683
0.2150794323315672,4.04935498300803e-11,0.8963273476573113,0.2371355643150356,0.8816207196513305,0.28604056590352955
0.21576090804924458,1.0272201896939863e-11,0.8903464329726894,0.23596554493732913,0.8767363771841498,0.29289071131669003
0.21519767803134562,3.2908420870551746e-10,0.8953016947615977,0.2663593748513557,0.8807759016148599,0.2872250594193002
0.21516227715340694,2.1342066284513896e-09,0.895609298081557,0.3052942679742685,0.8810289472982501,0.2868702815560173
0.2151399370754734,3.2154277408586894e-09,0.8958031773128932,0.31624190345662906,0.8811885798787717,0.28664647929816806
0.2153384997061289,5.079681831814723e-08,0.894073532138465,0.43089685084177665,0.8797681499907831,0.2886390070704394
0.21594703767530835,9.33602612761391e-09,0.8886838812153239,0.36289754891021614,0.8753962145971558,0.29477093595478
0.21486819606995744,7.15175845334318e-08,0.8981467360209361,0.44400395910550294,0.883126720951379,0.2839306912324736
0.21576090804924458,6.427593630868795e-08,0.8903464329726894,0.44994596629295,0.8767362328587037,0.29289191994321445
0.21476533847541748,2.817181300466803e-07,0.899026644892988,0.5379037539267935,0.8838581977722971,0.2829089151127653
0.2147763207798638,3.9570735734856336e-07,0.8989328838560806,0.5664628653987934,0.8837798529380051,0.28302046167181893
0.21529936243739287,6.702004236762129e-07,0.8944155908867951,0.6213482874977357,0.8800469983652457,0.28825761757799123
0.21546970654176176,7.26284327293226e-07,0.892922724575483,0.6313202032563788,0.878826369453677,0.2899703941251763
0.21546970654176176,1.0128854118840214e-06,0.892922724575483,0.6652916592853789,0.8788257348718093,0.2899757603579571
0.21583694638438894,2.3580719266831972e-06,0.8896687238222023,0.7675386805476742,0.8761838785620034,0.29370272642203243
0.2152623693645135,4.479254800792629e-06,0.894738395611942,0.8478935834598619,0.8803033984010838,0.28795744708244475
0.21491590960445106,7.698813421379759e-06,0.8977372247231878,0.9273395715810784,0.882770476809438,0.2845485292230346
0.21520579040155688,7.089835335652957e-06,0.8952311404469274,0.917132373199182,0.8807024153100381,0.287438579247111
0.21567863563615935,1.3262253178050533e-05,0.8910773864974478,1.0285675177519893,0.8772982770019171,0.29231000568961973
0.21540196726766223,2.1946308130945035e-05,0.8935176420095953,1.1219608317984895,0.8792651506457062,0.2896862916288627
0.21224481513555052,8.601355339534961e-14,0.9193120444222987,0.16383854500160483,0.9013870218293356,0.25847330721156486
0.21366782357832168,3.5714112232391424e-10,0.9081654268739265,0.24541418331616818,0.8915995887978101,0.27207426962367126
0.21251651323652834,8.199667736887344e-12,0.9172464537097799,0.18650981293897276,0.8995457838161078,0.2610196999296636
0.2140314034499733,1.4577549104783072e-11,0.905189190953302,0.21237865175423407,0.8890504301230793,0.2756360606612188
0.2133829644206402,7.997777535625142e-09,0.9104612068249779,0.3211892274433318,0.893584707880312,0.26930493075402345
0.21215264649834856,1.2271343982640162e-08,0.9200059586779716,0.3215531203840303,0.9020081221059272,0.2576162369733225
0.2139770549734886,7.319923210582847e-09,0.905637341346579,0.3260985376995711,0.8894325009819797,0.27510198784190154
0.21302267953707393,9.166945138614535e-08,0.9133190064245511,0.4353939401821997,0.8960783672521913,0.2658338546572639
0.21439489576141324,1.1094839054928858e-08,0.9021626998561528,0.3472921099404825,0.8864862812489517,0.2792238407363314
0.21302267953707393,1.096691950155718e-07,0.9133190064245511,0.4470211477248498,0.8960783338905517,0.26583417547299276
0.21312854669777495,1.610543554717229e-07,0.9124846055412401,0.4748555694921701,0.8953475272216226,0.266851740865511
0.2140430988232251,2.5482329137953855e-07,0.9050926033781406,0.5208041570463399,0.8889676461329655,0.27575574523650936
0.21322587777413632,4.490809802941411e-07,0.9117135530879029,0.5588275785589651,0.894673634091917,0.26779438362214697
0.21363567172993997,1.6360082388817294e-06,0.9084261428764807,0.6975832180740251,0.8918209944206542,0.2717902889080599
0.21209118899900647,1.8770333974873943e-06,0.9204667366477264,0.6975851551779387,0.9024181531217876,0.25707893136352944
0.21227310944088962,1.0414426437275997e-06,0.9190983315296862,0.6314033992496232,0.9011942112994827,0.2587553491785892
0.21333731205930087,2.8349167800633543e-06,0.9108261675674315,0.7634377377795646,0.8938963863057785,0.26891374912527266
0.2134900351285227,2.0774790349995603e-06,0.909602024405091,0.7250166504556501,0.8928358597624904,0.27038087821418205
0.21282086867837893,2.049824908738965e-06,0.9148972126252992,0.7161413172068714,0.8974626355841101,0.26393985683998106
0.2131947758183221,4.380559931118997e-06,0.9119603499827527,0.8226314109468663,0.8948815485379252,0.2675649024629077
0.21192574421285607,4.263245090729604e-06,0.9216995103641926,0.8060073682670275,0.9035222446032356,0.25559443286083094
0.21197270034676752,1.2224367664168616e-05,0.921350762573402,0.9781254128390036,0.9031953823772817,0.25616408347174086
0.21275722565507704,8.09193110033102e-06,0.915391535043201,0.9138450771601804,0.897887982915089,0.2634411690093149
0.2113498842504745,1.563637267569944e-05,0.9259029993159256,1.0184863917007656,0.9073088860135682,0.250577679946392
0.2128765053742224,3.548583563534047e-05,0.9144637467181873,1.2011686660987106,0.8970195725311839,0.26506443025915377
0.21139118017593686,3.8422994940510106e-05,0.9256060963224724,1.2071451739461363,0.9070048664404452,0.2513329262140569
