x0,x1,x2,x3,x4,x5,x6,x7,x8,x9,f1,f2,predf1,predf2
6.573786529190902e-09,3.6526010190340036e-05,0.00016525713482224452,0.002285959757720074,2.2666809962834178e-05,8.634906162770244e-05,6.326150443573484e-06,0.0001960860274585319,0.0814221318921935,0.0002576387960916862,6.573786529190902e-09,1.0844789416405105,-0.0022183059056663096,1.0915621727681672
0.0007087451579321629,1.905466691269026e-05,3.55281420644954e-05,4.3256463455132514e-05,7.899095575535625e-07,5.8360405669729475e-05,5.444699583876161e-05,8.59565841122886e-07,4.8474180724531295e-06,4.139799996460192e-06,0.0007087451579321629,1.00022078115884,-0.0007557542131693953,1.0227048287700533
0.003383863411778169,1.2138711628495246e-05,1.8742296260589078e-06,2.2924563024486163e-07,4.399195457062981e-06,1.2316824698621153e-06,4.470860371968048e-06,1.0299392748670691e-06,2.5711125247146843e-05,7.065626486016454e-05,0.003383863411778169,1.0001102921168086,0.002042769140886604,1.0217528276062542
0.008301902538594865,3.056109489191704e-06,3.317459682278425e-06,1.8091565608767978e-06,4.1344234847956704e-05,1.7191370810081355e-06,7.73318888491343e-07,3.504460848671361e-07,1.3104714123736116e-05,2.679175844276678e-05,0.008301902538594865,1.0000233511079963,0.007173528701256816,1.02015316378814
1.7980570277115345e-07,7.733443043860643e-07,2.6689932466132884e-05,3.2303039624972973e-06,1.9181065352078255e-06,1.2749220485710028e-05,4.466415227328449e-06,1.051870669640945e-06,0.056285639765699044,0.0001267053498172294,1.7980570277115345e-07,1.0564632243091365,-0.0016926609527220253,1.0676996840014137
8.61147029430923e-06,7.092810710130152e-07,7.474550031301444e-06,2.531897239226394e-05,2.6304343654337318e-05,2.417625970487454e-05,2.871985451119383e-07,2.1052255618080674e-06,0.11842648704501474,1.7928496096641674e-05,8.61147029430923e-06,1.1185307913057732,-0.00329333495053148,1.1236618263646743
1.651998654988304e-07,7.733443043860643e-07,6.383578460259444e-07,3.2303039624972973e-06,1.9181065352078255e-06,5.663882497670294e-06,3.819782597528568e-06,9.913110025818536e-07,0.12835676609588478,9.569747447090423e-06,1.651998654988304e-07,1.1283833709320537,-0.0035865559867006534,1.1333644184654459
1.651998654988304e-07,7.733443043860643e-07,6.383578460259444e-07,3.2303039624972973e-06,1.9181065352078255e-06,5.572276357480621e-06,6.077257122985681e-07,1.0402309752290606e-06,0.10820206723677371,9.569747447090423e-06,1.651998654988304e-07,1.1082254173298893,-0.0030193454718759937,1.1137826855735788
2.1192867941221996e-07,5.461356990507211e-06,0.0007841182254674248,0.0011471796496576843,1.5876015707651453e-05,0.0001317778532438286,1.8144969554153862e-05,0.00010518024139078943,0.15468907979851151,0.004562421793125518,2.1192867941221996e-07,1.1614592399036106,-0.004239264992466801,1.1651771605798975
2.1192867941221996e-07,2.811730529086243e-06,1.1234578300451925e-05,0.0011471796496576843,1.5876015707651453e-05,0.0001317778532438286,0.0006457514584990132,1.680614163730041e-05,0.18961548196417344,0.004562421793125518,2.1192867941221996e-07,1.1961493411848365,-0.0053164595841061315,1.2026693475079049
1.0874927856722008e-06,3.6348292608471976e-05,0.0001790801639463463,0.001491211704007056,1.621508294109293e-05,2.1436682755274764e-05,4.54382956201995e-07,5.3095387837961605e-06,0.23668974833505332,0.00011473455639382571,1.0874927856722008e-06,1.2385545387384906,-0.006884370196110265,1.2536261448379706
1.0874927856722008e-06,1.271163298951307e-05,0.0006711468689243181,8.83029124278128e-05,1.621508294109293e-05,0.0009807564995731263,0.00021745434395723136,2.3621142426861454e-06,0.24131657988201252,0.0003249976632796441,1.0874927856722008e-06,1.2436305269993972,-0.0070251598839114115,1.2594683640970905
5.209384226758887e-07,3.589552541167651e-05,0.00010949803728712657,2.565873019350051e-06,6.598750384519251e-06,4.860158521510505e-07,3.50567745766893e-06,1.1404102296875988e-06,0.2497422105598448,3.839635489867097e-06,5.209384226758887e-07,1.2499057404847598,-0.007312921256363906,1.2679556954781082
8.714779972367625e-08,2.5136669036695888e-05,0.006525102570932134,0.2713855489318,0.000270335413452136,0.0002421222505135041,3.441637062761458e-05,0.0024154540553141418,1.2841397510419815e-05,0.0005003761130464103,8.714779972367625e-08,1.281411333772227,-0.007619474214713783,1.3173385650799012
1.3077022291054158e-05,0.0025780485469262776,0.0004837626389684912,0.3218972381292485,9.89278038726717e-06,1.2284966568157716e-05,3.932658006688191e-06,1.3025033091403227e-06,0.0002978840044520227,4.214901389351982e-05,1.3077022291054158e-05,1.3253264951127288,-0.009517289041834338,1.3788809034094525
1.147993001890431e-05,0.0009091588724074893,0.0014052114714712838,0.3218972381292485,9.89278038726717e-06,1.2284966568157716e-05,4.129893793123582e-06,1.1887445779174883e-06,0.00718605333488594,2.7305623594149714e-05,1.147993001890431e-05,1.3314524637179526,-0.00952877705066411,1.3836345841197624
1.7036223907233786e-06,0.006174194603602231,0.007310427930921658,0.3422319504106048,4.391282347923301e-05,7.654899816729397e-06,3.821428243871188e-05,2.6246496178330437e-05,7.845098637269443e-05,0.00041090342988451726,1.7036223907233786e-06,1.356321955861159,-0.010452429086741117,1.4171578241566325
1.7036223907233786e-06,7.448840303203087e-05,0.018079168978421416,0.3350656410999261,5.321443268412441e-05,0.0005574829035817542,1.2842161082933056e-05,1.4482656080876955e-07,1.2548951681362377e-05,0.0006915221188835491,1.7036223907233786e-06,1.3545470538737114,-0.010381297135418733,1.4136183125815036
5.783046081391855e-08,0.0005007411084498635,0.001748895748670423,0.34015204128551974,7.377532548923587e-05,0.0005249198689702344,1.0334593322858651e-05,0.00021752645623358406,0.0001186115593603271,0.0002723129012885941,5.783046081391855e-08,1.3436191588473023,-0.010229000619580014,1.4041582806246173
9.772038480585324e-08,0.00038038664180900446,0.021564798146729295,0.4228383257244898,0.000270335413452136,8.48579787597743e-05,3.441637062761458e-05,0.0002156114402900253,0.001570369822562412,0.00019517092324253295,9.772038480585324e-08,1.447154272461956,-0.013370454736663156,1.5426052100209973
9.772038480585324e-08,0.00038038664180900446,0.021564798146729295,0.4058633516554351,0.000270335413452136,8.48579787597743e-05,2.8472100540399764e-05,0.0002156114402900253,0.001570369822562412,0.00019517092324253295,9.772038480585324e-08,1.430173354122814,-0.012889981975097962,1.5181847207725438
1.3024034673851646e-05,3.516372870552244e-05,0.08560352434455205,0.39375758171366976,0.00012564323864101717,0.0008711033062066279,5.498362917796772e-06,6.805452488023399e-06,0.00026413107816766247,0.002450763708019361,1.3024034673851646e-05,1.4831202148189973,-0.013967391806431537,1.5706553014538431
3.2250001228188474e-05,2.2594996000731405e-05,0.08315543634700776,0.4114634319212833,0.0007381979516351682,1.557061421510015e-05,0.00010199172376002211,3.948834516038453e-05,0.00018473258017408974,0.002656544417325161,3.2250001228188474e-05,1.498377988202436,-0.014425115241727739,1.5931208347362316
4.276893475655428e-06,0.0069254737800689605,0.10029704081349067,0.43277601358405393,4.133622962338799e-05,0.0009590280014180732,0.0011229381116878872,0.00016063731717575025,0.001543111487573059,0.004187322555999458,4.276893475655428e-06,1.5480129018692748,-0.015485140948363448,1.6520325598575087
3.6059260425365084e-07,0.0032166979651152704,0.10523229967968377,0.4288455472151082,0.0005237058294446664,0.0007520153141283255,0.000159419067213745,0.0020604849590435967,0.0007813715293680563,0.0039936438961691465,3.6059260425365084e-07,1.5455651854551908,-0.015466227632772419,1.6488052535105764
5.760804104159044e-06,0.0019090679780065056,0.19621526231408795,0.427263185636697,0.0002774832422859584,0.0006744850467680894,0.00039031865888423424,0.0003627880485133126,0.0008171727853223056,0.002202828287191428,5.760804104159044e-06,1.6301125919773982,-0.01717362149437262,1.7503952253011101
5.760804104159044e-06,0.0019090679780065056,0.21813770648739855,0.427263185636697,0.0002774832422859584,0.0006744850467680894,0.00039031865888423424,0.0003627880485133126,0.0008246868589192312,0.0016072909279539068,5.760804104159044e-06,1.651447012865331,-0.017520711154384735,1.776991304506801
1.678540062114148e-06,0.00020037241174846135,0.19903263246675587,0.410602704134593,4.983401205371976e-05,5.899663145615827e-05,3.932658006688191e-06,3.880258168362909e-06,2.5512927179539016e-05,0.0017232689434861644,1.678540062114148e-06,1.6117011344416998,-0.01680947461324996,1.7270858980591035
4.276893475655428e-06,0.0069254737800689605,0.2028867861538674,0.45023342298023156,1.8774065755396896e-06,0.00011734429281175644,0.0001226916918478461,0.00016063731717575025,0.00515901242584069,0.004187322555999458,4.276893475655428e-06,1.6697945685934643,-0.017851823184268818,1.7988740939787429
4.225826472127626e-06,0.012650127946105908,0.20130366254525212,0.4593209335687529,0.0011688778938190945,0.01942766304166261,1.4013657107454146e-05,0.00014376627285171765,1.696427824307667e-05,0.0006716673457196944,4.225826472127626e-06,1.6947176765389773,-0.018013875112468877,1.82269742256856
3.463283773667885e-06,0.007065734183430444,0.19287079192307777,0.4929353349011946,0.0002482171321021204,0.00019499346005628814,3.142045217837275e-05,0.0001843635151630552,1.9028972342758564e-05,0.0016717471237379653,3.463283773667885e-06,1.6952216316562079,-0.018263227044995597,1.8409403423008575
5.760804104159044e-06,0.052436917281752815,0.21813770648739855,0.427263185636697,0.0002774832422859584,0.0006744850467680894,0.00039031865888423424,0.0003627880485133126,0.0011503754052419695,0.06555618487284688,5.760804104159044e-06,1.7662494446615993,-0.018743316957973353,1.8752391880546322
3.5968353124279585e-07,0.006713808578300535,0.22295053078139887,0.4668027101006972,3.1033146932958895e-05,0.00014776796126473723,4.532517170183526e-06,0.00015961409364014412,0.00014739339876398267,0.08907502960690478,3.5968353124279585e-07,1.786032420185001,-0.019179394048772294,1.9120362179129353
3.5968353124279585e-07,0.07109861368380217,0.22295053078139887,0.4668027101006972,7.6254370847292e-06,0.008250695193845107,4.532517170183526e-06,4.9463976114249265e-06,4.54878074326452e-05,0.0039672480702038085,3.5968353124279585e-07,1.773132389989173,-0.019139470997283786,1.9074852873053425
4.112528868439444e-06,0.09667438417320269,0.23816412098361975,0.45298111406752556,0.0005822802249780917,0.00028722730216572444,0.0003627033286509256,0.00013963038896594576,0.0007455008825866151,0.0010202917268651158,4.112528868439444e-06,1.790957253069117,-0.019347752068686157,1.9257824841801896
2.525200820971291e-06,0.10802091397415825,0.23443009407452517,0.4499807124326425,0.00018735544577475633,0.00028962103081984244,0.00025740800597803825,0.00848552000196417,0.0001848453691301598,0.0010202917268651158,2.525200820971291e-06,1.802856762058321,-0.019475318316048682,1.9340424801899418
3.463283773667885e-06,0.031894955204252125,0.25594139247022124,0.44690318850690003,0.0002592211278359065,0.00016024242676316132,3.4779865379983195e-05,0.0006589902792626936,1.9028972342758564e-05,0.09364493342754134,3.463283773667885e-06,1.8295167322739432,-0.019686367754071725,1.9536324305704278
2.9740465296479613e-05,0.1345378843871626,0.22440768724177967,0.43837790147868577,0.002056751382263388,0.003660314906494668,2.8135172346512242e-05,0.0029307828596301217,6.742756060785636e-05,0.09169255809204832,2.9740465296479613e-05,1.8977594426149453,-0.020521483284352146,2.00835411237027
3.995234082154266e-06,0.135136180332952,0.23291479141035556,0.45191588233193025,0.00046844951285579913,0.010025715529251368,0.00025740800597803825,0.00013963038896594576,0.000745118751827552,0.04509465290528817,3.995234082154266e-06,1.8766978291608996,-0.02035291291429618,1.9998478868716394
2.7127861428734686e-05,0.15861972419223896,0.21158556616584442,0.4099757267065557,0.000177927897467001,5.903533666367516e-05,3.932658006688191e-06,4.9335169689384236e-05,0.0005695593189251391,0.09205376045599233,2.7127861428734686e-05,1.873094567508493,-0.020041208540470586,1.9732947973935784
2.527718246987318e-05,0.15025428761397783,0.20781798066258922,0.43256248268866493,0.0026738021706011915,0.003083120526790461,0.0008940064603626953,0.004759372168386092,0.024050200901983173,0.09776832597805653,2.527718246987318e-05,1.9238635788393015,-0.020643380841730567,2.0243176213999363
1.2181118353590789e-05,0.17879178391257078,0.23717231028131586,0.4151360954321537,0.000290294154555648,0.00030967510312626255,9.732663371657808e-05,0.001195748761289658,0.00041508344955947483,0.09147713423005678,1.2181118353590789e-05,1.9248854518812597,-0.020891461333260357,2.0354224789546356
1.2181118353590789e-05,0.1902915713160623,0.23717231028131586,0.4151360954321537,0.000290294154555648,0.00047744651684334543,9.732663371657808e-05,0.001195748761289658,0.0004754141948105411,0.09147713423005678,1.2181118353590789e-05,1.9366133414441864,-0.02105209096625395,2.04835001126214
1.2181118353590789e-05,0.18571450261732306,0.23717231028131586,0.42174916553692987,0.0002916375949662994,0.00030967510312626255,9.71650772928747e-05,0.05956863157844057,0.00254195735703391,0.09147713423005678,1.2181118353590789e-05,1.9989221793022556,-0.021880100154770567,2.1023898898332067
5.233350119997355e-07,0.18516936859902344,0.21250004534051029,0.4136877586998261,3.654121411740255e-05,0.004205520446915653,1.3814569758026146e-05,0.0867070963858866,0.03737515516527067,0.09353430453877933,5.233350119997355e-07,2.033229604959953,-0.021953706971224892,2.1177292977918696
1.2867453473324695e-06,0.18571450261732306,0.23730813010688054,0.42968326796101447,0.007261043222870576,0.0049312182184481175,0.0002566900795323545,0.08659379706217435,0.0010178293173044937,0.09147713423005678,1.2867453473324695e-06,2.0442436128147947,-0.02229537918663037,2.145558439996727
3.0240678472806808e-05,0.22812274641757113,0.23634792905187554,0.4241464556082407,0.005790008420437527,0.006236289728957904,3.1423941389493675e-05,0.08567171515950703,0.0013190622068632515,0.11294814319099976,3.0240678472806808e-05,2.1006137732904944,-0.023066182668422947,2.2038638252625833
8.881516154680929e-07,0.22812274641757113,0.23404903500864496,0.41584252518199455,0.0076312326428958025,0.0006090945437822034,1.4298061000637282e-05,0.05100075846961579,9.82482729118585e-06,0.15118781013786828,8.881516154680929e-07,2.0884673252902863,-0.022955640264788073,2.1918064653112523
3.323630722512549e-05,0.2385119031309755,0.24073189291183686,0.3894003118171927,0.001997933438636818,0.003741889327206458,0.003118664103795655,0.06887791346170723,0.0229456067536805,0.17282154309656736,3.323630722512549e-05,2.1421476575259244,-0.023424496922853633,2.2345672641964387
1.2831932171479397e-05,0.2643082274051522,0.2348268194190748,0.4136877586998261,0.011715207170930582,0.004875942260962462,0.0011951472518776903,0.08627457172440472,0.0022668548918124733,0.1534991310119626,1.2831932171479397e-05,2.1726496597602165,-0.02390845590691737,2.2761235158932545
3.433827865678005e-06,0.2278058687374121,0.2369736804636389,0.40460063313481115,0.007185060694863396,0.0049312182184481175,0.00012995115423608956,0.08800525363661077,0.002421885892305368,0.15195254911654152,3.433827865678005e-06,2.124006101043316,-0.023327067511075713,2.2187425834237775
1.2181118353590789e-05,0.259467186666767,0.23488070271311529,0.4136877586998261,0.011269258657725906,0.0062862573500940405,0.0011951472518776903,0.08373462593149394,0.04057349402557469,0.1726955159634696,1.2181118353590789e-05,2.2237899471932203,-0.024437730451184893,2.3217194631087468
1.7615730174336698e-07,0.24440463911216162,0.23750648233095703,0.41363779726178634,0.007854588732882722,0.00013095398113968255,4.613810884944238e-05,0.08743936672597036,5.7323577923346535e-05,0.18858639946264963,1.7615730174336698e-07,2.1796636892943058,-0.024026251906991522,2.2815235490823134
1.7615730174336698e-07,0.24440463911216162,0.26131717648306,0.392237835389839,0.007854588732882722,0.03272865837793859,7.632884511210218e-05,0.08728508871415579,0.008468239102150837,0.2054874129505255,1.7615730174336698e-07,2.2398599677078126,-0.024503721358551694,2.3341767341823707
1.3141880681508639e-05,0.2342639814131452,0.23338453944164175,0.41184821683164463,0.0003945858610732729,2.9905369159617692e-05,0.0011697161365675486,0.11338417780643349,0.06007463010717581,0.20891450862543345,1.3141880681508639e-05,2.263464261515972,-0.024793218959483294,2.354483690013365
1.2092266093011822e-05,0.2593687495928464,0.2373055191186713,0.4028564247266518,0.008984794312563797,0.0011751540643623072,0.00013082760404109638,0.09074810589095753,0.053578376287120914,0.19600735114303203,1.2092266093011822e-05,2.250155302675264,-0.02471342370129405,2.3450143447573484
4.399427209746572e-06,0.25757565943707966,0.23959490232558295,0.41599130847781035,0.0003327384033354472,0.00023840762027611947,9.238735602500683e-05,0.1289869223455204,0.005218601952875689,0.20808359867568962,4.399427209746572e-06,2.256114526585616,-0.024800087338286054,2.358947602286955
8.528145212050282e-06,0.28137078255597714,0.23617064790897505,0.3920965965107108,0.011269258657725906,0.03881937877110108,0.005609069198056264,0.11825569399348859,0.05431154359141098,0.22245485701367607,8.528145212050282e-06,2.3603578281703093,-0.02570945591751935,2.4476655794466597
1.2588497695475261e-05,0.2740878725460862,0.2373055191186713,0.4287115931939455,0.008984794312563797,0.045325573655401824,9.89985456553245e-05,0.09074810589095753,0.08397743497674996,0.19509804066827582,1.2588497695475261e-05,2.3643379328412815,-0.025810235046853758,2.4601996637318067
4.2894990292540175e-06,0.2593687495928464,0.23959490232558295,0.4221718036981027,0.02516066502132669,0.00023840762027611947,0.0011995830362357706,0.12604063951571143,0.08394352578023723,0.20447738023103573,4.2894990292540175e-06,2.362195656813566,-0.025784581473122428,2.459315603810108
4.286537966100126e-06,0.2776302844975093,0.25163228566930446,0.39009060726149847,0.011269258657725906,0.07295026121660886,0.005609069198056264,0.12135710712982978,0.06588177419821349,0.22835377167688156,4.286537966100126e-06,2.42477441949805,-0.026291885442706758,2.5092981703501964
1.2574400698256964e-05,0.2911076073895849,0.2395165424328267,0.4287115931939455,0.008984794312563797,0.045325573655401824,0.001222943861268107,0.1250564318908943,0.05655235727413213,0.20465813327794852,1.2574400698256964e-05,2.401135977222715,-0.02623041601955387,2.5011566346098575
6.7437637604361436e-06,0.2911076073895849,0.2395165424328267,0.40371837999176846,0.008984794312563797,0.045325573655401824,0.0012431778966610022,0.1250564318908943,0.05655235727413213,0.20465813327794852,6.7437637604361436e-06,2.376162998102642,-0.02597148867940089,2.4680985144505785
9.791627385032607e-06,0.28937053962142534,0.23292222995727635,0.3920965965107108,0.011269258657725906,0.07464284367587538,0.005609069198056264,0.11825569399348859,0.12254311432436375,0.22245485701367607,9.791627385032607e-06,2.4691642029137695,-0.026581008220245447,2.549304583628958
1.192263260382437e-05,0.2986754937404713,0.24376151057941284,0.35599121627342517,0.07598153319660018,0.06731449633709043,0.0009719368097822582,0.16023467996501606,0.05414297445711637,0.2146185043889592,1.192263260382437e-05,2.471692345690363,-0.02653422232370314,2.546769467402779
2.9241882494304913e-06,0.2593687495928464,0.23959490232558295,0.42210203322627304,0.037611825514077,0.04430695746882934,0.0011995830362357706,0.12604063951571143,0.10883622362058819,0.20447738023103573,2.9241882494304913e-06,2.4435382945276807,-0.026500853096270406,2.5311604639716156
3.220769451910831e-05,0.31013818113163377,0.23240150259581763,0.3898996604767274,0.06807654974401857,0.07319704593965148,0.00012874275421014545,0.16022033521169624,0.05414297445711637,0.2146185043889592,3.220769451910831e-05,2.5028234962853646,-0.027034784591156293,2.5869515476471294
3.220769451910831e-05,0.29782705999522885,0.2355581271964778,0.41370316157995507,0.07461218590372758,0.07319704593965148,0.0002576113269067959,0.16023467996501606,0.05414297445711637,0.2146185043889592,3.220769451910831e-05,2.5241513503420756,-0.027293135994949497,2.6138233206856016
2.9241882494304913e-06,0.32055239460742885,0.23959490232558295,0.4024294028238904,0.037611825514077,0.04430695746882934,0.0011995830362357706,0.12604063951571143,0.10883622362058819,0.22649218779122338,2.9241882494304913e-06,2.507064116700157,-0.027135575086286605,2.603653193804027
1.3000525515424345e-05,0.2754406989328896,0.252006123068389,0.427603338016574,0.1091666506139389,0.07318562264596527,0.00018010675300703693,0.16612940197734247,0.09098183543938389,0.2248194717849788,1.3000525515424345e-05,2.6195132491679476,-0.028137164221609424,2.7134367189206414
1.0781266440960383e-06,0.2911106499578654,0.21818126883229003,0.4166642806565597,0.08344897968670485,0.0747814763235728,2.1712584537796382e-05,0.15426236440609792,0.10189539926417464,0.2283757223435575,1.0781266440960383e-06,2.5687418540549083,-0.027641924403404888,2.651793109725853
1.3000525515424345e-05,0.28320328841663384,0.24349111957771838,0.4218233097270521,0.07005785431156067,0.0929671992306625,0.001079628836499105,0.18148639272922945,0.1096460656484905,0.2605326377299682,1.3000525515424345e-05,2.664287496144378,-0.028532748828036178,2.7551645193184804
1.3000525515424345e-05,0.28320328841663384,0.24349111957771838,0.4218233097270521,0.09225495694184858,0.0929671992306625,0.001079628836499105,0.18148639272922945,0.09098183543938389,0.2662624611510163,1.3000525515424345e-05,2.673550191986827,-0.028650125990922797,2.765790184350047
1.5312690008828307e-06,0.3057447632888217,0.23769960276263175,0.4207537836127869,0.11224325532770354,0.07255284950461367,1.234906881724996e-05,0.18148639272922945,0.09098183543938389,0.2523299892481505,1.5312690008828307e-06,2.6738048209812617,-0.028690694894434394,2.7711997139574884
1.3000525515424345e-05,0.27987102409059345,0.24349111957771838,0.4212952781691863,0.09524440550048446,0.1367102198738414,0.001079628836499105,0.18148639272922945,0.09098183543938389,0.2447315816764939,1.3000525515424345e-05,2.6948914858307145,-0.0287316215755332,2.780237731687669
1.3000525515424345e-05,0.3052324453408937,0.24396507377597318,0.4055604714420501,0.10935935773069226,0.1210880353628209,0.0012104703122840508,0.18148639272922945,0.09098183543938389,0.2761851473193999,1.3000525515424345e-05,2.735069229390932,-0.029188387859677603,2.8268200097903846
1.3125481490329746e-05,0.3052324453408937,0.24396507377597318,0.4055604714420501,0.10935935773069226,0.1210880353628209,0.0020819557112952084,0.18148639272922945,0.09098183543938389,0.2761851473193999,1.3125481490329746e-05,2.7359407147887698,-0.02919639831890684,2.8277478053337375
1.2377571833441098e-05,0.3065807288783097,0.24485868874264957,0.4218233097270521,0.10935935773069226,0.1313417220686715,0.0012104703122840508,0.18148639272922945,0.09098183543938389,0.2761851473193999,1.2377571833441098e-05,2.7638276528922403,-0.02942428297445497,2.860518271930277
6.730803181392232e-06,0.3052716559772176,0.26699701947017074,0.4031227663098099,0.10935935773069226,0.1210880353628209,5.176971068089962e-05,0.20008591883587423,0.09098183543938389,0.2761851473193999,6.730803181392232e-06,2.7731435061397143,-0.029538460001790248,2.8719475567823185
6.730803181392232e-06,0.3052716559772176,0.26699701947017074,0.4031227663098099,0.10935935773069226,0.1210880353628209,5.176971068089962e-05,0.20008591883587423,0.09098183543938389,0.27608222550035655,6.730803181392232e-06,2.77304058432067,-0.029537792247695996,2.871833508769928
6.011346391098595e-06,0.31153686000836694,0.26699701947017074,0.4181231644985637,0.1315233645070114,0.12084495035123596,6.479164011552837e-06,0.20015878357893108,0.12078829122179817,0.2761851473193999,6.011346391098595e-06,2.8461640601067923,-0.030121514238695656,2.9525137925230465
6.011346391098595e-06,0.3079465072431267,0.26699701947017074,0.4181231644985637,0.1315233645070114,0.12532847618496423,6.479164011552837e-06,0.20015878357893108,0.12209025603834532,0.2761851473193999,6.011346391098595e-06,2.8483591979918375,-0.03013170050452062,2.953480721641508
6.389539471193064e-06,0.308895136531862,0.2501400621971436,0.41938447918599475,0.14965476871461586,0.12493726661048443,6.479164011552837e-06,0.20787935931237717,0.0990794754738931,0.2761851473193999,6.389539471193064e-06,2.8361621744953878,-0.029985650692043005,2.9383826152570682
1.3806146232430783e-05,0.31604537612296546,0.23320058169389113,0.41813279844784834,0.1312635292728229,0.12566417347116995,0.04170212193861376,0.18835610839592853,0.13495400284974476,0.30615639162000957,1.3806146232430783e-05,2.8954750837471637,-0.03045414296817033,2.999607035871864
9.04738374698358e-07,0.313256686801146,0.261503187298315,0.41857470114868733,0.1312635292728229,0.12566417347116995,0.0280545077877909,0.21016578848424072,0.15831938808635077,0.2760873871341183,9.04738374698358e-07,2.9228893494843615,-0.030679654627927128,3.0318373512520727
2.706481585453229e-07,0.3049376542514627,0.23470063139055986,0.4190982478779931,0.1312635292728229,0.12566417347116995,0.0280545077877909,0.21016578848424072,0.15831938808635077,0.2760873871341183,2.706481585453229e-07,2.8882913077564836,-0.03034748059990925,2.987039328394913
1.2016992051931124e-05,0.3131557788094631,0.23708907568019386,0.418148165352978,0.1312635292728229,0.12566417347116995,0.08279452060737148,0.19447117871546898,0.177174662668865,0.30348621220675154,1.2016992051931124e-05,2.9832472967366783,-0.0310411325637294,3.0947365693076954
1.2437370085036628e-05,0.3540732202566085,0.21872011627680985,0.3922764344641343,0.17151820449978414,0.15672944825967225,0.08048034270168714,0.22338864465596964,0.12757430119657234,0.2761851473193999,1.2437370085036628e-05,3.0009458595790917,-0.03117755332940453,3.1085447172289196
9.04738374698358e-07,0.3244735571836821,0.261503187298315,0.4186383774906477,0.15420261609190736,0.12494702182523333,0.028295986494014755,0.21031644351793405,0.15831938808635077,0.2760873871341183,9.04738374698358e-07,2.9567839651219265,-0.03092396594791578,3.0706487875693687
1.0046920486065293e-05,0.30511995447505735,0.23708907568019386,0.418148165352978,0.1312635292728229,0.19014167521672945,0.08279452060737148,0.18851121942248558,0.177174662668865,0.30348621220675154,1.0046920486065293e-05,3.0337290148699823,-0.03137629639527817,3.14012374290212
1.307474883723318e-05,0.305119104515231,0.23739594950688359,0.4181962055801479,0.1312635292728229,0.19014167521672945,0.08279452060737148,0.18851121942248558,0.177174662668865,0.30348621220675154,1.307474883723318e-05,3.0340830789409456,-0.031376908168673986,3.140586236976573
1.2036062093001757e-05,0.3130095092908039,0.26770584224811017,0.3922764344641343,0.17151820449978414,0.18226010692966765,0.08536428045380778,0.22843171971545342,0.12757430119657234,0.29252827247369717,1.2036062093001757e-05,3.060668671224699,-0.03168625749082513,3.1744225935322765
1.244724324237744e-05,0.3130095092908039,0.26770584224811017,0.4238012303791117,0.17151820449978414,0.20847328014220615,0.08048034270168714,0.22843171971545342,0.12757430119657234,0.2761851473193999,1.244724324237744e-05,3.097179577443105,-0.03185747117730057,3.2172282758850015
1.2097890090946387e-05,0.3130095092908039,0.26770584224811017,0.3922764344641343,0.1815484346162265,0.20960202149421694,0.08536428045380778,0.22843171971545342,0.15704482367076208,0.3053123319747567,1.2097890090946387e-05,3.140295397881665,-0.03219548444632734,3.25783363953868
1.2097890090946387e-05,0.33397570070635313,0.24461705483899124,0.3922764344641343,0.1815484346162265,0.20960202149421694,0.05345639710539298,0.22843171971545342,0.16329833385561704,0.3053123319747567,1.2097890090946387e-05,3.1125184287241194,-0.031937964368290564,3.224137607626768
1.26761591003935e-05,0.350846472255297,0.2692335569096626,0.41502112407828085,0.1745316643403481,0.20850290297123716,0.09177015277791942,0.2007551213666004,0.1652188017100145,0.29955878661944063,1.26761591003935e-05,3.1754385829781975,-0.032465250013688975,3.3085552628774613
1.2097890090946387e-05,0.3130095092908039,0.26770584224811017,0.3897388370621579,0.1815484346162265,0.20684710945332416,0.08536428045380778,0.22843171971545342,0.20591222971073642,0.3053123319747567,1.2097890090946387e-05,3.1838702944794086,-0.03237370310034647,3.3038142970016775
2.5732309680485763e-07,0.3558934557745482,0.26980442210137234,0.41380902437226486,0.18250402953989503,0.18938969082380505,0.07847902387832696,0.2402469278609422,0.1652188017100145,0.29955878661944063,2.5732309680485763e-07,3.194904162680589,-0.032604265623988646,3.331666404920797
1.26761591003935e-05,0.350846472255297,0.2965070747217559,0.41502112407828085,0.1745316643403481,0.20910815736164576,0.09167780741658393,0.2007551213666004,0.177174662668865,0.29955878661944063,1.26761591003935e-05,3.2151808707788403,-0.03262195590883588,3.35745698570793
1.26761591003935e-05,0.350846472255297,0.2692335569096626,0.43979912331943494,0.18250402953989503,0.20847355145220842,0.09177015277791942,0.24682021671700308,0.1646566410373133,0.29955878661944063,1.26761591003935e-05,3.2536625305787883,-0.03283240852443088,3.3990113102135417
2.5732309680485763e-07,0.35600027198999024,0.2692335569096626,0.43979912331943494,0.18250402953989503,0.20850290297123716,0.09177015277791942,0.2402469278609422,0.1652188017100145,0.29955878661944063,2.5732309680485763e-07,3.252834553698516,-0.03285135336946696,3.399026040758321
9.389635621914582e-07,0.3504432320519207,0.26880222859217395,0.39578727004702396,0.20921171068997435,0.2246815293100678,0.10822013630994398,0.24653432834490668,0.1885861850872578,0.3218291339785085,9.389635621914582e-07,3.314095754411512,-0.033221606238433954,3.4573422018975477
9.389635621914582e-07,0.3504432320519207,0.26880222859217395,0.39650029747199134,0.20921171068997435,0.2246815293100678,0.10822013630994398,0.24653432834490668,0.1885861850872578,0.33107378052697445,9.389635621914582e-07,3.324053428384946,-0.03326352215879919,3.4688777894625966
8.617632315915901e-06,0.3504432320519207,0.2661357238363716,0.4391592413717197,0.2113755390217264,0.2246815293100678,0.134500650126848,0.2459214607312913,0.2031952418482581,0.3218291339785085,8.617632315915901e-06,3.3972417522548524,-0.03349878900493689,3.5584897994931683
9.389635621914582e-07,0.3504432320519207,0.26880222859217395,0.4325777993768509,0.20921171068997435,0.2246815293100678,0.10822013630994398,0.24653432834490668,0.1885861850872578,0.3218291339785085,9.389635621914582e-07,3.3508862837413416,-0.033346987736425866,3.5046847392248903
1.1970469531815293e-05,0.35592873854094514,0.2965070747217559,0.4193986930430707,0.211221185325156,0.2246815293100678,0.14344136457915804,0.2459214607312913,0.198472279207185,0.32830450151485385,1.1970469531815293e-05,3.423876826931633,-0.03361333414163355,3.592657515945335
1.2461461681245834e-05,0.35592873854094514,0.2965070747217559,0.4193986930430707,0.211221185325156,0.2246815293100678,0.14344136457915804,0.2459214607312913,0.198472279207185,0.3428112526147127,1.2461461681245834e-05,3.43838357802818,-0.03365141810033248,3.609251601980363
0.028784584450619915,1.382961972286735e-06,1.6259949429275738e-06,3.710187364199599e-07,1.4623399398241358e-06,1.0181459459369203e-09,1.071672502576046e-06,5.223823278346715e-06,4.078857048331925e-05,1.1328709244988573e-05,0.028784584450619915,0.9992347562149315,0.028202041763573608,1.0132253481138862
0.02731052679129778,1.6373419861623445e-06,8.198875196658957e-06,2.326642975228839e-07,2.120833207314367e-06,5.334399690280032e-07,1.0560740024425896e-06,1.1721253545159841e-06,2.77629008066487e-05,1.2247965675035128e-05,0.02731052679129778,0.9993091383390137,0.026705273853852927,1.0137331859421346
0.019127949605174176,9.4244129956325e-06,8.477727841628817e-06,1.8065917310590598e-06,4.596847196858247e-05,1.7225938284672494e-05,4.6761468480537787e-07,4.40479892772767e-08,1.2839278886650265e-05,7.730540691409282e-06,0.019127949605174176,0.9997381442107539,0.018356530495102972,1.0165796865905534
0.03516206395097636,1.2375545580965203e-05,8.089907689707592e-06,2.5238942194888473e-06,4.133622962338799e-05,6.0085364855299915e-05,1.0014310881853095e-05,1.2437294834894965e-06,3.792702706867727e-05,3.861794622073619e-05,0.03516206395097636,0.9989761055337887,0.03466023015441778,1.0111035071428016
0.04833848799852237,2.4106526630359857e-05,1.039897762959753e-05,2.1124752600021982e-05,1.1690977552267121e-06,5.8359313278347804e-05,5.275261257345841e-06,1.217029660079649e-07,1.7655542664722345e-05,2.6569005934275704e-05,0.04833848799852237,0.997828555722221,0.04788390142620608,1.006401689967142
0.06495750754447162,7.372682563664458e-06,1.5947744740116773e-05,5.347568865784617e-05,2.864147507738597e-05,1.7822041412300858e-05,4.434611222114469e-08,3.6490249896843336e-08,2.201042229154108e-05,9.806558946220565e-06,0.06495750754447162,0.9959363342455116,0.06445165143451305,1.0005765447235513
0.05320205784426277,2.4166529227312437e-05,3.580792224114299e-05,0.00021373257167691596,1.344680416655764e-05,8.288115760315832e-05,2.6627313508847227e-05,5.326383953917001e-06,4.4111532660873476e-05,0.0001704423538649914,0.05320205784426277,0.9977878276332126,0.0527597441505982,1.0050340546065815
0.058344780807179496,9.879163174929968e-06,1.3945205572242398e-05,2.1678985968205746e-05,5.6281869039230704e-06,1.889656080992188e-05,1.201147951256577e-05,6.212457219320389e-07,2.0557394950444487e-05,7.455019819508766e-07,0.058344780807179496,0.9967002041446817,0.05786671992372703,1.0028390818219741
0.08330142100230813,4.543444841934194e-06,1.5962860611024245e-05,2.621808377339043e-06,6.0065763139290005e-06,1.8195094830973873e-06,1.1918642067972312e-05,5.026658341221355e-06,2.4207527456313568e-05,2.8912600498352212e-05,0.08330142100230813,0.9931625938041829,0.08267710513737331,0.9943186645999071
0.07663047530171335,9.424459396902135e-06,3.657543921472252e-06,1.7984570019795985e-06,2.2448843991089645e-05,6.234635929400968e-05,3.4652887008722065e-06,1.1276393756614677e-06,4.4486393315665295e-05,6.489699460876809e-05,0.07663047530171335,0.9943426765801562,0.07605645856664568,0.9966198392178931
0.0969109787219184,1.2138711628495246e-05,1.6053086594913993e-05,6.2735329327095855e-06,4.133622962338799e-05,6.024824684659437e-05,2.3610166669725614e-05,5.026658341221355e-06,4.4486393315665295e-05,7.24812183714742e-05,0.0969109787219184,0.9908925609254677,0.0962016000408553,0.9900266200368898
0.09736319523514056,1.2138711628495246e-05,1.6053086594913993e-05,6.2735329327095855e-06,4.133622962338799e-05,6.024824684659437e-05,2.3610166669725614e-05,5.026658341221355e-06,4.4486393315665295e-05,7.24812183714742e-05,0.09736319523514056,0.9908047316733933,0.09665083483163103,0.9898823626607052
0.08701314091686872,1.6373419861623445e-06,7.706411518913613e-07,2.326642975228839e-07,2.120833207314367e-06,5.334399690280032e-07,1.0564672829750252e-06,1.1721253545159841e-06,1.2702401909422382e-05,1.2050484533462828e-05,0.08701314091686872,0.9924612340734617,0.08636092880351784,0.9930371915419309
0.10254102494735316,4.922782275108613e-06,1.7720798154749802e-06,3.710187364199599e-07,1.4623399398241358e-06,1.8195094830973873e-06,1.2363112510550488e-05,5.026658341221355e-06,2.4207527456313568e-05,0.000596332130598858,0.10254102494735316,0.9901404273609193,0.10181640439595356,0.988462808717019
0.11353977820717213,2.335321141973565e-06,1.7451960778275773e-06,1.8063160155282573e-06,1.3055705488514245e-05,5.9761230740898304e-05,3.637850293311871e-06,4.651574984119417e-06,3.855074497143224e-07,0.00018472870127456373,0.11353977820717213,0.9873843330269546,0.11273307265372653,0.9848072145763588
0.10116204975381946,8.221030794750982e-06,1.9589570537527634e-06,0.00014074326249508977,1.4837350242997227e-06,5.883761397581629e-05,7.1611442148931094e-06,2.7560368568501585e-07,3.535675411918942e-05,9.54771052821837e-05,0.10116204975381946,0.9901193305013728,0.1004260568250266,0.9887191796898367
0.11754598484492412,4.543444841934194e-06,1.033430406329646e-05,1.0197141608102343e-06,6.573641029126685e-06,1.7734231160177682e-07,1.1896835943928389e-05,7.204564983690559e-07,1.3645117326626093e-06,2.898909872636903e-05,0.11754598484492412,0.9862494674030455,0.11670872711679382,0.9834626117103574
0.1268970653262523,3.284162453282005e-08,5.515292416602656e-05,2.112991659895568e-05,1.8216373806102635e-05,1.7155949487814962e-05,2.5343934585872754e-07,1.404442342413595e-07,1.158687619189996e-05,1.5959656606499238e-05,0.1268970653262523,0.9840390113374045,0.12602126560715624,0.9807456476633697
0.14625344783191913,3.0631808273934855e-06,4.216458167849997e-06,2.125543011747095e-05,1.031561856552449e-05,8.569388905530788e-06,6.095771992410356e-06,1.6531055731819035e-08,4.429572595972595e-05,1.6749241683472533e-05,0.14625344783191913,0.9787269568813687,0.1453327092436182,0.9751524221338335
0.13881839448438604,4.495242791933953e-07,3.561805789998272e-05,1.3763948099637364e-07,6.671865265788933e-05,2.7959678813734415e-09,1.1456517037351546e-06,1.1742712775190751e-06,1.1617839127496862e-05,8.270147132368257e-06,0.13881839448438604,0.980856999042343,0.13791045812746194,0.9772819676662395
0.14352805005879415,9.424459396902135e-06,7.226747818553672e-06,1.7984570019795985e-06,2.2448843991089645e-05,6.22849700199263e-05,3.4652887008722065e-06,1.1276393756614677e-06,4.4486393315665295e-05,5.216378653642121e-05,0.14352805005879415,0.9796083358210007,0.14261447876941138,0.9759833140473205
0.1597691601475787,1.1528238280975067e-05,1.0765738956441975e-05,0.00010926768169311458,4.1344234847956704e-05,6.216587552003707e-05,1.2757146526180386e-05,5.026658341221355e-06,4.4486393315665295e-05,7.201279469759811e-05,0.1597691601475787,0.9748525949646633,0.15885812003085625,0.9709581438224338
0.15921225805429204,1.0160105596005885e-05,1.3385898329439548e-05,1.0788623046666592e-06,1.3000192388256112e-06,1.8195094830973873e-06,1.2611681131194609e-05,4.938238688838401e-06,6.359586125055491e-05,6.933882988982035e-06,0.15921225805429204,0.9747702165754019,0.15829004131568963,0.9709684376508358
0.1703524658444493,1.903318836910166e-05,1.680126385757771e-05,5.2101403860145767e-05,8.720496622073227e-06,4.4619516149210904e-05,1.646538409454894e-05,2.272558343592649e-06,4.450850049919262e-05,0.0007401678001059829,0.1703524658444493,0.9719521164902362,0.16949639131327698,0.9676520087482114
0.17392966550880168,1.0527640636884959e-05,9.457473396839157e-06,2.421876153628104e-06,4.1344234847956704e-05,6.234635929400968e-05,3.4652887008722065e-06,1.131772813037362e-06,4.4486393315665295e-05,6.489699460876809e-05,0.17392966550880168,0.9699958104740526,0.17304669861938615,0.9659593065423131
0.18232907350953564,1.0527640636884959e-05,5.96731345710694e-06,2.421876153628104e-06,4.1344234847956704e-05,6.234635929400968e-05,5.408497919568326e-06,1.1618274475288732e-06,4.4486393315665295e-05,6.489699460876809e-05,0.18232907350953564,0.9670025988997989,0.18148170282276876,0.9630967627564403
0.18629327650596472,6.948857448339395e-06,3.590394282765405e-05,1.813148926532423e-05,2.7258537880486955e-05,5.837045322574113e-05,6.613962784305292e-05,2.3044793365290755e-06,4.44511291745582e-05,4.960452680444338e-05,0.18629327650596472,0.9656146526827238,0.18546804146051082,0.9618324618941955
0.19124932270113368,1.0534551991014938e-05,1.024666698392144e-05,2.0603422021031872e-05,4.373781784795816e-05,2.313105749245552e-05,1.2229998837656936e-05,2.4108119666770405e-06,4.4486393315665295e-05,2.3027834260092217e-06,0.19124932270113368,0.9635995854126216,0.19044983979462,0.9600511375514738
0.21671250289261612,4.400679880604668e-06,1.5962860611024245e-05,1.0197141608102343e-06,6.573641029126685e-06,1.7165075556653341e-09,1.1692191786229971e-05,2.765027157717721e-06,9.690362248723421e-07,2.898909872636903e-05,0.21671250289261612,0.9531114638034217,0.2161431214664577,0.951524573012645
0.20465173334159134,1.352348929405836e-06,3.317590674295539e-06,2.2727347702720207e-05,3.2310974298591605e-06,6.6417263003692585e-06,5.642925917247963e-07,1.2015035344573687e-06,4.069536180605969e-05,2.607279348971194e-05,0.20465173334159134,0.9582279029548052,0.20395626350066876,0.9555262332576764
0.20219243045847468,1.952356875671063e-06,8.053403880778399e-06,2.0842897722266117e-06,3.174906967849917e-06,2.7959678813734415e-09,2.990558312112268e-07,1.2662981934623717e-06,4.4358595076205595e-05,1.2247755773164222e-05,0.20219243045847468,0.9591946626388604,0.20147348438595647,0.9563204128123964
0.2246940217007574,1.2217996043726996e-05,8.775515037754976e-06,0.0011557155151693367,2.6883611322247377e-06,1.993285885551699e-05,2.1067872404656728e-05,5.026658341221355e-06,2.203119457232653e-05,7.201279469759811e-05,0.2246940217007574,0.9508985941474207,0.22424437855572343,0.9498684485305552
0.23270024852959428,1.0527640636884959e-05,9.526039650025793e-06,2.421876153628104e-06,4.1344234847956704e-05,6.228624793571599e-05,5.921696750328869e-06,1.1276393756614677e-06,4.4486393315665295e-05,6.489699460876809e-05,0.23270024852959428,0.9461062632428529,0.2323455594820537,0.9464051833655974
0.22847790813601654,3.158856001132372e-06,1.0509310916576683e-05,7.083961237921231e-05,4.1653133751385457e-07,1.0064337617365704e-05,2.738529481911606e-07,5.081402012855246e-07,1.8335317325942123e-06,4.01747659383451e-05,0.22847790813601654,0.9479428157995086,0.22805875297280756,0.9477091908262422
0.21963868448004722,1.05740818408194e-05,3.580792224114299e-05,2.913603444161998e-06,2.7258537880486955e-05,3.98079862238245e-05,7.199728264183323e-06,1.2574822196723517e-06,4.4486393315665295e-05,1.5338862884160288e-05,0.21963868448004722,0.9519523987018577,0.21910533817989838,0.9506556613128551
0.24238293582441478,1.2138711628495246e-05,1.0765738956441975e-05,7.078579854420939e-05,4.188099994110858e-05,2.313105749245552e-05,4.470860371968048e-06,2.4108119666770405e-06,4.606685346747809e-05,7.201279469759811e-05,0.24238293582441478,0.9415508364149989,0.24217888610996405,0.9432703877903619
0.23914833640136893,4.6808514469227986e-08,5.398967277739669e-06,4.148132476027328e-05,2.3695000450197696e-05,3.080861958093659e-06,3.710969879056353e-06,8.102940839193892e-07,2.530875052947716e-07,0.0002314287047293622,0.23914833640136893,0.9431356978468693,0.23890022014001602,0.9443262276493363
0.2570264678775621,1.0160105596005885e-05,1.3385898329439548e-05,1.0294190363485687e-06,2.0492849104074323e-06,1.8195094830973873e-06,1.295746474343346e-05,4.938238688838401e-06,4.495933930500167e-05,6.467839669724008e-06,0.2570264678775621,0.9340416200280677,0.25707438123925436,0.9383243920304704
0.27297990607431116,1.8775667254688594e-05,4.172955885224668e-06,5.943121107270684e-06,1.1056715112397624e-06,6.008905745180765e-05,1.4545009901482551e-06,6.652009382811435e-07,2.760836215890036e-06,4.37016649060371e-05,0.27297990607431116,0.9256309714396679,0.27324087519667095,0.932164405225099
0.2712820328775263,1.071716825243427e-05,9.351005117624827e-06,2.2727347702720207e-05,2.390317220043766e-06,5.498826235504326e-05,5.642925917247963e-07,4.40479892772767e-08,1.2839278886650265e-05,8.375378877155527e-06,0.2712820328775263,0.9265370328889926,0.2715562315213619,0.9331195387509555
0.2849495469690036,1.8775667254688594e-05,4.172955885224668e-06,5.936509473386154e-06,5.7655372133106945e-06,6.008905745180765e-05,1.4545009901482551e-06,8.65867879051343e-07,2.760836215890036e-06,4.37016649060371e-05,0.2849495469690036,0.9189589301030021,0.28504869975087654,0.924873510660796
0.2998533462350361,4.6808514469227986e-08,7.886877556473561e-06,0.001281879868615537,2.298846300325385e-05,7.572014688761863e-06,1.6516692691188628e-05,4.841544386786626e-07,1.5721614428171819e-06,0.0029962120447448014,0.2998533462350361,0.9148112303105641,0.2999821448572406,0.918479742976738
0.28862792002726345,1.5121430314126967e-06,3.783835134998972e-06,8.800118009016274e-06,1.3866896942205929e-06,6.6417263003692585e-06,5.642925917247963e-07,1.1010089613174124e-06,8.24358341396168e-06,2.6067184946644885e-05,0.28862792002726345,0.9167568642131406,0.28867596691831743,0.922538507080407
0.3165612182444086,3.1668494921458822e-06,1.054998642232208e-05,7.083961237921231e-05,4.269313979788088e-06,5.4766800105686095e-05,5.62402602612717e-06,2.0105788361440347e-06,3.1949207071307297e-06,1.436749311577564e-05,0.3165612182444086,0.8999746964036927,0.3163201229288122,0.9051205152434815
0.30434050592817086,2.43149629419003e-05,7.5870934061274604e-06,1.8063160155282573e-06,9.616745712931879e-06,1.9602347590250338e-05,1.1927922735369517e-05,6.734616712064432e-08,1.5404457873852786e-05,1.6038090373242474e-05,0.30434050592817086,0.9074930725732729,0.30421033665308017,0.9127911495492499
0.3052368100999676,2.444395441011066e-05,1.1639544109976746e-06,0.00015379757092872244,2.1785261552816496e-05,3.2829600287892623e-06,5.778217762156345e-07,4.918045691282059e-06,4.049491407961489e-05,1.5545230719420675e-05,0.3052368100999676,0.9071212768772994,0.30509837325331224,0.912351054032847
0.32215166643866966,1.0527640636884959e-05,9.59087164125216e-06,1.9143513381180583e-06,4.1344234847956704e-05,5.923125211954695e-05,6.355944890397331e-06,1.1318510481774754e-06,4.513317588678772e-05,6.489699460876809e-05,0.32215166643866966,0.8964833448616025,0.32187288985812845,0.9016022974882667
0.32133903150717297,1.1824878426103078e-05,2.0537936829748073e-06,2.5787907785052826e-05,3.165851398251792e-06,1.9861923642579136e-05,1.2332184677724232e-06,9.950627793618861e-07,3.614251684003728e-05,9.687375695761999e-05,0.32133903150717297,0.8969596006241602,0.3210648902103597,0.9020837957361372
0.33821598156902494,1.2138711628495246e-05,7.474550031301444e-06,2.531897239226394e-05,2.6304343654337318e-05,5.346758237355739e-05,1.2632974960197148e-05,3.5919653047132314e-06,0.0006313459397023271,7.132975887285001e-05,0.33821598156902494,0.8865499732662679,0.3379037500493197,0.8911985086114226
0.34394785896210256,1.7924294623124092e-06,6.830044179684655e-06,1.8529864050846713e-06,4.1344234847956704e-05,3.287734148855418e-05,6.379362463667864e-06,1.1277176108015807e-06,1.5265272555580706e-06,3.7198030736468335e-05,0.34394785896210256,0.8818462858413298,0.34368696345027744,0.8864875631215648
0.3349819013546217,1.2127150170180022e-05,4.585022900137865e-06,0.0006998500641673824,8.621024301986566e-06,6.024824684659437e-05,6.516683573432475e-06,2.3527341294036065e-06,0.000577539793677754,7.004144281593223e-05,0.3349819013546217,0.8893905727118164,0.3346593182374656,0.8939649792990504
0.3360096873591556,1.1601077133133391e-05,9.571452891523705e-06,3.4741626220500993e-06,4.1344234847956704e-05,3.287734148855418e-05,6.379362463667864e-06,1.1277176108015807e-06,1.5265272555580706e-06,3.7198030736468335e-05,0.3360096873591556,0.8872589696748562,0.33570342678540216,0.8922143794143654
0.3544046643530123,1.2138711628495246e-05,7.474550031301444e-06,2.531897239226394e-05,2.6304343654337318e-05,5.346758237355739e-05,1.2632974960197148e-05,5.026658341221355e-06,0.0003104046658747395,7.132975887285001e-05,0.3544046643530123,0.8749872257541255,0.35421130660815653,0.8791555418018324
0.35789327507945085,1.8715351218721045e-06,7.5870934061274604e-06,1.8063160155282573e-06,2.2883116484365503e-05,1.3254825476734104e-05,1.1528441407570836e-05,1.894041306832616e-08,4.1363090248085697e-07,4.184535918841925e-05,0.35789327507945085,0.8720265752500506,0.35773415092121175,0.8762449595918222
0.3771102487413258,1.2118228017825282e-05,1.3385898329439548e-05,5.804956328409699e-07,6.431899641161428e-06,1.9176532070348656e-06,1.2363112510550488e-05,5.026658341221355e-06,8.240710755946481e-06,0.0010047554412897564,0.3771102487413258,0.8590039496619215,0.37718511351829853,0.8624632369445165
0.383370936011621,1.2147209636259536e-05,0.001128608995502421,8.519003144066634e-06,2.312952690729104e-06,2.246777980363978e-05,4.592228454369738e-06,1.1624557738502354e-06,3.657662104828038e-05,2.9274539806429063e-06,0.383370936011621,0.8544250285525886,0.38345235337096784,0.8582121226955617
0.37355666861347164,1.2147209636259536e-05,8.233644973029553e-06,8.143852583502748e-06,2.3964447817419913e-06,8.863948335675253e-06,4.5730123876742435e-06,1.1616754030444303e-06,5.465478928383255e-06,1.0906225968722483e-07,0.37355666861347164,0.8605136392363727,0.3735259264196008,0.8644974523235012
0.38464982760153155,1.0527640636884959e-05,9.59087164125216e-06,1.9143513381180583e-06,4.1344234847956704e-05,6.228624793571599e-05,6.439165465911861e-06,1.1277176108015807e-06,2.623660254975616e-05,6.489699460876809e-05,0.38464982760153155,0.8523020623663476,0.3847257404195485,0.8561704220617683
0.3857052994306939,1.0527640636884959e-05,1.1006471238190233e-06,2.353133879007932e-06,4.1344234847956704e-05,6.228624793571599e-05,6.439165465911861e-06,1.1277176108015807e-06,2.623660254975616e-05,6.489699460876809e-05,0.3857052994306939,0.8514799079020765,0.3857904411914059,0.8553504591304966
0.39398000512228565,4.6808514469227986e-08,5.398967277739669e-06,4.148132476027328e-05,2.298846300325385e-05,3.080861958093659e-06,5.06956115250918e-06,1.0415153995109182e-07,4.148320840864918e-05,0.00019992634481827572,0.39398000512228565,0.8451489246453362,0.394145109782625,0.8490083003340874
0.40344130706934844,2.988263728403082e-05,5.482570231627077e-07,0.00035147983478787167,4.134347681254535e-05,5.252178065066183e-05,4.73135393774422e-06,4.941970605628305e-06,0.0035678399336626834,1.6044444008029746e-05,0.40344130706934844,0.8419641057043112,0.40352129036344786,0.8446775448579988
0.405989784875473,1.0527640636884959e-05,4.109481145697684e-06,1.8529864050846713e-06,4.1344234847956704e-05,1.8709988641969018e-06,3.50852446360861e-06,1.1248046614462768e-06,1.0040554657202173e-05,7.952671698738512e-06,0.405989784875473,0.8352681959346769,0.406243135598232,0.8393996341272896
0.430591587465841,1.8251066683629961e-06,3.1498144674444297e-06,2.1163817591183253e-05,7.590479476580941e-05,1.8593956597877086e-07,1.2742166426495083e-06,1.161103064011351e-06,3.283946993650985e-06,2.584367962280098e-05,0.430591587465841,0.8147494802386709,0.431005602589904,0.8194854462530169
0.41848055663517436,6.699328930452731e-06,1.0854628878310378e-05,1.7135183302562183e-05,4.324696192063665e-07,2.2804317291212984e-05,7.066091435195131e-06,1.1458952688776643e-06,4.316552035348377e-05,1.6372578837226304e-05,0.41848055663517436,0.8250217061011909,0.4188211193103871,0.8294109157975706
0.41848055663517436,6.699328930452731e-06,1.0067870874022304e-05,1.7135183302562183e-05,4.5926526824335346e-07,2.2804317291212984e-05,7.066091435195131e-06,1.1403828025090467e-06,5.083570675578733e-05,1.6372578837226304e-05,0.41848055663517436,0.8250298196949059,0.418820753870836,0.8294164776111208
0.44681595690957276,1.352348929405836e-06,1.0854628878310378e-05,2.148197018116206e-05,7.590479476580941e-05,5.479032055181004e-05,5.642925917247963e-07,1.2002651589921104e-06,5.23121412225089e-05,2.643490127462046e-05,0.44681595690957276,0.8006492764161552,0.44722640314978235,0.8053786595393708
0.44187940113408164,1.352348929405836e-06,1.0535809112248635e-05,6.0991368917736366e-06,7.798871258841384e-07,2.3682920141309705e-05,5.642925917247963e-07,0.00016128100730499346,1.80596068500844e-05,2.5359819492894726e-05,0.44187940113408164,0.8050386658579014,0.4423154464834831,0.8099093451320227
0.45651736278154076,2.0029285282070708e-07,1.088425256721928e-05,2.186373362640581e-05,2.390317220043766e-06,2.3682920141309705e-05,5.642925917247963e-07,1.2002651589921104e-06,4.616965525407416e-05,5.086362594212923e-06,0.45651736278154076,0.7917272874348481,0.4568395693991409,0.7959996488080879
0.4614762096845085,1.3138267463912361e-06,1.0432000945849835e-05,2.935454730064289e-07,5.042743614770732e-07,2.4771947257727028e-05,5.642925917247963e-07,2.646804579438405e-06,1.3455894124484523e-06,8.992221844413026e-06,0.4614762096845085,0.7871014039669515,0.4617512255904396,0.7911381510041727
0.45796139882693665,1.8251066683629961e-06,3.1873407606703656e-06,2.1163817591183253e-05,7.640218735742098e-05,1.8593956597877086e-07,1.2742166426495083e-06,7.422971524141194e-07,3.283946993650985e-06,6.054178466513485e-06,0.45796139882693665,0.7904094075141904,0.45827670422815164,0.7946026339989095
0.4670028371975707,1.3820214296684032e-06,1.0070230667773407e-05,3.6597495464641444e-05,2.432843192692832e-06,6.024981008173098e-05,4.168464784765923e-06,3.481148039186089e-07,0.0022953098593673006,0.000595296809339814,0.4670028371975707,0.7855677931271198,0.4671419716605162,0.7880768156910973
0.4670028371975707,8.434468764988588e-07,1.0070230667773407e-05,3.6597495464641444e-05,1.4753901933952556e-06,4.5720799381523075e-05,3.5010553853763555e-06,3.481148039186089e-07,1.3200306637960258e-05,1.793998431764034e-05,0.4670028371975707,0.7820663289993266,0.4672173029370365,0.7857941471441335
0.4726755059996969,6.985714173083711e-07,6.382759017696916e-07,1.8062609658467171e-06,8.665487941139338e-09,5.8066213933494015e-06,3.44890451328565e-06,4.966704018241675e-07,8.306597941331306e-08,2.9387149098396188e-05,0.4726755059996969,0.7766297071428099,0.4728226040775957,0.7801309234121697
0.4930312955612468,7.5202856801684405e-06,5.482570231627077e-07,0.00037031693763239705,4.134347681254535e-05,8.20290119033454e-05,9.431894571532546e-06,4.941970605628305e-06,3.9576432260185215e-05,2.5823036736369033e-05,0.4930312955612468,0.7576429492906254,0.4928974072839886,0.760103694671268
0.4979236880869435,1.126537740588738e-05,7.499734323560835e-06,2.177659179502041e-05,1.5283545280039442e-08,2.3477736698957157e-05,1.9300319557608403e-06,8.487684813304589e-07,1.454505940993787e-07,9.46391665763833e-05,0.4979236880869435,0.7522736572137959,0.4977234331318991,0.7547684717336232
0.48862474890696606,1.8251066683629961e-06,3.0683089539447777e-06,2.1163817591183253e-05,7.590479476580941e-05,3.22603867015643e-05,1.2747796810032767e-06,1.2521866673447044e-06,3.283946993650985e-06,2.643490127462046e-05,0.48862474890696606,0.7614520613495228,0.48856201713248315,0.7642622722880453
0.48645637575239176,1.8251066683629961e-06,1.0468672651976295e-05,1.7121841161306846e-06,0.0014977292801282567,2.2822480898891525e-05,1.6864694956323908e-06,1.2521866673447044e-06,3.283946993650985e-06,2.643490127462046e-05,0.48645637575239176,0.7652976949091114,0.4865333610853393,0.7675702445478271
0.5149913279915408,4.782075110209503e-06,1.4840594666740515e-06,0.00037593604425407236,7.02501206068867e-06,5.3377067469196165e-05,2.296393399219414e-06,2.637710789206611e-07,2.4318763085878797e-05,0.00019495196892794746,0.5149913279915408,0.7356244691192371,0.5145315809075305,0.7373857013391111
0.5036578608097341,1.2153576475143685e-05,8.276717642605259e-07,1.4520278254049043e-06,8.665487941139338e-09,2.3513152435419566e-05,1.1927922735369517e-05,4.966704018241675e-07,8.306597941331306e-08,2.9070559740495068e-05,0.5036578608097341,0.7464284662670768,0.5033647140508751,0.7488018914003054
0.5064370612582999,4.849754471627115e-06,1.8316704667229877e-06,2.295361524866877e-05,8.845886337345777e-06,1.2766336532740353e-05,2.4130977809183483e-06,8.077318800892706e-07,5.00146688900573e-05,1.6811598482485878e-06,0.5064370612582999,0.7436548927781204,0.5060952892803694,0.7459441750454394
0.5177712637119629,1.2121651831019266e-05,7.661141751674638e-06,0.001675208319673751,1.319712319754681e-07,3.0851231259031795e-05,2.1067872404656728e-05,8.487684813304589e-07,3.386404333693392e-07,0.0009239471105407344,0.5177712637119629,0.7352995620548516,0.5173168273389808,0.735885327543163
0.5240017754416093,8.221030794750982e-06,2.085848075753552e-06,1.2382997721854563e-07,1.8942087871911767e-08,2.3477736698957157e-05,2.019863361036337e-06,1.6965941958712352e-07,8.027578760825333e-07,9.653401114868042e-05,0.5240017754416093,0.7255922315497323,0.5234003243796764,0.7274236204329465
0.5240017754416093,8.221030794750982e-06,1.9589570537527634e-06,0.0017465207438247035,4.458944235324978e-05,5.883761397581629e-05,1.909483119945104e-06,2.7560368568501585e-07,8.027578760825333e-07,9.653401114868042e-05,0.5240017754416093,0.7279188130057873,0.5233768142931097,0.7288181110267031
0.54312342232211,4.922782275108613e-06,1.3618788307530161e-05,3.263620308663239e-05,6.1399922066784424e-06,1.8195094830973873e-06,1.2363112510550488e-05,5.026658341221355e-06,2.4207527456313568e-05,0.0004029658972813068,0.54312342232211,0.7056691568945188,0.5422737981082969,0.7068764969472131
0.5423038838708144,7.8197808248855e-06,0.0004655520762591311,2.572889983423618e-07,4.221769010104708e-05,5.328222570569075e-05,5.764743855953595e-06,3.522081667160485e-05,4.437006640141501e-05,2.497593905225928e-05,0.5423038838708144,0.7067856474413355,0.5414519473813794,0.7080658245805365
0.5356242859606414,1.126537740588738e-05,7.499734323560835e-06,2.2213455539247863e-05,8.834197022496158e-09,2.3477736698957157e-05,1.9300319557608403e-06,8.487684813304589e-07,1.454505940993787e-07,9.46391665763833e-05,0.5356242859606414,0.7133151302335882,0.5348506736310215,0.7148907589377471
0.5627127951002427,1.2138711628495246e-05,1.0070230667773407e-05,0.00012568508097251063,1.319712319754681e-07,6.0245753888961474e-05,2.1067872404656728e-05,8.487684813304589e-07,4.290897778145738e-07,0.000927608237169485,0.5627127951002427,0.6848788588429185,0.5617167013614168,0.6853558394162378
0.5593194629393847,2.0175360997354346e-06,9.276444360012782e-06,2.6579497704487474e-06,2.1781705744842683e-07,3.518935576579539e-05,2.1053400852745043e-05,3.161330996832259e-07,4.290897778145738e-07,2.397207025402633e-05,0.5593194629393847,0.6872866255837533,0.5582390303359086,0.6884724900128352
0.5537551858895562,1.126537740588738e-05,2.154947033447214e-06,1.5519159824580204e-05,8.834197022496158e-09,2.3392900319911487e-05,1.2362232439564334e-06,8.428189188021055e-07,1.454505940993787e-07,1.65129247948634e-05,0.5537551858895562,0.6934480670822849,0.552732715219302,0.6947367920991674
0.5529814567723853,2.2408307787364368e-07,1.0070230667773407e-05,5.90309398702364e-06,2.432843192692832e-06,6.024981008173098e-05,4.168464784765923e-06,8.060117363861036e-07,0.002339691133325745,0.0006024928241194483,0.5529814567723853,0.6981600830777633,0.5518698200293586,0.6979702804725891
0.5680569582245436,2.0175360997354346e-06,1.0070230667773407e-05,0.00012568508097251063,1.319712319754681e-07,3.518935576579539e-05,2.1053400852745043e-05,8.487684813304589e-07,4.290897778145738e-07,2.812679108229306e-05,0.5680569582245436,0.6776069660932407,0.5669791067676597,0.6787843163123787
0.5806744530935952,1.2131520642136884e-05,3.561805789998272e-05,0.0001535421005609844,6.671865265788933e-05,2.3602303343444827e-05,0.009984244317687458,1.2662981934623717e-06,0.0008797757553082472,1.681944812254308e-05,0.5806744530935952,0.6777168511310331,0.5800687236060058,0.6740978834414408
0.5680894104315073,8.011651073721876e-08,6.217392250346117e-07,0.0017250566154665267,1.3792571225431306e-06,2.2734979521575714e-05,4.172335775616334e-07,4.40479892772767e-08,1.3660463575114308e-05,9.522245584460604e-06,0.5680894104315073,0.6796192843647153,0.5669669250688629,0.6799321157223928
0.59819179676027,5.945617553584246e-06,2.9575333219574006e-06,6.344579231293955e-05,7.787444653979425e-06,5.9048289414342034e-05,1.3307213228207651e-05,0.0005108249227155921,1.3991512706051785e-06,0.0004031752168519819,0.59819179676027,0.6436161849948283,0.5973446262247287,0.6443581228275785
0.5843078441530888,2.1662796205477397e-05,1.039897762959753e-05,2.149373509251887e-05,1.1690977552267121e-06,5.8359313278347804e-05,5.275261257345841e-06,8.301342255296728e-07,0.008321797277108836,2.6569005934275704e-05,0.5843078441530888,0.6699185811238318,0.5826704369197286,0.6672270992761555
0.5878065191849458,1.8251066683629961e-06,9.550584711637518e-06,2.106018464337717e-05,5.6515170972024e-06,1.5561728633190085e-05,1.2851610324765734e-06,1.2400418804624455e-06,3.283946993650985e-06,3.654975450287395e-06,0.5878065191849458,0.6545684145430836,0.5868183890409416,0.656011978546514
0.6167903629881517,9.424459396902135e-06,7.791701408219289e-06,1.7984570019795985e-06,2.0577559461589922e-05,6.234635929400968e-05,3.7432958018790746e-06,8.428110523279423e-07,4.4486393315665295e-05,2.5132675034629823e-05,0.6167903629881517,0.619812790449575,0.6160951844630452,0.6212853735691961
0.6088241378720815,6.777854890148738e-06,2.9575333219574006e-06,0.0016813947410623993,1.29424754019041e-05,5.8937129489892504e-05,1.3340175586860394e-05,7.858227713970405e-07,5.0726095535876534e-05,0.0004158542990287681,0.6088241378720815,0.6324066945610882,0.6080127136186728,0.6325582145408762
0.6088241378720815,2.367013510536658e-06,1.5922858163494229e-06,0.0016813947410623993,1.1468712313640243e-05,5.8937129489892504e-05,1.3340175586860394e-05,7.858227713970405e-07,1.4803493768827957e-06,0.0004158542990287681,0.6088241378720815,0.6323293503996167,0.6080163645335187,0.6325111197918061
0.6024201710395884,4.849754471627115e-06,1.937564667489297e-06,0.001714115231520722,4.381753713320672e-05,1.2523474177332069e-05,4.953972565300914e-06,1.2015149121540606e-06,5.083570675578733e-05,2.592213755452201e-05,0.6024201710395884,0.6396239106689753,0.6014981168217379,0.6400696652675232
0.6280189504649117,4.733648536747215e-06,2.1018261149434202e-06,0.0011929575389125354,4.3427346266371055e-05,4.902903267739614e-05,5.035189151670077e-07,8.126859338107727e-07,4.0238477142119044e-07,2.467960791851372e-05,0.6280189504649117,0.6074302454392412,0.6274491038742764,0.6081377693266735
0.6212951045042573,9.4244129956325e-06,8.477727841628817e-06,0.0017711004835917357,4.596847196858247e-05,6.710869295555492e-06,4.1729180400688075e-07,4.40479892772767e-08,1.3660463575114308e-05,9.516643567000134e-06,0.6212951045042573,0.6165764008181516,0.6205962044802178,0.6169877030101479
0.6379524230009322,0.00026795016391019155,1.2250105338654785e-06,2.531897239226394e-05,4.135418759191272e-05,5.863427028975552e-05,5.087465860190782e-06,3.0011571736342847e-06,0.0006313459397023271,1.8807539544668446e-05,0.6379524230009322,0.594497421506679,0.6375580367136207,0.5953285300126164
0.6487211478534214,1.352348929405836e-06,3.317590674295539e-06,2.2727347702720207e-05,3.2310974298591605e-06,1.4327223082181032e-06,5.642925917247963e-07,1.2015035344573687e-06,4.069536180605969e-05,2.5939418158122874e-05,0.6487211478534214,0.5793036079710561,0.6485897516556577,0.5805696327760091
0.6639326486948859,1.0527640636884959e-05,4.23168244747897e-06,8.169626629834699e-05,4.1344234847956704e-05,0.0012268453412530266,3.7334390775311925e-07,1.1277176108015807e-06,2.623660254975616e-05,7.94726348713452e-06,0.6639326486948859,0.5612101796044211,0.6642184943150572,0.5613433682470652
0.6793126600237955,1.1270305774730621e-05,5.212246794222862e-06,2.3624497290181384e-05,1.1182860281872439e-07,1.2566481683820016e-05,3.033185482338089e-05,7.90590859115827e-07,2.9752639449868225e-05,1.6854889437586955e-05,0.6793126600237955,0.5387250457554128,0.6799032070981329,0.5395732617272672
0.6922288892970535,1.1829806794946318e-05,3.561805789998272e-05,2.3624497290181384e-05,3.2337027506870116e-06,2.433922465170321e-05,0.00012263947004396145,1.2662981934623717e-06,0.0008797757553082472,1.6854889437586955e-05,0.6922288892970535,0.5224740374123565,0.6927859593011291,0.5236181663646573
0.6874686028016614,1.1270305774730621e-05,9.750073432981431e-07,2.3624497290181384e-05,1.1182860281872439e-07,1.2566481683820016e-05,3.033185482338089e-05,7.90590859115827e-07,2.9752639449868225e-05,1.6854889437586955e-05,0.6874686028016614,0.5275728714013045,0.688090722824574,0.5290024138737838
0.7024095264815811,1.352348929405836e-06,3.275850403912028e-06,2.2727347702720207e-05,3.2310974298591605e-06,1.3895510502590903e-06,1.3357410437330111e-07,1.200253781295419e-06,4.070170824428209e-05,1.638985944083412e-05,0.7024095264815811,0.5067558569267839,0.7030898932127913,0.5092688122679272
0.7269015653876397,1.2147209636259536e-05,1.0216347854884983e-05,8.143852583502748e-06,0.009983468408660648,2.199588308970188e-05,1.6212065460725904e-05,1.1616754030444303e-06,4.367066528056394e-05,0.000394031982214378,0.7269015653876397,0.4875909325853069,0.728827072006198,0.48256479317603707
0.7490754617398727,9.445850411839241e-05,9.973356289409004e-06,7.236825308080359e-07,1.7787728507998404e-05,5.9159230729671934e-05,4.98877186470966e-06,8.246946843208329e-07,2.142491016034454e-06,1.7026029387923385e-05,0.7490754617398727,0.43920921106634625,0.7500030198286155,0.44156631029627924
0.7592824252744915,6.68161972895284e-06,1.1457513459688437e-05,0.000163092316407129,2.3126771897717965e-08,6.268876049603505e-05,7.022821972077253e-07,1.4105461710366251e-07,5.083570675578733e-05,0.0002427166881523507,0.7592824252744915,0.4243387284995459,0.760157061330612,0.4249723529478873
0.7797484064437633,3.1205513742348037e-06,1.054998642232208e-05,7.083961237921231e-05,4.376788132254833e-06,1.6318042066593033e-05,6.573501486247864e-06,2.0105788361440347e-06,1.8335317325942123e-06,4.01747659383451e-05,0.7797484064437633,0.3922429312254409,0.7804028873344878,0.3900241319024871
0.7797484064437633,3.1205513742348037e-06,1.054998642232208e-05,7.083961237921231e-05,4.376788132254833e-06,1.6572399608474386e-05,6.573501486247864e-06,0.04570646284416619,1.8335317325942123e-06,4.01747659383451e-05,0.7797484064437633,0.464513780362643,0.7801533543377456,0.42398745623900214
0.7796982709778197,2.9054881113863446e-06,1.054998642232208e-05,5.6952831689473915e-05,4.376788132254833e-06,1.6572399608474386e-05,6.573501486247864e-06,0.04570646284416619,1.3281168104093048e-06,4.01747659383451e-05,0.7796982709778197,0.46456580978888334,0.7801052534113031,0.42405526411533817
0.7866490762772447,4.6808514469227986e-08,7.962580851503515e-06,0.0016945018476008237,2.298846300325385e-05,3.581679707536767e-05,5.949642007330414e-06,4.835200746186182e-07,1.5721614428171819e-06,0.0029962120447448014,0.7866490762772447,0.38888377005991714,0.7874618034023242,0.3821646044694184
0.7866490762772447,4.6808514469227986e-08,8.003256357248913e-06,0.0016945018476008237,2.298846300325385e-05,3.581679707536767e-05,5.949642007330414e-06,1.9859677356756673e-06,3.7189132981307125e-07,0.0029962120447448014,0.7866490762772447,0.38888432306833987,0.7874619945665973,0.3821644924269831
0.8339303203544183,5.8733857457804406e-08,1.1462363899562942e-05,0.0009678864385513307,4.5926526824335346e-07,5.9032538985463316e-05,7.252373135806843e-06,1.1403828025090467e-06,5.1667341790800535e-05,8.181559644197803e-05,0.8339303203544183,0.3065611852985078,0.8332725118421033,0.3021262654734332
0.827745865514002,4.6808514469227986e-08,8.003256357248913e-06,7.569152229851596e-05,2.298846300325385e-05,3.581679707536767e-05,5.949642007330414e-06,2.1210978022610873e-07,3.7189132981307125e-07,8.847220023614847e-05,0.827745865514002,0.31523705852553113,0.8272463513908692,0.31225677139695973
0.8265987448268416,4.6808514469227986e-08,1.1501746498198646e-05,0.039784491880205275,1.4994714121059296e-06,5.896408437013516e-05,1.3781771042979376e-05,2.1010612429651846e-07,1.2508382607285246e-05,2.627104134369649e-05,0.8265987448268416,0.38286591469955567,0.8215728164711793,0.3519185926723117
