x0,x1,x2,x3,x4,x5,x6,x7,x8,x9,f1,f2
0.1545926977768128,1.9551081101880814e-07,1.5701314726201173e-09,2.123473198156438e-08,2.0209614006691077e-08,2.6229375019692637e-07,8.226069947460372e-10,4.281537508782694e-08,6.618067982917677e-09,1.3102427365645878e-09,0.1545926977768128,0.9761016633808142
0.15176542891745015,1.9551081101880814e-07,9.314332560766594e-10,2.123473198156438e-08,6.117326336560034e-09,2.6229375019692637e-07,1.1162391191869683e-08,4.281537508782694e-08,1.2408224965725404e-08,5.040821448291436e-08,0.15176542891745015,0.9769678713537862
0.15176542891745015,1.9551081101880814e-07,9.314332560766594e-10,2.123473198156438e-08,6.117326336560034e-09,2.6229375019692637e-07,1.1162391191869683e-08,4.281537508782694e-08,1.2408224965725404e-08,5.040821448291436e-08,0.15176542891745015,0.9769678713537862
0.17948592514132922,9.48837365001319e-06,1.62437439839598e-07,1.1803370685352475e-06,2.1853110045451926e-08,3.582748615464521e-07,2.0809282934295923e-05,1.2781822650765894e-07,1.5587690892035312e-07,4.5012485862452915e-07,0.17948592514132922,0.9678186122094432
0.1664336514025031,6.176688342867878e-06,8.261999324910957e-07,4.934341925104188e-07,2.2080796220243613e-08,6.06683236318391e-07,3.3655677981764563e-06,1.9472496323462854e-07,1.3859380848033194e-07,3.8808325667352034e-08,0.1664336514025031,0.9723120310592744
0.18535399769463418,7.335445200101974e-07,8.098208920473624e-08,2.8403493229826437e-07,2.06825142629617e-08,1.0737579866732198e-07,1.5240925915321557e-06,6.382540516986252e-08,1.1236184991977695e-07,1.365213224737284e-09,0.18535399769463418,0.9656469244070126
0.19683213626971136,0.00012172013611307331,6.339254548860604e-08,4.930782991064725e-07,3.56167982717751e-08,2.7176509298940287e-07,1.0922929455384892e-06,6.013480580423588e-08,1.352472159428923e-07,3.553975286961001e-08,0.19683213626971136,0.9613858172634668
0.20883213328342182,6.873602246997552e-07,6.370983949225499e-07,1.1469136305666639e-06,3.465296796924712e-07,1.3858175769885452e-06,2.68080997795742e-06,7.009009737214763e-06,4.060742896579216e-06,4.176569149254959e-06,0.20883213328342182,0.9564122360836578
0.20883213328342182,6.873602246997552e-07,6.370983949225499e-07,1.1469136305666639e-06,3.465296796924712e-07,1.3858175769885452e-06,2.68080997795742e-06,7.009009737214763e-06,4.060742896579216e-06,4.176569149254959e-06,0.20883213328342182,0.9564122360836578
0.2032882579354005,1.0157621309747484e-05,2.018862256832782e-06,2.4047990435971225e-07,1.094251567411411e-06,1.0672078772673761e-06,1.022071705288406e-06,1.225405713690517e-06,4.2830379790489504e-07,5.399420251879465e-08,0.2032882579354005,0.9586919076521541
0.22123540811682624,6.594614824155364e-06,8.690206493233001e-06,1.5563715157323714e-05,1.225287081433627e-05,3.81695013094936e-07,5.283610735112016e-06,6.89611983063598e-06,8.407619105995327e-06,6.793649497557231e-07,0.22123540811682624,0.9511228129937542
0.23144657792075368,1.3846854609196032e-06,2.432328641206685e-06,6.7750673494005845e-06,1.2415818310857993e-08,6.513867812951596e-07,8.007275313815071e-08,2.70182183469042e-07,2.738589082308598e-06,4.053819684333719e-06,0.23144657792075368,0.9464518656629403
0.23533762856354523,6.713776194608751e-06,9.094782826066803e-07,2.0150583815118876e-07,3.0442352051636626e-08,3.7245501871230478e-06,7.502257258078232e-05,1.5770946894325749e-06,1.0154924938430929e-08,4.062107073885873e-08,0.23533762856354523,0.9447093168705909
0.25899382233339907,1.3443906650374352e-06,1.97568207275552e-06,1.3827197406411992e-06,8.90170989529416e-08,9.35778886962577e-07,1.9624025674385602e-05,5.1769422378379775e-06,7.155502216178132e-06,1.4200270052300664e-06,0.25899382233339907,0.9329639269922003
0.2588650297535643,6.713776194608751e-06,1.137269863823198e-06,4.832786992168896e-06,3.0442352051636626e-08,3.827426838247926e-06,7.502257258078232e-05,1.5770946894325749e-06,1.0154924938430929e-08,5.350277132762026e-08,0.2588650297535643,0.9330883465875475
0.2588650297535643,6.713776194608751e-06,1.137269863823198e-06,4.832786992168896e-06,3.0442352051636626e-08,3.827426838247926e-06,7.502257258078232e-05,1.5770946894325749e-06,1.0154924938430929e-08,5.350277132762026e-08,0.2588650297535643,0.9330883465875475
0.24056952183084504,2.697174553875333e-07,4.404346538867672e-08,6.54653230862433e-06,1.0776482717873586e-06,1.4000702657890103e-06,9.395057926948045e-07,2.0427179526088505e-07,4.466628472630564e-08,7.097720975371242e-08,0.24056952183084504,0.9421375159050234
0.24111374973943978,7.517591901545316e-09,6.711584918430722e-10,1.1109909380435923e-09,1.3539922902696868e-10,1.1983566048810982e-08,1.1631360882368962e-08,1.2720170479735457e-06,2.541171566356028e-09,1.2052412545105264e-09,0.24111374973943978,0.9418655445889897
0.27873219753390954,0.0003217271461444229,6.749527002948559e-05,2.0729011359346336e-06,6.85930156599321e-05,0.00021988137640286895,0.00022019943169353413,4.889395516452771e-05,1.4901375839529798e-06,1.963185061186414e-05,0.27873219753390954,0.9233536338453536
0.270822824963958,6.621639321102787e-07,9.557246959565513e-08,1.457650257272748e-07,2.110759646190604e-08,4.053804055816316e-09,9.311920888436557e-08,6.861882080658023e-06,4.7617362484716077e-07,1.1928994707132973e-07,0.270822824963958,0.9266640985025993
0.27047017005399493,7.744466143778025e-08,5.5940839226665033e-08,2.998897223099642e-08,1.3192669312186578e-09,1.0116245070110428e-07,2.434649944527613e-09,4.427525162086902e-08,6.786787418639246e-09,3.747439949868919e-08,0.27047017005399493,0.9268462700416158
0.29293822834943123,3.429521564403534e-06,1.5631550998578921e-06,3.1770048920323896e-05,0.00012706399180730662,6.029593281872204e-07,0.00021813662198850713,6.974110780739086e-06,8.407619105995327e-06,8.514693219147952e-07,0.29293822834943123,0.914620202330896
0.2862807952855436,3.1066194545953664e-05,6.041132492583573e-07,1.0257819834264535e-07,3.302718481424397e-08,7.059048135269844e-07,1.1073238159563454e-07,7.640331405077492e-07,1.699760466148216e-07,4.545002512472489e-06,0.2862807952855436,0.9180845303718296
0.28541558671166134,4.258727391504426e-07,6.429603797912228e-07,9.172348378419238e-08,3.302718481424397e-08,6.710523872965206e-07,8.783047197587301e-08,8.050361706727644e-08,1.4348103136895174e-07,1.9433337381729256e-08,0.28541558671166134,0.9185403176275574
0.28223459407434115,4.258727391504426e-07,6.429603797912228e-07,9.172348378419238e-08,3.302718481424397e-08,6.710523872965206e-07,8.783047197587301e-08,8.050361706727644e-08,1.4348103136895174e-07,1.939262444229712e-08,0.28223459407434115,0.9203460046641745
0.2813454056161001,1.1586922110743984e-08,1.863260928998925e-09,1.6018651063297856e-08,1.0581196776579131e-08,1.246878119391583e-08,1.2279163171832686e-08,2.193251153443131e-09,1.4427587794310884e-07,4.226940030873173e-09,0.2813454056161001,0.920844995290235
0.2813454056161001,1.1586922110743984e-08,1.863260928998925e-09,1.6018651063297856e-08,1.0581196776579131e-08,1.246878119391583e-08,1.2279163171832686e-08,2.193251153443131e-09,1.4427587794310884e-07,4.226940030873173e-09,0.2813454056161001,0.920844995290235
0.31947282379031716,2.2553423047022195e-07,3.6215051680444494e-07,4.312559728779562e-06,9.862144405685588e-10,8.932294819604128e-07,3.1712040109556227e-06,6.063218215584793e-08,6.290222931602545e-08,1.457443890629828e-07,0.31947282379031716,0.8979472923386457
0.31766897243830955,1.7021674067723644e-07,1.0596419361929048e-09,7.575771791088471e-08,9.619274977964921e-09,1.7439798716365877e-08,1.5708707127733679e-06,2.3285173313104636e-08,1.0659787283873655e-09,1.299495239124149e-08,0.31766897243830955,0.8990884962102549
0.31897667885453773,5.4599749436267835e-09,5.977857162574633e-10,7.575771791088471e-08,9.619274977964921e-09,4.5083130563043515e-09,9.837682707776996e-07,8.54188646087671e-09,2.799963381039859e-10,1.299495239124149e-08,0.31897667885453773,0.8982550919511978
0.3159555575100902,6.578284302214893e-05,0.0004084170848289198,4.784000112377542e-07,4.236887237758094e-06,3.099059942012811e-05,0.0002063512995591502,8.383645485462546e-06,7.145517972764778e-07,1.1414429456727824e-05,0.3159555575100902,0.9009823514562119
0.3012794777676493,1.3846854609196032e-06,7.623611825313886e-06,9.842909735930709e-05,3.5825193728172877e-06,6.220865544077692e-07,9.006235208433065e-07,1.942152527833687e-06,6.464967146677735e-05,8.944803695462415e-09,0.3012794777676493,0.9094260774810872
0.3136140774937787,1.3846854609196032e-06,2.392037291414508e-06,9.842909735930709e-05,2.653828488598072e-06,6.239517125945852e-07,9.006235208433065e-07,1.0330892991854817e-06,6.464967146677735e-05,1.1533422408263325e-07,0.3136140774937787,0.9018353245847404
0.32185007381859315,3.979725419289193e-08,3.945798095104852e-08,1.8223847373706965e-06,8.28313713360918e-09,1.0893822936313302e-06,6.706562600820478e-08,1.6302682337324473e-06,1.448394934816291e-07,1.0998475227691857e-08,0.32185007381859315,0.8964178851135987
0.3339608354734053,2.3628479096541883e-05,2.491021932458766e-08,1.36386798437176e-07,1.9838053330275994e-07,1.1471158749916571e-08,7.025979599468259e-07,7.5869580844052955e-06,9.060362239420445e-08,1.2917360468567818e-09,0.3339608354734053,0.8885061527887463
0.3203406944087307,6.58773877034596e-08,1.767329760846605e-08,1.2191733084178232e-09,1.1588371617853245e-08,1.2452565435140108e-08,1.144287139823806e-08,3.3682710332073546e-09,1.3596686603816011e-09,9.47254541953263e-09,0.3203406944087307,0.8973819877573204
0.35466398856037407,1.6912311572854944e-06,1.5668383264589911e-06,2.8188759527938446e-06,4.0788367078462716e-08,3.1562696023601425e-07,5.690787576372916e-06,9.992332532717565e-07,1.98943871218715e-07,2.574622629007257e-08,0.35466398856037407,0.8742284822755442
0.3502682324264078,2.454873326168175e-09,3.0274192159378563e-09,1.5265556348447245e-07,4.352889571184522e-10,1.530150430544885e-08,9.9160013523841e-09,1.273465159494086e-08,1.3588012085820637e-10,4.1975618011839385e-09,0.3502682324264078,0.8773123908545435
0.3502682324264078,2.454873326168175e-09,3.0274192159378563e-09,1.5265556348447245e-07,4.352889571184522e-10,1.530150430544885e-08,9.9160013523841e-09,1.273465159494086e-08,1.3588012085820637e-10,4.1975618011839385e-09,0.3502682324264078,0.8773123908545435
0.3422169979548185,6.019223124027017e-06,1.4924448688390033e-06,1.4710308340016215e-06,1.0597038446056292e-06,5.703229903954026e-07,7.924119278808675e-07,7.153892802753682e-08,1.5798234719063623e-07,1.0293803972773161e-07,0.3422169979548185,0.8829006385105705
0.3453108970973999,5.804808864638006e-07,8.079202458411149e-08,7.070569754429744e-07,5.880830411912791e-07,1.3900088289583765e-07,1.65235538780251e-06,3.0653566935342235e-06,6.552605661767538e-08,4.2555745561812006e-07,0.3453108970973999,0.8807685594999535
0.34508849080144,2.1258305645408513e-07,5.5831650951109554e-08,9.406124711016385e-08,1.9189831418104592e-08,7.863394268300228e-08,1.0850690923457031e-07,9.611820006004262e-09,3.1871200915015407e-07,9.387220158090273e-09,0.34508849080144,0.8809149479875993
0.3764292611160476,6.197071786856416e-07,8.764594050780453e-08,3.7130994583814795e-06,1.464899024875907e-07,1.1086899087101493e-06,0.00011519176674215965,1.7726749165750386e-06,2.6268514945890687e-05,8.070744679667434e-07,0.3764292611160476,0.8584719384215053
0.37782581129959375,9.694914801980917e-06,2.2517983123170888e-07,5.320592608739139e-07,7.031614058749527e-07,1.2817325560068714e-07,7.545000697683324e-07,3.4822674453679547e-07,9.034461966797274e-05,5.846816296355763e-06,0.37782581129959375,0.8573717319985977
0.36582657735747975,3.4675260156200005e-06,8.949090651684108e-08,3.1770048920323896e-05,3.2639030763339084e-06,1.534400529398306e-07,1.3992154181799893e-06,6.8424974245337325e-06,8.407619105995327e-06,8.514693219147952e-07,0.36582657735747975,0.8662346873308122
0.37217090153046106,6.271736865682135e-05,4.5336391331380536e-05,1.1873844667212435e-06,3.5772166134067455e-06,2.9074030254036462e-05,1.9156568258245033e-05,2.885166593214932e-07,7.837944252353892e-07,4.1470154514553e-07,0.37217090153046106,0.861673865416923
0.36684065715035763,8.029060096187525e-08,1.5523110223614632e-06,5.662187122835966e-08,6.1383386726149696e-09,8.240250047574258e-08,8.636293411322272e-09,1.3629361481619944e-08,5.933546872527811e-09,6.841224364061815e-11,0.36684065715035763,0.8654299813344561
0.3865513077150248,0.00010378953754513619,4.5336391331380536e-05,2.5235790960752652e-05,3.3285047137706793e-06,3.058686227769714e-05,7.91112418203021e-05,3.9637161108373997e-07,2.0490480238887684e-06,5.216718844887707e-07,0.3865513077150248,0.8509118147929008
0.3961711643784322,9.20344651528363e-08,3.3466175521831286e-08,3.374148339092896e-07,3.007624787664318e-07,1.2190167632202458e-08,9.194589513269325e-07,5.902709225128824e-09,1.4376197441835055e-07,4.9493986565907015e-08,0.3961711643784322,0.8430506003427688
0.3884252496412471,9.774238631389137e-09,1.5096594657356313e-08,1.9292564109497657e-07,6.68767452307544e-08,8.241733943379092e-08,7.656665922068129e-08,5.7061442892094835e-08,3.962599522175988e-09,5.996181404729883e-09,0.3884252496412471,0.8491264131665752
0.4195470230681833,6.594614824155364e-06,8.576515735539961e-06,2.2247531523528627e-05,1.1960455688427199e-05,4.08741054886491e-07,0.0001621100024803648,6.89611983063598e-06,8.407619105995327e-06,9.2360934457088e-09,0.4195470230681833,0.8242474907703368
0.4036525095932444,2.048127424798347e-07,1.2377480017194901e-08,7.3049397939745275e-09,2.2061932889409695e-08,8.53677657075688e-07,3.494491445709821e-08,5.659197229688824e-08,1.0744296870183146e-07,6.261681160715326e-08,0.4036525095932444,0.8370662352206699
0.4070367199992235,1.3141017791114099e-08,2.3727787820896942e-08,1.0015927446325901e-08,9.821401865953651e-09,1.9069384765945213e-09,2.4200154370366544e-09,4.821756395792361e-08,1.5237487676669114e-09,7.796202240578654e-09,0.4070367199992235,0.8343212467875213
0.4321479399055025,4.197837021094851e-07,1.2387456605485654e-06,1.5482291519834207e-07,9.718240383859903e-06,2.621672333353889e-07,4.5857818440982905e-07,2.9842426538223442e-06,1.0922218288893798e-06,2.3240691065490276e-06,0.4321479399055025,0.8132702943002659
0.43677518996487363,9.065966833365274e-08,5.1163450995497717e-08,9.172348378419238e-08,3.302718481424397e-08,1.7588490972371626e-07,3.0802032236541216e-07,7.501601931918781e-07,1.1472028358489219e-08,1.463343229184759e-07,0.43677518996487363,0.8092294082621052
0.435261121895667,1.1181200719083474e-07,3.073197577573095e-08,3.979073245421068e-06,7.764274377193913e-08,1.0894848006626278e-07,6.10967302709488e-08,5.6748683625172985e-08,1.2612541304011521e-08,5.996181404729883e-09,0.435261121895667,0.8105530424762739
0.42358255601896616,1.1016593904882068e-07,1.0392796268786285e-08,1.4710308340016215e-06,5.18600240623213e-07,4.597299843324696e-07,5.591058162845364e-07,6.154425597362242e-08,4.5532143795097607e-07,7.131805691090418e-09,0.42358255601896616,0.8205821266905318
0.42107050942763036,2.5973518588221424e-06,1.197357359299101e-07,5.866326014952509e-07,6.823531489766445e-08,3.4048844872334007e-07,6.262026736059449e-08,3.4876003116521735e-09,6.796545437681073e-07,2.465185345572077e-08,0.42107050942763036,0.8227049037574571
0.45081892633162757,0.0002131134085054935,4.536380489692716e-06,7.374043092423248e-05,2.612056157209452e-07,4.03829368234149e-05,0.00015293698528542657,0.0005460228820085913,9.063478059695654e-05,6.370520413435673e-06,0.45081892633162757,0.7981192889221485
0.44776543490148124,1.0230483970847506e-06,1.973406351835244e-08,3.481661075702192e-07,9.544911861008305e-08,7.02692437713331e-08,1.2798283689817997e-06,5.2853682431414383e-08,2.63305877342376e-08,1.5856303359544448e-09,0.44776543490148124,0.7995096174648137
0.44776543490148124,1.0230483970847506e-06,1.973406351835244e-08,3.481661075702192e-07,9.544911861008305e-08,7.02692437713331e-08,1.2798283689817997e-06,5.2853682431414383e-08,2.63305877342376e-08,1.5856303359544448e-09,0.44776543490148124,0.7995096174648137
0.44169275766934707,1.352275679518535e-06,6.437115583349284e-07,1.6442728354549307e-08,1.2816854623987238e-07,3.1567372089329933e-07,3.5111092587113095e-06,9.961307201759767e-08,3.360815382679112e-07,1.1790015443279815e-07,0.44169275766934707,0.8049153009839177
0.4442564934769576,9.065966833365274e-08,5.1163450995497717e-08,9.172348378419238e-08,3.302718481424397e-08,1.7588490972371626e-07,3.613140483745643e-07,7.653653300598414e-07,1.699760466148216e-07,1.463343229184759e-07,0.4442564934769576,0.8026384255706321
0.44673194532367855,2.556469952638579e-08,1.5306255606414515e-09,9.076827504178631e-10,2.5794682690991074e-08,7.584913294453753e-08,1.5445366805735288e-08,4.822512466339705e-08,1.157197536179752e-08,8.524790656022962e-09,0.44673194532367855,0.8004308250323203
0.4767253076996214,3.240075104117428e-07,1.2784392221185535e-07,2.6966953178207838e-08,2.2513087422093388e-08,9.91534151274426e-07,7.173983314880596e-07,1.0548369886518193e-07,7.142873831039684e-08,1.5114290845255647e-07,0.4767253076996214,0.7727360961927997
0.47494096849232315,5.772971519543994e-07,8.261999324910957e-07,1.0666107120661799e-07,4.1149905385467285e-09,9.261244457521467e-08,4.022187549179061e-06,1.9472496323462854e-07,3.054758865469115e-08,1.2868843698655321e-09,0.47494096849232315,0.7744382529211529
0.47109969280758174,5.221602761253221e-06,2.8579299824117976e-08,1.2718811810981588e-09,3.998071045487085e-09,2.4917588076317748e-08,3.345222548516743e-09,2.387267571460504e-08,3.6711136024917784e-08,6.941553473072448e-10,0.47109969280758174,0.7780716106636032
0.4650381356526756,1.4506608886045674e-07,7.862589218593606e-08,1.3388256191410721e-07,1.0356411641475096e-08,1.0454025926674978e-07,1.073142376634872e-07,7.647118433154447e-08,1.7503250633134906e-07,1.4818551622825518e-07,0.4650381356526756,0.7837407236847824
0.4650381356526756,1.4506608886045674e-07,7.862589218593606e-08,1.3388256191410721e-07,1.0356411641475096e-08,1.0454025926674978e-07,1.073142376634872e-07,7.647118433154447e-08,1.7503250633134906e-07,1.4818551622825518e-07,0.4650381356526756,0.7837407236847824
0.46220486183872966,4.999987648657903e-09,1.892828224437994e-08,8.126085101878487e-08,1.1310877653700293e-09,9.052446481746561e-08,3.663303661029491e-07,1.9855050889327252e-08,4.195538111441781e-09,3.77316926962333e-09,0.46220486183872966,0.7863673829484079
0.4973342196408377,0.00021240758169806714,3.472397690218988e-05,1.0976706215808704e-05,4.436981597006253e-06,6.198454634306204e-05,1.976831555707667e-05,5.303306413010704e-06,6.342454519411253e-05,6.149125628353926e-06,0.4973342196408377,0.7531814849397054
0.4973342196408377,0.00021240758169806714,3.472397690218988e-05,1.0976706215808704e-05,4.436981597006253e-06,6.198454634306204e-05,1.976831555707667e-05,5.303306413010704e-06,6.342454519411253e-05,6.149125628353926e-06,0.4973342196408377,0.7531814849397054
0.4923814796022727,1.4760705807598247e-06,7.947750810748573e-06,1.800643030320077e-06,2.5043740050093423e-07,4.154470916656689e-07,7.643419916307541e-07,1.5688427813308843e-07,4.002457584462977e-06,1.3333512837000708e-07,0.4923814796022727,0.7575815345547054
0.48619278279879397,0.00016488355960116087,4.126730625453724e-05,3.637542880365155e-05,7.811481113610211e-05,0.00010593976320773548,0.00021209371017485488,6.3232274835393e-05,1.4376979186745114e-05,1.815613676138391e-05,0.48619278279879397,0.7645244999455825
0.4799137670014201,4.935441510475697e-06,4.227919174322564e-07,6.105156245983762e-06,2.2433849206273244e-08,6.27275688613746e-08,3.2742736622578096e-07,2.493777955156091e-08,1.0462477944347538e-06,3.830908206122833e-07,0.4799137670014201,0.7696991766437233
0.48483206770539167,1.1510501929603389e-06,1.3013090149096041e-07,1.2180686968850099e-06,2.619806244388068e-08,1.764108238950611e-07,3.3084742695573185e-08,2.982545492698093e-10,6.070897181979757e-07,2.72980688541581e-08,0.48483206770539167,0.7649420278235992
0.511297349001657,8.586435291103051e-08,1.3531444495528089e-07,1.874176601600365e-07,9.796867698078741e-09,4.198093656817971e-08,4.3956801594956497e-07,5.8268836328189206e-08,7.944407533678701e-08,2.2494710455720763e-08,0.511297349001657,0.7385763582031497
0.5137381828963358,2.1440226233558772e-08,5.9820616511037344e-09,2.850827343313856e-07,5.1975749765554364e-09,2.4887281689095187e-08,1.84288884092529e-08,6.646649728398902e-08,1.2831359191503981e-08,6.956286510032935e-10,0.5137381828963358,0.7360736368415779
0.5155615125178372,4.644370146588534e-08,8.971738581066497e-08,1.03954309260375e-08,3.545580355522201e-08,7.845483092381119e-08,9.969665389142284e-08,3.5058340548360843e-09,7.178023141497617e-09,1.2219176729723185e-08,0.5155615125178372,0.7341968116976948
0.5000791435353582,2.1737700922276395e-05,2.487580422555252e-06,7.022232234339698e-06,0.0001844135342653092,5.9372025343646195e-06,0.00010676462337452498,6.591728226707663e-05,1.2440698606264156e-05,2.3984271386778717e-06,0.5000791435353582,0.7504322398440816
0.5094703724470271,2.7705880281436505e-09,1.0006623842532556e-08,2.382251103452771e-08,9.441637641752123e-10,2.204646701057125e-09,2.2165842495649956e-09,4.542545471498477e-09,1.4333535187654605e-07,6.44246459999563e-09,0.5094703724470271,0.7404401868320282
0.5094703724470271,2.7705880281436505e-09,1.0006623842532556e-08,2.382251103452771e-08,9.441637641752123e-10,2.204646701057125e-09,2.2165842495649956e-09,4.542545471498477e-09,1.4333535187654605e-07,6.44246459999563e-09,0.5094703724470271,0.7404401868320282
0.5313335424720078,4.208084246959816e-06,1.3523644607768736e-06,2.4073482475739046e-06,1.2611885421235603e-05,9.477433203516638e-07,9.722577818318372e-07,1.8457012054047922e-06,5.949662746073323e-06,1.7873152922872116e-05,0.5313335424720078,0.7177464328110503
0.5308798333958241,7.670556039572547e-08,6.246920911347283e-09,4.85986195414954e-08,3.3942234146820464e-05,1.4351520125367994e-08,8.321546281451086e-08,3.451982633135597e-09,5.933546872527811e-09,5.496701333752756e-09,0.5308798333958241,0.7182104232213227
0.5315277575328317,1.1433262916660439e-07,4.1963124823134826e-09,5.352911878897331e-09,3.691767136436642e-09,1.777047899924856e-09,6.981164616427156e-09,4.839428635198018e-09,1.1171099471416084e-09,9.206268724797046e-09,0.5315277575328317,0.7174784372672852
0.5249936273045108,2.2184423401462602e-08,2.186360745473425e-05,1.2079624826734098e-05,1.0164191926506645e-06,0.00011268640213229922,4.815684357772566e-08,1.7803774449151122e-06,2.5737195483136917e-07,2.5340403109758486e-07,0.5249936273045108,0.7245730374636081
0.5266669692853075,6.823999786348225e-07,2.186360745473425e-05,1.2079624826734098e-05,1.0164191926506645e-06,0.00011268640213229922,1.102644615673259e-06,1.7803774449151122e-06,2.5737195483136917e-07,2.5340403109758486e-07,0.5266669692853075,0.7228157037606446
0.5285280681562563,9.286573730286945e-08,5.821984848417353e-07,3.1624702037301015e-07,1.8071470748853835e-06,2.5538943467952252e-08,5.682103897042734e-08,4.1557740206891594e-07,2.2948640098607358e-07,5.371866074472469e-07,0.5285280681562563,0.7206632792205244
0.5518208960376678,2.0530107149367837e-05,5.042050105859297e-06,7.120071387997577e-05,6.0314174431607375e-06,2.3499277661530574e-06,3.212110689193873e-05,6.9578413431793e-06,1.2694765878813806e-05,4.215961516095341e-06,0.5518208960376678,0.695703904012734
0.5594395920654822,6.823999786348225e-07,2.186360745473425e-05,1.2079624826734098e-05,4.2211002210773633e-07,0.00010942003209605786,1.102644615673259e-06,1.7803774449151122e-06,2.5737195483136917e-07,2.5340403109758486e-07,0.5594395920654822,0.6872214741897233
0.5590782498314439,9.008686691825364e-08,4.221593144031479e-09,1.705695252176501e-09,3.801119807279044e-09,1.4556459533077815e-08,4.992504081082346e-07,1.9014705733717386e-08,2.505776472551387e-10,8.164252541261361e-10,0.5590782498314439,0.6874323423449908
0.5414977859778191,1.2448449082802792e-05,8.027390061249115e-06,3.05527612133511e-05,2.30345161489657e-07,9.80581579003625e-07,5.256138646087245e-05,6.1108098015083336e-06,6.839814409538678e-06,1.5783779544062915e-06,0.5414977859778191,0.7069344634222545
0.5424400831043567,2.5561272050382594e-09,6.992932737142311e-10,1.0378619019842929e-08,8.891577574325309e-09,1.9756579449153956e-09,1.0120209931044995e-09,2.4805203767816723e-09,2.5617506948876607e-09,6.4424815091579725e-09,0.5424400831043567,0.7057588041261388
0.5424400831043567,2.5561272050382594e-09,6.992932737142311e-10,1.0378619019842929e-08,8.891577574325309e-09,1.9756579449153956e-09,1.0120209931044995e-09,2.4805203767816723e-09,2.5617506948876607e-09,6.4424815091579725e-09,0.5424400831043567,0.7057588041261388
0.5766335743930086,0.00015858589131791234,6.895669098700735e-05,0.00013762355815553792,0.00011606001835342492,1.940673403104395e-06,2.1576018168609993e-05,8.642378058411511e-06,3.907928093794795e-05,1.1505885042878888e-05,0.5766335743930086,0.6682451092763472
0.5720131075916073,5.714338471333628e-06,1.0635988182776888e-07,2.9458626994593873e-05,7.285256980057685e-06,1.0178397382568515e-06,6.3195564977963495e-06,2.3602859989359184e-07,6.10894214973323e-05,3.68526710708776e-06,0.5720131075916073,0.6729535124376155
0.5739050238555686,5.580580765484895e-06,3.820479381829061e-08,3.157339495749052e-08,2.2380936764136273e-07,1.6729152375583866e-07,9.139976864709076e-05,1.8318061698880442e-06,5.119941358328676e-08,1.3254419373252345e-07,0.5739050238555686,0.670765234892292
0.5617498353295847,6.604258499166293e-05,0.00020242787038688006,9.12215591614066e-06,3.3649708535111675e-06,3.099059942012811e-05,6.320375747926324e-07,8.383645485462546e-06,6.71722112477738e-07,1.1422834670162266e-05,0.5617498353295847,0.6848752468093531
0.5617498353295847,6.604258499166293e-05,0.00020242787038688006,9.12215591614066e-06,3.3649708535111675e-06,3.099059942012811e-05,6.320375747926324e-07,8.383645485462546e-06,6.71722112477738e-07,1.1422834670162266e-05,0.5617498353295847,0.6848752468093531
0.59223753816747,4.7371168974286946e-05,2.4685893826105983e-06,4.63905487850042e-06,5.36331601220521e-06,2.8633858107880483e-05,0.00022725437046406164,0.00012140043096996297,1.5690581548316834e-06,2.0010174367775745e-05,0.59223753816747,0.6498742250232316
0.5980851314679881,0.0001674732233231864,2.965471128162656e-07,5.3046456214237754e-05,6.489031288955713e-07,1.9946450377238067e-06,0.00020029842331000276,8.36599867586876e-06,5.904982260813548e-05,7.163608861995773e-08,0.5980851314679881,0.6429610563246376
0.593754114052435,5.04998783929922e-07,2.779627766248013e-10,9.777934564043984e-08,4.224548184424101e-11,1.256473363987695e-08,9.945587114564157e-09,4.402944446200377e-08,1.8726059875677332e-09,2.2597372490697426e-09,0.593754114052435,0.6474569633497876
0.5798405707045666,2.3891453758294067e-06,8.027390061249115e-06,3.05527612133511e-05,2.30345161489657e-07,9.1989603615574e-07,5.256138646087245e-05,6.2672878080667444e-06,6.839814409538678e-06,1.3098297063434392e-06,0.5798405707045666,0.6639306867651971
0.5805883868612898,4.5645677165527526e-08,3.571975462881021e-08,4.490810108359869e-08,1.4352572891337382e-08,6.197053478028595e-09,1.6653646778513317e-08,1.1245973652612947e-08,1.3687837794299373e-08,1.0966483932384845e-09,0.5805883868612898,0.6629173784287132
0.5799018314471134,6.485091139860199e-08,6.513148848867627e-10,1.3081441612545463e-09,1.6548396484201544e-09,1.425513158769007e-08,1.1629443383830315e-08,3.110920049786837e-08,2.3823831499107786e-10,1.1849879015924244e-08,0.5799018314471134,0.6637140496865638
0.6161840122650025,1.3038887340661894e-07,8.027365956126628e-06,3.416229680858372e-07,3.9912814517931894e-07,4.1794759221440046e-08,1.1568558237144286e-07,2.3413657557561968e-07,1.404659988265587e-07,1.3284531673008303e-07,0.6161840122650025,0.6203304574993161
0.6161840122650025,1.3038887340661894e-07,8.027365956126628e-06,3.416229680858372e-07,3.9912814517931894e-07,4.1794759221440046e-08,1.1568558237144286e-07,2.3413657557561968e-07,1.404659988265587e-07,1.3284531673008303e-07,0.6161840122650025,0.6203304574993161
0.6164423303123039,4.432844162139406e-07,8.969270042847353e-08,1.041047709284636e-08,6.698977846901533e-08,1.1627960796023578e-09,1.1512671079808274e-09,1.295770329472216e-08,3.931702581620651e-09,1.1679793441073597e-08,0.6164423303123039,0.6199997383393915
0.6093621466708575,1.2448449082802792e-05,8.027390061249115e-06,2.983235383415981e-05,2.30345161489657e-07,9.80581579003625e-07,5.256138646087245e-05,6.014010156162021e-06,6.839814409538678e-06,1.5783779544062915e-06,0.6093621466708575,0.6288402881014635
0.6152804309659123,1.2889168980409753e-05,7.697490435868189e-06,2.983077675329446e-05,2.30345161489657e-07,5.638545672286382e-07,3.511364741147426e-05,6.014010156162021e-06,3.3844482456284033e-06,3.6666764503604666e-06,0.6152804309659123,0.6215670041807191
0.6008472978161074,2.0350775936358182e-08,2.989284546030794e-08,8.126085101878487e-08,1.6244128693101422e-08,8.96807477394806e-06,3.683470152282719e-07,5.4767295726046984e-08,3.896736251641588e-08,2.887146534667822e-08,0.6008472978161074,0.6389955996644805
0.6394185343579328,3.0256593051547476e-07,4.34843726507141e-06,1.4356068771989595e-06,0.00012943089941182812,6.019264384501167e-06,2.1838263305542435e-06,1.5455012611944213e-08,4.2788008108033157e-07,1.1233007001515637e-07,0.6394185343579328,0.5913471939012513
0.6395100090074591,2.558713911659246e-08,3.022400292089501e-07,1.3122558834512503e-07,3.904676293087765e-07,8.934710925147169e-07,3.392549428579726e-07,2.3413657557561968e-07,1.2831359191503981e-08,9.5434736562337e-08,0.6395100090074591,0.5910303646421062
0.6395100090074591,2.558713911659246e-08,3.022400292089501e-07,1.3122558834512503e-07,3.904676293087765e-07,8.934710925147169e-07,3.392549428579726e-07,2.3413657557561968e-07,1.2831359191503981e-08,9.5434736562337e-08,0.6395100090074591,0.5910303646421062
0.6208033312952793,8.346835954242603e-07,4.243690633503723e-08,4.0799345014199884e-07,6.01387436803116e-10,8.563363844813655e-07,2.7628435308345424e-07,4.402944446200377e-08,2.0464059846200545e-08,4.0177199502278795e-08,0.6208033312952793,0.6146067192156904
0.6251407420493249,2.979479550375852e-08,4.806153018421132e-09,1.5333278666218882e-07,1.7506844382208095e-08,2.411411439737926e-09,1.0940892337043115e-08,5.328153708888438e-08,5.92692340936048e-10,1.447281347661055e-09,0.6251407420493249,0.609199433868549
0.6251407420493249,2.979479550375852e-08,4.806153018421132e-09,1.5333278666218882e-07,1.7506844382208095e-08,2.411411439737926e-09,1.0940892337043115e-08,5.328153708888438e-08,5.92692340936048e-10,1.447281347661055e-09,0.6251407420493249,0.609199433868549
0.6534381120480007,4.499785999722018e-05,8.03925602362395e-07,2.669940306073854e-06,2.513117959314812e-06,9.818421406628444e-08,7.698630027573833e-06,4.902930141114969e-07,1.5203826671690083e-06,9.192468158402805e-07,0.6534381120480007,0.5731066933727683
0.6575527331075643,7.061125899859615e-06,4.5996330886006604e-08,3.22974599404027e-08,1.69881745834688e-07,4.516976617321295e-07,8.332862661312256e-08,6.959606417259636e-08,4.5355404125489024e-07,2.0384681776581062e-08,0.6575527331075643,0.567636417721924
0.6573131518790166,6.81186012334426e-08,1.4637606183971535e-08,1.7413197587962658e-08,2.675660314102896e-08,3.617976474160088e-08,3.6741318581860012e-09,5.3502642584788236e-08,1.0415467005780819e-08,4.119567428693497e-09,0.6573131518790166,0.5679397566398513
0.647631999417942,4.1099064337771636e-05,3.255369415154503e-06,2.6913868643849332e-06,0.00044851114669174823,5.0212895234153206e-05,1.6256005113132548e-05,8.934587758290566e-06,8.139706973221567e-06,1.2725676144966077e-07,0.647631999417942,0.5813948238492956
0.6401960259360129,9.049004193863273e-08,4.604262641595428e-08,3.371238861017539e-07,3.473044233707121e-08,8.493552105001681e-07,3.3353559367653465e-07,1.0693948761141364e-07,6.958954611242608e-08,4.011278984336028e-08,0.6401960259360129,0.5901517382565422
0.6780574104970354,1.267714301401954e-07,1.4606960995146924e-06,4.143763886615234e-06,6.71504834262e-08,1.1542119307204563e-06,1.8958656908027303e-06,2.0891671486972463e-07,1.0922724211345231e-08,1.7399936407228748e-08,0.6780574104970354,0.5402514109887495
0.6781148367150979,1.2844200768186346e-07,5.5831650951109554e-08,9.430672363400527e-08,1.9189831418104592e-08,7.802884169363056e-08,1.0850690923457031e-07,9.611820006004262e-09,3.1871200915015407e-07,1.4746752521394297e-09,0.6781148367150979,0.5401614566886009
0.6710605493942504,3.3841101735981e-05,1.3483937569081314e-07,3.3248382086934663e-06,1.1520779198899278e-07,1.1025169324368082e-06,1.4439945754425238e-07,1.1324359083082727e-06,1.2576254098454662e-05,9.248787428025125e-09,0.6710605493942504,0.5497537069128088
0.6685063665557494,2.811831903718496e-07,1.9603568579347364e-08,1.3960591510961884e-07,1.57733040565896e-08,1.1133588226069827e-06,1.8154146061130216e-06,7.039817570670907e-08,2.6328038468082817e-07,8.270468931414784e-09,0.6685063665557494,0.5531046303059413
0.6732331120212136,2.1554388566029532e-08,6.005535654477439e-09,7.149042993227805e-08,8.700680733844206e-09,3.79455991013609e-09,1.3739582096163318e-08,9.242671194306813e-09,2.829197182197804e-08,1.5672340639627118e-09,0.6732331120212136,0.5467574157725262
0.6606458983361161,6.741439270245407e-08,2.543781270920975e-07,3.1027038650263206e-08,3.567865164170884e-08,3.0915401419723726e-08,1.6807933293478981e-07,7.657769486503719e-08,5.543939643538209e-08,5.401107665978835e-10,0.6606458983361161,0.5635480313296354
0.6599482322412598,6.852793587164339e-06,4.5996330886006604e-08,1.9102657911631818e-08,1.69881745834688e-07,3.608944209411649e-08,8.332862661312256e-08,1.8147823335446757e-08,4.655176378912758e-07,1.957708332911201e-08,0.6599482322412598,0.5644793993092765
0.6960018699793491,3.935900762934312e-07,5.481933286143314e-07,1.5303029218732822e-06,2.215907127535609e-06,3.8097021131903737e-07,1.5921485041978966e-07,7.545964344780001e-08,7.20874367607912e-07,7.878773541005114e-07,0.6960018699793491,0.5155915094010389
0.6960018699793491,3.935900762934312e-07,5.481933286143314e-07,1.5303029218732822e-06,2.215907127535609e-06,3.8097021131903737e-07,1.5921485041978966e-07,7.545964344780001e-08,7.20874367607912e-07,7.878773541005114e-07,0.6960018699793491,0.5155915094010389
0.6964981966533337,6.911540391531982e-08,2.5544604261085883e-08,2.3400072493022205e-08,2.1323152809065053e-08,2.628528386774062e-09,1.580163346293756e-08,1.076124804720635e-08,4.657548124792602e-07,1.9408156732034307e-06,0.6964981966533337,0.5148940864285452
0.6844971110787407,1.9792034754917985e-07,1.4215882076703632e-06,6.209438544393475e-06,3.3449955997923163e-07,1.4613761201791761e-06,4.739048233942146e-08,1.4205545006421712e-07,2.3766195262160266e-08,5.567217925690662e-07,0.6844971110787407,0.5314789699517254
0.6825693225223821,2.5906508053450634e-05,5.815528364127331e-07,7.590501974820672e-06,1.5173465611350498e-07,6.199950449922058e-06,1.2245013798748604e-06,1.8467591031106634e-06,2.8375399731337384e-08,5.5719404585598757e-08,0.6825693225223821,0.5341630112404743
0.6861025003274581,1.8763864003872473e-06,3.0270756256842977e-09,1.7298215588206585e-10,1.6244128693101422e-08,3.4587164544352695e-08,2.718523871947544e-10,4.435587935298115e-08,1.6437339404096313e-09,3.8264164008085694e-08,0.6861025003274581,0.5292663225082663
0.7155243763887371,5.44270216419298e-06,4.258805179009008e-08,1.7761226919147432e-07,6.703525731751092e-09,1.2231894398168681e-08,1.8484869951898615e-08,4.762197493044571e-09,8.663073133009163e-09,4.026129833973245e-08,0.7155243763887371,0.488033566695603
0.7155243763887371,5.44270216419298e-06,4.258805179009008e-08,1.7761226919147432e-07,6.703525731751092e-09,1.2231894398168681e-08,1.8484869951898615e-08,4.762197493044571e-09,8.663073133009163e-09,4.026129833973245e-08,0.7155243763887371,0.488033566695603
0.7118226971767787,2.7705880281436505e-09,1.0006623842532556e-08,2.382251103452771e-08,9.568316156397796e-09,4.2761033739156986e-09,2.406192122911942e-09,7.583698006972729e-09,1.1115372618899264e-08,1.047735355311287e-08,0.7118226971767787,0.493308571372997
0.7012986059494616,6.205733944675017e-05,2.2526034162380416e-06,0.0001191394178248867,1.526621210198506e-07,2.6497885508560494e-06,0.00010614606470172252,4.292780142460972e-06,6.126479417691239e-05,6.637707353328653e-06,0.7012986059494616,0.508724107208318
0.7050193359176374,5.924808586402677e-07,9.153431671317005e-10,9.066219258431293e-07,1.4611333986855076e-08,1.6488736667609957e-07,6.831197506164634e-07,1.2508705928971568e-06,1.0917983587585677e-08,1.0752498502777402e-08,0.7050193359176374,0.5029531780266222
0.7038837606273447,2.012405490541597e-08,4.546450978363271e-09,2.2971215559652482e-09,9.194749729804884e-09,8.369891904642335e-09,2.7886224989836773e-10,7.330603141628885e-08,4.04579970895766e-09,6.326679999094347e-10,0.7038837606273447,0.5045478351601137
0.7384257750589527,3.579080218372134e-05,1.5083794851291774e-06,4.950532532952541e-06,1.1535060470732938e-06,2.252845653320736e-05,7.882867576494162e-07,1.7190877428607966e-06,2.5122781436606952e-05,9.107865352773531e-07,0.7384257750589527,0.4548733558148168
0.7349818803384972,2.177774622428448e-07,3.506879400773913e-08,1.0483654256594148e-06,1.7710142179971608e-07,1.9394460941779688e-07,1.182754730180751e-07,5.165078999744163e-08,2.802754958977708e-07,5.471131051448975e-09,0.7349818803384972,0.4598049130068753
0.7394832434380876,1.7095790963524986e-07,1.6414920095017611e-10,9.777934564043984e-08,4.06517566923916e-11,3.8916980168578175e-09,2.0739932846611327e-08,4.09763855452128e-08,1.3583515861390125e-07,1.194037184465707e-07,0.7394832434380876,0.4531654449805614
0.73321382174217,5.04998783929922e-07,2.5995457021916818e-08,1.9163199217000693e-07,4.224548184424101e-11,8.563363844813655e-07,6.64745898155976e-08,4.402944446200377e-08,2.63736733164476e-07,4.176677736447137e-08,0.73321382174217,0.4624005591401844
0.73321382174217,5.04998783929922e-07,2.5995457021916818e-08,1.9163199217000693e-07,4.224548184424101e-11,8.563363844813655e-07,6.64745898155976e-08,4.402944446200377e-08,2.63736733164476e-07,4.176677736447137e-08,0.73321382174217,0.4624005591401844
0.733998665460693,5.4824904310443e-09,2.374823332119021e-06,4.761627278470006e-09,1.5173562564120634e-08,5.70807302443768e-07,1.3424768713404614e-08,2.5540567836619757e-08,4.280423669223402e-09,1.2242846078389033e-05,0.733998665460693,0.461269435962576
0.7197453640847963,7.959913813909333e-07,9.707770637305058e-08,3.5626691798816096e-07,2.55769518715701e-07,5.409380365753893e-06,2.416638074573303e-07,3.6790107524043463e-07,3.033017681291446e-06,1.407040311484204e-07,0.7197453640847963,0.48198285039498184
0.7206197118483215,3.721291702957873e-08,1.0240975682671897e-08,1.301339439692558e-08,2.0266924216304995e-08,0.00013812139348452377,5.832218928984849e-09,2.484029460525921e-08,1.5321072885154565e-07,1.028763632516936e-10,0.7206197118483215,0.48091746997425266
0.7206197118483215,3.721291702957873e-08,1.0240975682671897e-08,1.301339439692558e-08,2.0266924216304995e-08,0.00013812139348452377,5.832218928984849e-09,2.484029460525921e-08,1.5321072885154565e-07,1.028763632516936e-10,0.7206197118483215,0.48091746997425266
0.7533556451221786,3.989139246265863e-06,5.032883233964824e-06,6.2092063033597945e-06,6.140980292084278e-07,3.7087118547635957e-07,0.000134784092808702,2.462881743168618e-06,1.2372004739421079e-08,1.027403220740989e-06,0.7533556451221786,0.4326974486979395
0.7528063287622702,3.2134181421424474e-05,2.0249439945065515e-06,4.7109701737970286e-07,1.1784495181860625e-06,3.373221094293365e-06,4.582948049510229e-06,9.498705842377872e-07,6.048620965684058e-07,4.0989776083878275e-07,0.7528063287622702,0.4333542753477316
0.7528810937380888,1.6926675112703453e-07,1.4637606183971535e-08,5.925508292332681e-08,2.675660314102896e-08,5.318340660459261e-08,3.6741318581860012e-09,5.3502642584788236e-08,1.0415467005780819e-08,2.9353592099744616e-08,0.7528810937380888,0.433170716831166
0.7436436732724261,7.863380162535772e-06,2.0299928786450074e-08,1.38056047440364e-06,6.638835270418274e-10,1.4070297542706295e-07,3.8608572094961824e-07,2.9842610288463806e-08,8.097932672002382e-08,1.7997429640172864e-09,0.7436436732724261,0.4470094686071328
0.7438563662664587,0.00012443169660640953,1.9125761349018988e-08,5.094123252816274e-07,2.5666246250616943e-07,1.395018583093266e-07,6.895850115188145e-07,1.8554367175954821e-06,2.676390574391578e-08,1.072708977843026e-08,0.7438563662664587,0.4468764276728643
0.7422856654630529,1.4383215386313733e-07,8.92089378086456e-08,5.550133796052833e-09,6.698977846901533e-08,3.7143401827997817e-08,1.8911468875838658e-10,7.440060972622391e-08,3.931702581620651e-09,1.2842914088074655e-08,0.7422856654630529,0.4490126641144103
0.7791770221812424,6.559997017928655e-05,7.135805775581341e-06,0.0001191394178248867,7.202423471760872e-07,2.6497885508560494e-06,0.00010614606470172252,4.316646599949388e-06,6.126479417691239e-05,6.9401126793630356e-06,0.7791770221812424,0.39348400487838264
0.7765387272582507,1.3125565504474444e-06,1.9922992601426828e-07,1.7795628858325074e-07,1.218399010658907e-08,3.033964570598875e-08,1.2765460443074866e-06,5.335569635621694e-08,2.875727558419713e-09,4.4267376969128216e-08,0.7765387272582507,0.39699258932677345
0.7774876672697637,2.2041660013333348e-08,1.4402817150325026e-09,6.037913345701082e-08,1.924606809585408e-09,3.9689434665429795e-09,1.594473723818223e-07,1.1742518406293503e-06,3.4807376724141507e-10,1.239056197198005e-07,0.7774876672697637,0.3955154105187006
0.7657223869364378,5.398931046277826e-06,3.517732431374172e-05,0.00010831692733364039,2.1916003426815118e-06,2.03600085336542e-05,3.839230178341562e-05,6.17871326285015e-05,6.356035503214812e-05,6.524446442936805e-05,0.7657223869364378,0.41430434508524583
0.7657223869364378,5.398931046277826e-06,3.517732431374172e-05,0.00010831692733364039,2.1916003426815118e-06,2.03600085336542e-05,3.839230178341562e-05,6.17871326285015e-05,6.356035503214812e-05,6.524446442936805e-05,0.7657223869364378,0.41430434508524583
0.7677640847623156,4.2391968501386394e-07,2.9020774177322873e-09,1.041047709284636e-08,1.8303161942426595e-09,2.0754622834925956e-09,1.1512671079808274e-09,1.295770329472216e-08,3.931702581620651e-09,1.4241083290270439e-09,0.7677640847623156,0.41053904225946247
0.7604157717647991,2.9412409152614894e-05,3.549345372749463e-05,0.00013762355815553792,1.8054797703437607e-06,1.940673403104395e-06,2.1521900987071862e-05,1.4256727999166843e-06,3.605559921938766e-05,4.8308505374760675e-06,0.7604157717647991,0.4221941075254882
0.7602906810013098,6.80800784012307e-05,2.4685893826105983e-06,2.1799699989963345e-06,0.00031367374110551484,2.2749387993195905e-06,3.365276737821282e-05,7.615472593198173e-06,5.919108288421655e-06,3.814973895807927e-06,0.7602906810013098,0.42265180158853544
0.7911547484968743,7.593359126572234e-07,7.724911569425574e-07,3.913945378377951e-06,1.3684750632135902e-07,1.044012040227523e-06,1.0369772623948672e-06,2.1598042434426146e-07,1.1591712514050994e-08,1.0999808234180176e-08,0.7911547484968743,0.3740870122523401
0.7911547484968743,7.593359126572234e-07,7.724911569425574e-07,3.913945378377951e-06,1.3684750632135902e-07,1.044012040227523e-06,1.0369772623948672e-06,2.1598042434426146e-07,1.1591712514050994e-08,1.0999808234180176e-08,0.7911547484968743,0.3740870122523401
0.7958869517121798,6.81186012334426e-08,1.4637606183971535e-08,5.925508292332681e-08,2.675660314102896e-08,5.318340660459261e-08,3.6741318581860012e-09,5.3502642584788236e-08,1.0415467005780819e-08,4.7823871178424764e-09,0.7958869517121798,0.36656444085681905
0.7849813453299602,1.8175135121575036e-05,0.00010944359053326015,1.625542753363281e-06,1.0196694182943266e-06,2.249116992950453e-06,6.536441934710337e-06,1.3597122862874866e-06,0.00018147365767188822,1.0411263351325505e-06,0.7849813453299602,0.3843261316209107
0.7868087282761546,3.267083644783699e-08,9.255488965386136e-08,1.2455401356237282e-09,1.0510191059271505e-08,7.391085506527602e-08,2.7933373684068496e-09,6.613977389656146e-08,1.0792895879392348e-08,2.786575918713459e-08,0.7868087282761546,0.3809325407557699
0.7868087282761546,3.267083644783699e-08,9.255488965386136e-08,1.2455401356237282e-09,1.0510191059271505e-08,7.391085506527602e-08,2.7933373684068496e-09,6.613977389656146e-08,1.0792895879392348e-08,2.786575918713459e-08,0.7868087282761546,0.3809325407557699
0.8188695127355601,1.5103126175817866e-06,4.419706546872629e-06,6.505876291437731e-07,4.727547296794485e-06,1.3432000621407481e-05,7.638135783784937e-07,1.8735188254915723e-07,6.191619419959535e-08,1.406157468439846e-07,0.8188695127355601,0.32949597756683036
0.8144252565821886,1.3077579206140805e-07,7.005866106010601e-09,1.4823670388668476e-06,1.2699781009887229e-07,3.5711795901141704e-06,6.753077010859578e-08,6.926759585395762e-08,4.8978284093811944e-08,1.924150741978822e-08,0.8144252565821886,0.33672068833577357
0.8146849165581431,6.163200985722478e-08,2.9379213964875737e-09,9.513549785099092e-08,4.096225708777421e-09,2.3723125831580588e-08,1.3866883315304759e-08,8.672094537720242e-09,2.9051096394947148e-08,7.982786368186125e-11,0.8146849165581431,0.33628888468356094
0.811565419318747,0.00026060906143208313,9.445518528156471e-06,2.7450191763947827e-05,4.212044848738108e-06,4.642769049807144e-06,2.066773917901285e-06,2.099553409914528e-07,0.00016103461756750528,2.0993074499017138e-08,0.811565419318747,0.3421404740095013
0.8090864344969572,9.55146264888452e-06,2.884780500242829e-06,1.9446675629692827e-06,2.1472458064691453e-07,1.1956165944295477e-07,9.797964197393888e-06,1.7920619637637748e-06,7.176918890258699e-07,1.0807099357815647e-06,0.8090864344969572,0.34542564184000873
0.8007066250582833,5.874456465958945e-07,1.5876072820731462e-06,1.4679935696463597e-07,9.634086308131627e-09,1.2006790369745212e-07,3.840411316835579e-06,1.125724344248464e-07,8.853498453970724e-09,1.4428742061973024e-10,0.8007066250582833,0.3588794260144816
0.8365935648375249,8.359774292416966e-06,3.32059307916682e-08,4.3490595517648446e-07,2.492192726776701e-08,1.2231894398168681e-08,3.4669866184025606e-08,5.381562435814211e-08,5.797127355944784e-09,1.0815435966998109e-08,0.8365935648375249,0.30012645545327427
0.8392851433598176,5.645769641590308e-07,5.88371155030857e-09,1.3522615067402658e-07,2.0066876453687182e-09,4.053804055816316e-09,1.9745050077912274e-07,5.91653046857942e-07,5.020960617332726e-10,1.0091328831921052e-08,0.8392851433598176,0.29560302423885276
0.8392851433598176,5.645769641590308e-07,5.88371155030857e-09,1.3522615067402658e-07,2.0066876453687182e-09,4.053804055816316e-09,1.9745050077912274e-07,5.91653046857942e-07,5.020960617332726e-10,1.0091328831921052e-08,0.8392851433598176,0.29560302423885276
0.8286552076161027,9.636780357357486e-06,2.2279480429847168e-06,1.2920556020673912e-06,0.000127914966823423,2.6497885508560494e-06,0.0002177594141094257,4.33444667658841e-06,6.390305650379616e-05,3.7459925966018263e-06,0.8286552076161027,0.31406152917289126
0.8286552076161027,9.636780357357486e-06,2.2279480429847168e-06,1.2920556020673912e-06,0.000127914966823423,2.6497885508560494e-06,0.0002177594141094257,4.33444667658841e-06,6.390305650379616e-05,3.7459925966018263e-06,0.8286552076161027,0.31406152917289126
0.8286552076161027,9.636780357357486e-06,2.2279480429847168e-06,1.2920556020673912e-06,0.000127914966823423,2.6497885508560494e-06,0.0002177594141094257,4.33444667658841e-06,6.390305650379616e-05,3.7459925966018263e-06,0.8286552076161027,0.31406152917289126
0.8207183869328647,4.7823992745743e-07,6.284975506452274e-09,2.8953421774562317e-07,1.6436953237573723e-07,7.900853175542442e-08,4.307332535982634e-08,5.441695591270822e-08,6.628585104679889e-08,2.3182915432294785e-08,0.8207183869328647,0.32642334500118536
0.8241272748428756,9.123558083409145e-09,2.9379213964875737e-09,9.513549785099092e-08,4.096225708777421e-09,1.5813013581042154e-08,1.3866883315304759e-08,8.672094537720242e-09,1.2417022159829066e-08,7.982786368186125e-11,0.8241272748428756,0.3208145071266504
0.8230610713034743,9.525196281500587e-08,2.9379213964875737e-09,9.513549785099092e-08,3.7053507097429692e-09,5.76576663338695e-11,1.6100011535928915e-08,9.152712809443534e-09,1.2417022159829066e-08,7.982786368186125e-11,0.8230610713034743,0.32257086682887626
0.8517283175540199,8.359774292416966e-06,4.196569992395091e-08,4.3490595517648446e-07,2.492192726776701e-08,1.2231894398168681e-08,3.4669866184025606e-08,5.381562435814211e-08,8.663073133009163e-09,4.033891175363465e-08,0.8517283175540199,0.2745744214633093
0.8517283175540199,8.359774292416966e-06,4.196569992395091e-08,4.3490595517648446e-07,2.492192726776701e-08,1.2231894398168681e-08,3.4669866184025606e-08,5.381562435814211e-08,8.663073133009163e-09,4.033891175363465e-08,0.8517283175540199,0.2745744214633093
0.8486321822773221,2.5948940519827776e-08,3.291550382551908e-08,7.17232536940736e-08,7.07692993904186e-09,3.3125675017501634e-08,1.1426071224964345e-07,4.828062838601005e-08,1.0363549183611446e-08,1.6664205935138517e-10,0.8486321822773221,0.27982401070622004
0.8453379591187283,1.7939680533445493e-05,2.0069217492268085e-06,5.986004571263448e-06,1.094251567411411e-06,4.0957982803420585e-06,4.907646365732854e-06,2.6347186969076263e-06,6.048620965684058e-07,5.187380798050925e-07,0.8453379591187283,0.2854719551643004
0.8461020200097432,1.2672068951962348e-05,2.0249439945065515e-06,5.00039446744988e-06,1.094251567411411e-06,4.090453813105401e-06,4.582948049510229e-06,1.7591888066391201e-06,6.048620965684058e-07,4.0989776083878275e-07,0.8461020200097432,0.28416668954119584
0.8464215276365898,5.62820131027403e-07,1.697809446054016e-06,2.586752567517087e-07,1.0183830551374946e-08,1.49876714233982e-07,2.446500673333746e-07,6.444629351327262e-08,9.820228576382883e-09,9.073743884166759e-09,0.8464215276365898,0.2835757594606298
0.8764340886727642,1.7939680533445493e-05,1.4309720243433496e-06,5.986004571263448e-06,1.256296621074262e-06,3.966099703839905e-06,1.2425231205959393e-06,2.6389384682881878e-06,6.637681497148072e-07,3.982715101964687e-07,0.8764340886727642,0.23192609597616762
0.8764340886727642,1.7939680533445493e-05,1.4309720243433496e-06,5.986004571263448e-06,1.256296621074262e-06,3.966099703839905e-06,1.2425231205959393e-06,2.6389384682881878e-06,6.637681497148072e-07,3.982715101964687e-07,0.8764340886727642,0.23192609597616762
0.8696349498913042,1.749018223430832e-05,2.0069217492268085e-06,5.986004571263448e-06,1.2396442001332455e-06,6.431517127765907e-07,4.907646365732854e-06,2.6389384682881878e-06,4.924340880224681e-07,5.187380798050925e-07,0.8696349498913042,0.2437981444189904
0.8711257461757561,5.167189104940862e-06,1.3669752309428465e-06,1.058159477991348e-06,6.256128747787671e-07,1.0403512649088025e-06,4.291232391256522e-07,5.243235041722657e-08,1.1591712514050994e-08,1.0999808234180176e-08,0.8711257461757561,0.24115710503458693
0.860310414777698,2.2041660013333348e-08,5.88371155030857e-09,1.0355764193267979e-08,1.566116970379855e-08,3.051090367653348e-09,3.020372905286548e-08,2.6770822205017322e-08,7.470730312068608e-09,7.901304740380175e-09,0.860310414777698,0.25986621529391446
0.8597364026818869,4.917793898380887e-05,9.652456288762113e-06,6.866607445427828e-05,7.85083697894965e-06,2.1878434156197724e-06,0.00025342000683683966,0.00012140043096996297,0.00013413679136353593,2.0010174367775745e-05,0.8597364026818869,0.262012135479195
0.8983339557565961,0.00019896220628209688,1.762901140005997e-06,6.925402762758927e-07,4.58796848849492e-06,6.799957243859612e-07,1.4562718910664334e-06,1.787803625781303e-06,1.7495279226975886e-06,4.893776149538978e-07,0.8983339557565961,0.19337945708883014
0.8978931959796522,3.4112245427086555e-11,1.484778826043519e-09,2.197884019989379e-06,1.7377717546398605e-08,4.9589434828338385e-09,3.050802655533742e-09,5.027491448005688e-08,1.4432316202530637e-07,4.1802633426679995e-08,0.8978931959796522,0.1937922540419049
0.8878044776318076,4.0769166260887223e-07,1.4590529642198857e-06,3.9817483427059754e-06,2.492000979182597e-06,1.1648317132675493e-08,1.5738743213468257e-05,7.339771151031582e-08,5.716405804085591e-07,1.9944230929896176e-07,0.8878044776318076,0.21184779834844172
0.8857835189824884,5.8879560731298125e-08,1.537237488985425e-06,2.1878406131492136e-06,7.399081755548867e-08,1.533755977833213e-07,4.940965970941896e-07,1.2265170515886716e-07,1.6853533137073653e-07,1.797545773486544e-08,0.8857835189824884,0.21539614964584186
0.8828735063503418,3.587277439512641e-09,5.735086362356591e-09,1.5568905450271275e-07,9.662198505890458e-08,1.047358608469577e-07,3.1228243390577825e-08,4.910662900127769e-08,1.1151731011427824e-08,8.085209846104496e-09,0.8828735063503418,0.2205352009106159
0.8796372038461506,6.594614824155364e-06,7.095887218891379e-07,8.713884426174613e-06,1.225287081433627e-05,3.912203997954166e-07,0.00013576523111496125,3.376951022383443e-06,8.943765546779949e-06,6.793649497557231e-07,0.8796372038461506,0.22655307932925137
0.8798648582870453,1.0503168294941572e-07,5.218490681505021e-07,6.925402762758927e-07,1.0629002082554028e-07,6.799957243859612e-07,0.00011847359896682269,9.070653416651029e-07,6.831263777035967e-08,1.6825118381374927e-06,0.8798648582870453,0.22605646216560343
0.88252396246563,7.032504394223975e-08,4.5181265065664323e-07,4.1757730756579936e-08,1.0629002082554028e-07,7.712860729918112e-08,5.649650018375999e-07,8.700634746550005e-08,3.1536354489075314e-08,1.6825118381374927e-06,0.88252396246563,0.2211569938153482
0.9194416372657895,5.477910800723845e-07,3.237926405529037e-09,1.3158139937871555e-08,9.783326317663895e-09,3.822147707030296e-09,6.3623957532865695e-09,4.300791469262252e-08,6.711679395778304e-09,7.408615404622395e-09,0.9194416372657895,0.15462825906835806
0.9182341215819285,4.373539910287414e-09,7.048352356317172e-10,6.217692309326725e-11,7.863226826565152e-09,2.6701125927015634e-09,1.9083766566614043e-08,2.271826147854921e-09,2.8058099308232637e-10,2.9924353597298776e-09,0.9182341215819285,0.15684617224637373
0.9182341215819285,4.373539910287414e-09,7.048352356317172e-10,6.217692309326725e-11,7.863226826565152e-09,2.6701125927015634e-09,1.9083766566614043e-08,2.271826147854921e-09,2.8058099308232637e-10,2.9924353597298776e-09,0.9182341215819285,0.15684617224637373
0.9124743522026246,6.594614824155364e-06,8.81787480194582e-06,5.225602338571475e-06,3.4393130634799423e-07,4.08741054886491e-07,0.0001621100024803648,3.7378903358556663e-07,4.140709519369498e-06,3.0429172748446065e-07,0.9124743522026246,0.1677356432487852
0.9124743522026246,6.594614824155364e-06,8.81787480194582e-06,5.225602338571475e-06,3.4393130634799423e-07,4.08741054886491e-07,0.0001621100024803648,3.7378903358556663e-07,4.140709519369498e-06,3.0429172748446065e-07,0.9124743522026246,0.1677356432487852
0.9139432233924448,1.1801204487767483e-06,6.69399806797446e-09,8.36625985888523e-07,1.0871578465017724e-08,1.6058120217208606e-07,1.0455708159074072e-06,2.5436768017234232e-08,6.5940128683716e-09,9.946020994959911e-09,0.9139432233924448,0.16471380864413349
0.9002189005493217,6.212138904798644e-07,5.88371155030857e-09,3.109766447143979e-08,2.110759646190604e-08,4.053804055816316e-09,1.8792003858191797e-07,6.508379530996154e-08,4.248155764224376e-08,1.201103332483428e-07,0.9002189005493217,0.18960792062968362
0.9047324091293427,2.7338497645061256e-08,7.09539455149534e-09,1.9250585829871022e-07,1.790409369838646e-08,2.451411998801936e-07,2.4047845691725415e-07,7.066013250948402e-08,1.502051090302275e-07,5.7903112091050094e-09,0.9047324091293427,0.18146100843025048
0.9036809167410028,1.4382609429720045e-09,1.260009041377575e-08,5.219959876164815e-08,1.4370172717512616e-08,9.143478000799117e-08,3.5428006778388945e-07,1.955418142669931e-08,4.195538111441781e-09,2.5381997615804915e-08,0.9036809167410028,0.18336184611141335
0.938992766148824,5.331183510778137e-06,2.4685893826105983e-06,6.046171708026723e-05,1.939648131721397e-06,5.895226028165313e-06,0.00022473189612800363,5.7081415757465366e-05,5.9191897584554855e-06,1.8437301047634358e-05,0.938992766148824,0.11901176940835373
0.9382169502575926,2.5973518588221424e-06,2.8732959310117403e-07,5.866326014952509e-07,6.823531489766445e-08,3.4048844872334007e-07,6.262026736059449e-08,3.4876003116521735e-09,6.796545437681073e-07,3.450720355238372e-08,0.9382169502575926,0.1197577167781468
0.9382169502575926,2.5973518588221424e-06,2.8732959310117403e-07,5.866326014952509e-07,6.823531489766445e-08,3.4048844872334007e-07,6.262026736059449e-08,3.4876003116521735e-09,6.796545437681073e-07,3.450720355238372e-08,0.9382169502575926,0.1197577167781468
0.93236622240687,6.55798922847834e-07,5.461434224152436e-07,2.471958255827252e-06,1.1849781597088163e-07,2.521704967059023e-06,3.724836572902126e-07,7.37222700839448e-08,2.8375399731337384e-08,3.561853862745427e-09,0.93236622240687,0.13070592406714435
0.9336604420173938,5.477910800723845e-07,5.980111129275846e-09,1.8218079397681658e-08,9.60232475018894e-09,4.163729136838298e-09,6.525976891399325e-09,1.1909658813904426e-07,9.549931430967074e-09,7.408615404622395e-09,0.9336604420173938,0.12827954225462324
0.9203950464579989,1.0541056077082783e-06,1.0772371302362275e-07,1.1626719666506239e-06,1.689106848873669e-07,2.2163872428707513e-07,4.855409944993245e-06,6.891728934130327e-09,5.986863604493395e-08,4.519347439719738e-07,0.9203950464579989,0.15288790009847744
0.9208951837956076,7.26997099047916e-07,7.17807248102697e-07,1.1113104937556081e-08,1.4391574889881076e-07,1.1963932006707357e-07,8.741598483634611e-07,3.7609713499185744e-07,1.3197705066229902e-08,2.2391891456768433e-07,0.9208951837956076,0.15195798685870476
0.9209014040217157,4.216147218062511e-08,3.864199703892195e-09,7.41072265422376e-07,3.483351212803616e-09,9.466111861766231e-08,2.5457967437676907e-08,2.795913506036696e-08,6.6610696083548715e-09,1.4941921114391655e-09,0.9209014040217157,0.15194235384000665
0.9590148642104268,8.678872418136501e-07,2.023287346698447e-06,8.798549167115227e-07,4.7330827668728464e-07,3.129999514214795e-07,4.309198800427182e-09,1.1527166633502248e-06,6.048620965684058e-07,2.274201787908559e-06,0.9590148642104268,0.08030698703999443
0.9590148642104268,8.678872418136501e-07,2.023287346698447e-06,8.798549167115227e-07,4.7330827668728464e-07,3.129999514214795e-07,4.309198800427182e-09,1.1527166633502248e-06,6.048620965684058e-07,2.274201787908559e-06,0.9590148642104268,0.08030698703999443
0.9590148642104268,8.678872418136501e-07,2.023287346698447e-06,8.798549167115227e-07,4.7330827668728464e-07,3.129999514214795e-07,4.309198800427182e-09,1.1527166633502248e-06,6.048620965684058e-07,2.274201787908559e-06,0.9590148642104268,0.08030698703999443
0.9561797687995263,1.5874549303205709e-06,1.6458230435271046e-06,3.461365392378007e-06,4.7228881235572947e-07,2.2608625782350654e-06,8.090235995514749e-07,3.335648062442656e-06,1.7035264036812585e-07,2.6173752292560364e-06,0.9561797687995263,0.08575156748241274
0.9528766235965344,1.1507943221541572e-07,1.6458230435271046e-06,3.461365392378007e-06,4.7228881235572947e-07,2.2608625782350654e-06,8.090235995514749e-07,3.335648062442656e-06,1.7035264036812585e-07,2.409863472003716e-06,0.9528766235965344,0.09205414964966561
0.9559059075337059,5.200179211799651e-07,1.9743153725394795e-07,6.405462580792648e-06,6.105346543846449e-09,4.001767531115745e-06,1.0626814727638627e-06,1.7715763970356833e-06,2.8375399731337384e-08,3.2459261367017715e-08,0.9559059075337059,0.08627073787098627
0.9437357599646866,1.3526196566945667e-06,1.6418959424429586e-06,1.1199520298475893e-06,7.671962339561963e-08,2.273076060169662e-06,8.07499884518189e-07,1.711476996248043e-06,1.3119414896280547e-06,2.417880349502189e-06,0.9437357599646866,0.10938685100773983
0.9421293898692796,2.9560316459186365e-07,2.656701286165053e-07,1.3485203842410166e-06,6.136688350461098e-07,1.035473586901087e-06,6.662281421040549e-06,1.0722461469954644e-06,4.214490451936112e-06,7.987456793699036e-07,0.9421293898692796,0.11242299316204464
0.9428359686839086,7.775165960490165e-08,9.650235257116506e-09,2.33206404524615e-08,5.846139312185086e-10,8.953837298666298e-08,1.812899038531053e-07,1.3575712262529758e-08,1.1759920589800034e-09,1.532826082026163e-09,0.9428359686839086,0.1110610887469934
0.9994276405624912,1.3727728855706321e-09,1.767329760846605e-08,1.2191733084178232e-09,3.875311276610278e-09,5.328955223887159e-09,8.204328484122888e-10,3.3682710332073546e-09,4.041017076663632e-09,9.47254541953263e-09,0.9994276405624912,0.0011444855692601015
0.9945605390708189,3.2999867069192216e-05,4.34843726507141e-06,9.049479647943567e-08,0.00013070329154693983,6.019264384501167e-06,2.2728070585236032e-06,7.195254415106088e-06,0.00016634467254352593,5.378076350569225e-06,0.9945605390708189,0.011556058258857242
0.992296191690438,5.583264521354187e-07,1.9472811345799858e-07,6.126430024302117e-08,1.269557863033013e-08,1.3860740023959072e-07,3.5796194441500106e-07,7.202836587781623e-08,2.810955806765623e-07,2.7674668091125235e-09,0.992296191690438,0.015351601127245587
0.9989903097777502,5.810291791340758e-07,2.1003946435770522e-08,1.2039625908387897e-07,1.3119642943126373e-08,9.373108788254653e-09,8.860075629001818e-09,1.953130848333136e-07,2.3731746144775343e-08,1.7571864054929858e-08,0.9989903097777502,0.002020339768007654
0.9853087982469972,5.200179211799651e-07,1.90502859466568e-06,7.590501974820672e-06,2.783876650629138e-07,4.001767531115745e-06,1.1969948758301068e-06,1.7715763970356833e-06,2.8375399731337384e-08,3.2459261367017715e-08,0.9853087982469972,0.029200716710841016
0.9815222987744923,1.0230483970847506e-06,1.973406351835244e-08,3.481661075702192e-07,9.559290821075568e-08,1.5519814723678633e-07,1.2319831484386738e-06,1.8554367175954821e-06,2.676390574391578e-08,1.172227392960907e-08,0.9815222987744923,0.03662333771540804
0.9768688179619839,7.218838329877862e-07,5.732772863897028e-08,5.0849294334253536e-08,9.827094362236943e-08,1.5375486099811722e-07,3.867776351080869e-06,3.942849017276153e-08,2.7664694995428334e-08,1.1034489003537579e-08,0.9768688179619839,0.04573713853430221
0.9779110803821928,1.1433262916660439e-07,1.0598284597930498e-08,1.8427726794140792e-08,1.1588371617853245e-08,1.777047899924856e-09,1.144287139823806e-08,4.901487056085597e-09,1.2928402663267717e-09,1.571370568382581e-08,0.9779110803821928,0.04369029071126713
0.9764307386419045,2.8754206575258036e-09,6.66520937238125e-10,3.763983152166547e-08,4.392687170624498e-09,1.9998912780731673e-09,2.299355040875086e-09,0.0012197039089504387,1.000532543461503e-09,1.0740311030983779e-08,0.9764307386419045,0.04896430653716207
0.9659645881162524,7.646733099579834e-05,1.423927458662081e-06,2.450497645210863e-05,6.23029397597754e-06,2.2096613668116228e-06,0.00011827969112343956,2.5689721539761855e-06,4.954717270148157e-07,6.269807286777717e-06,0.9659645881162524,0.06737330645509174
0.9686234542861639,4.983835056244703e-07,5.797813837898428e-07,6.589622778269466e-07,2.7848223323089117e-07,1.0102125785151317e-06,7.280243270582959e-06,6.688303106436778e-07,1.0198693890107308e-06,6.235810277018394e-07,0.9686234542861639,0.061793060931694524
0.9652275549039596,4.373539910287414e-09,7.048352356317172e-10,6.217692309326725e-11,7.863226826565152e-09,7.429626897845171e-08,1.961655893743628e-08,4.8415139672784276e-08,2.8058099308232637e-10,2.9924353597298776e-09,0.9652275549039596,0.06833607362524773
