x0,x1,x2,x3,x4,x5,x6,x7,x8,x9,f1,f2,predf1,predf2
2.708896572054084e-12,0.00040158907692179163,3.2894771629851073e-06,4.6323165864210776e-08,3.1909867551639523e-07,9.701278360650871e-05,0.23282036774788556,0.0001555777923317452,1.889657754852619e-06,1.9147433945144772e-08,2.708896572054084e-12,1.2334801111049387,-0.009385229554039407,1.1508393443809002
0.00436938424963526,3.797503882191747e-05,2.187757303294389e-06,2.0855480846656346e-06,1.1903947862618175e-06,3.296710447791314e-06,1.1668205854941533e-05,3.0230359701307606e-05,2.327082971913268e-05,3.5880586512615026e-07,0.00436938424963526,1.0000931742749064,0.007107386845406273,1.0036951577156297
0.013015213660961086,2.0912439540991985e-05,1.963164167844838e-05,3.467422481194046e-06,1.2482817243791109e-05,9.674356352654848e-08,2.3982644028210636e-05,8.532165112990892e-07,1.705213976150105e-05,4.797290699776013e-07,0.013015213660961086,0.9999295797687825,0.0153500481453745,1.0025135473814677
0.01592163753611538,2.4960012226219724e-06,1.6778269290347356e-05,8.339240341081638e-08,2.825515232903876e-05,1.2420092521869084e-05,8.900132186817936e-07,2.113724134064686e-05,1.6532138144564964e-05,4.761664683121474e-07,0.01592163753611538,0.9998455950363323,0.018129317786503833,1.0021115879623903
6.681760464066586e-06,0.00022980199448193296,0.0008803621210234792,8.658496696191405e-06,1.7932325905451427e-05,6.092385555956931e-05,0.06510024886350174,0.0028695848962224796,5.195175153619706e-05,3.2559330412216804e-05,6.681760464066586e-06,1.069252023593585,-0.0007214051181977135,1.0490059705520385
3.6144653853695165e-11,0.00011357664305624367,1.4064501917588638e-07,1.1495871797601593e-06,3.7795854307456446e-07,1.7875874839860037e-07,0.10218939139474625,2.23019685981526e-06,2.3529834516695938e-05,2.8903609005919024e-07,3.6144653853695165e-11,1.1023308640547596,-0.0027021083864340227,1.0683098847230734
3.6144653853695165e-11,1.3451413830551763e-05,1.4064501917588638e-07,1.1495871797601593e-06,3.7795854307456446e-07,1.7875874839860037e-07,0.10218939139474625,2.23019685981526e-06,2.3529834516695938e-05,2.8903609005919024e-07,3.6144653853695165e-11,1.1022307388255337,-0.002700134657654555,1.0681970298098133
5.708643001589257e-06,0.00018643839909496216,4.991048782936038e-05,9.96686440742287e-07,5.42805638655908e-06,3.986869116752154e-06,0.16098780596655662,0.0001597178999611053,2.036558167369309e-05,1.1009564953547033e-06,5.708643001589257e-06,1.1614157508754959,-0.005791125996086586,1.1054504133612668
3.6144653853695165e-11,4.3658949433845603e-07,1.4064501917588638e-07,5.513565164536906e-07,3.533769181500729e-07,1.7875874839860037e-07,0.13987263288950905,2.23019685981526e-06,2.3529834516695938e-05,3.954013245690888e-08,3.6144653853695165e-11,1.1399000931877146,-0.004696533366441476,1.0917889120847524
5.708643001589257e-06,0.0003670436566891674,4.991048782936038e-05,9.96686440742287e-07,3.9881601914427256e-05,1.0577481535275147e-05,0.19851682274051322,0.00026939080360322617,0.0007236043970504952,4.6072461806182225e-05,5.708643001589257e-06,1.2000243002902256,-0.007705107607305764,1.1300358363682939
5.708643001589257e-06,0.00018643839909496216,4.991048782936038e-05,9.96686440742287e-07,5.42805638655908e-06,3.986869116752154e-06,0.19473851473388326,0.0001597178999611053,2.036558167369309e-05,4.6072461806182225e-05,5.708643001589257e-06,1.1952114311489266,-0.007503211196372447,1.1266890080081986
3.530472786778758e-08,4.3658949433845603e-07,1.4064501917588638e-07,5.574217237573534e-07,3.533769181500729e-07,1.7875874839860037e-07,0.18555766699725373,8.947016822020213e-07,5.9208713756790054e-05,7.787986307443993e-08,3.530472786778758e-08,1.1856195150844586,-0.007043176120610105,1.1204808753973505
7.44164790981288e-06,8.831762036805623e-05,7.16410875594326e-07,4.993362748112617e-06,2.92957163057085e-06,2.6953689521250028e-05,0.22811933168805837,8.251936748966549e-07,5.585354016439582e-05,9.463715576641984e-07,7.44164790981288e-06,1.2283008674035136,-0.009143447092070395,1.147376297434462
7.44164790981288e-06,8.831762036805623e-05,7.16410875594326e-07,4.993362748112617e-06,2.92957163057085e-06,2.6953689521250028e-05,0.22600586285674082,2.639339340592655e-06,5.585354016439582e-05,9.463715576641984e-07,7.44164790981288e-06,1.2261892127177842,-0.009040819924861464,1.1460468982427425
7.44164790981288e-06,8.546376798779173e-05,7.16410875594326e-07,4.993362748112617e-06,2.92957163057085e-06,2.8003268784920742e-05,0.22600586285674082,2.6384566659336785e-06,5.585354016439582e-05,9.485902018859563e-07,7.44164790981288e-06,1.2261874097806371,-0.00904078399478662,1.1460446124435866
3.7706446454279715e-05,0.000742605827207697,0.00027692704451601864,1.167402401206484e-05,0.00016045075096712052,6.605092437006376e-05,0.2791872027665058,0.00038029155588290014,7.855810470191634e-05,0.0003991613702060848,3.7706446454279715e-05,1.2813029212587368,-0.011540292123422231,1.1817383411877054
2.3315457489030536e-06,0.0004983102686455535,3.455812138221889e-05,6.5936520178640125e-06,2.8267485531151412e-05,7.964103478017324e-05,0.2847729518728693,0.0006632919924229925,1.5900635607537404e-05,2.6757780544979704e-08,2.3315457489030536e-06,1.2860995418168104,-0.011836599047069263,1.1842876355974565
6.937524484700916e-06,0.0001427468840852118,1.8669455837759374e-07,1.1408728753742505e-05,4.239285358327307e-05,1.962183703089555e-06,0.3025254625893634,9.449788073533333e-06,5.964173341863774e-05,2.1365514881935887e-06,6.937524484700916e-06,1.3027953879700844,-0.012622523779362195,1.1944975595431773
4.308120896786339e-05,0.0010525429757149418,0.000205392492434326,6.030405107834064e-05,2.011699501827945e-05,4.94749688537965e-05,0.3352921189958068,0.001070752305087977,7.855810470191634e-05,1.0164341291257069e-05,4.308120896786339e-05,1.3378394238426832,-0.014053434666776672,1.2176737900722183
5.708643001589257e-06,0.000408637563108629,1.2507446609226556e-05,0.00011198615910812939,4.187762815796084e-05,1.3231438274095822e-05,0.3277153832488425,0.0003383888177047701,0.00013269701007442565,4.565311869062008e-05,5.708643001589257e-06,1.328820362406046,-0.013746435511633728,1.2113408264294983
2.3720392091426292e-07,5.689248848012217e-06,2.0447014654880456e-07,2.219089394893315e-08,1.7659215699025493e-06,1.3995219945604467e-07,0.3194689022417498,0.0015724371598783175,2.3029975221573685e-06,1.3410553884249977e-07,2.3720392091426292e-07,1.3210515982883044,-0.013405646840651786,1.2063828817275233
3.0069922621558607e-07,0.0021105333107968548,3.519916050060831e-05,4.7918743326077795e-06,2.9379079029144516e-06,1.1838118027207417e-05,0.3644055863036246,0.00833716814258462,0.00013308284972235652,2.2749172565585504e-06,3.0069922621558607e-07,1.3750434125846827,-0.015446908060142293,1.2436448816005603
1.0857621438820875e-05,0.0010885254540775777,5.095178516403009e-05,1.5313085139519038e-06,0.0003014481484257095,0.0012118723750905664,0.4217040219024529,0.0003572134190576959,0.001159852947964097,0.0001767594719135589,1.0857621438820875e-05,1.4260521767299925,-0.017595883088450094,1.274735555728444
1.0857621438820875e-05,0.00024094050431471987,4.8789509488492096e-05,1.8275441749513217e-05,0.00021737792247262714,0.0005364327241806463,0.45165452799311023,1.618273533223032e-05,0.001150319195784333,3.979671086391366e-07,1.0857621438820875e-05,1.4538832439124565,-0.018702865217466648,1.2919349248066279
9.707360826329575e-06,0.00024094050431471987,1.4852971297768551e-05,4.791057097829666e-05,4.5372498117863235e-06,7.986917657084749e-05,0.4626796560866287,0.001069973321987352,0.0011580950857150798,1.4440340329155954e-05,9.707360826329575e-06,1.4653102752433245,-0.019117573918100456,1.2993802527933676
3.6144653853695165e-11,2.975854836568687e-07,1.4064501917588638e-07,5.513565164536906e-07,3.533769181500729e-07,1.1928028737967918e-05,0.4749454692200704,1.9083301285731237e-06,2.3529834516695938e-05,1.729604522885848e-08,3.6144653853695165e-11,1.4749841956734364,-0.019541662185685253,1.3049800391186297
1.0857621438820875e-05,9.743269345597947e-05,0.0002146983520576599,1.2948861389920922e-05,1.8703452852341967e-05,0.002085805054059505,0.5173552428861186,0.0003664507475869798,7.883393968345095e-05,9.397170247286002e-06,1.0857621438820875e-05,1.520239513079906,-0.020956307794261282,1.3355218692325608
3.536479820199615e-08,0.0004116854843350373,3.5485195089571e-05,1.0986799520340168e-05,9.028247199903585e-06,1.4295993594674315e-05,0.525957009892414,0.00017730234775370168,0.00042203351766301867,2.203025184332932e-06,3.536479820199615e-08,1.5270400305027536,-0.021243458307963634,1.339462310940165
4.353941198700281e-05,0.002209107105414839,0.0018770395037980476,0.005365353705436052,8.473719309658044e-05,0.0007610604799009603,0.5678311427294279,0.002862477872333628,9.709448096181473e-05,0.00020743959554627418,4.353941198700281e-05,1.5812954514671014,-0.022496451111363416,1.3809335131324318
6.480281734512618e-08,3.8865034324751816e-05,3.694455191098196e-06,0.0011192595038300261,1.0485458744144595e-06,1.5383946609676147e-06,0.5590795496169826,1.717889194283752e-07,1.7834953709219473e-05,9.639180472600952e-07,6.480281734512618e-08,1.560262926211537,-0.022255348272303827,1.3615808297118412
1.381632435358248e-06,0.0003844080493716273,3.116538147472967e-05,1.3680800506034685e-06,3.313549634019291e-05,2.1654515610247454e-05,0.6035862499202697,0.0011179792372066019,0.0001302277460753739,3.673013503302337e-07,1.381632435358248e-06,1.6053065557265602,-0.023500996870040435,1.3916645264623908
3.12503600633914e-07,7.753972263675686e-05,3.141735841678606e-05,2.6364089666917557e-06,3.351436438549056e-05,5.197607178128811e-06,0.6035862499202697,4.049670520737921e-06,8.554406009054564e-05,3.607370352902205e-07,3.12503600633914e-07,1.6038265098494393,-0.023491839297802686,1.3902590172901852
1.5384737000160794e-07,3.3321659209906085e-06,1.7318585634915273e-05,2.7067404521924514e-07,7.959719479659911e-06,1.164462700627631e-05,0.6590577984991683,9.440834970331114e-06,0.0004356125233515009,2.203025184332932e-06,1.5384737000160794e-07,1.6595455806547472,-0.0248410920163226,1.427963742829521
1.5384737000160794e-07,3.3321659209906085e-06,1.747335609955843e-05,9.641266103790182e-07,5.385522654967187e-06,1.2489518664092191e-05,0.643390869712793,3.0942803916868936e-06,5.534595901130274e-05,2.203025184332932e-06,1.5384737000160794e-07,1.643491157667316,-0.024483644892496905,1.4169681495475142
1.5384737000160794e-07,1.2072006253806737e-05,7.645740655522418e-07,1.8572359738736602e-06,3.1827119966609825e-08,1.979093511265607e-08,0.6650421303046854,0.00010967341612032325,2.7257570631421154e-05,2.1583829658464712e-06,1.5384737000160794e-07,1.6651959651087371,-0.02497564951020586,1.4317445912413993
1.5384737000160794e-07,1.1747801235687016e-05,1.703116918749758e-05,1.8721225155600763e-06,7.959719479659911e-06,2.2019502227935326e-06,0.6814171461997202,0.00011809475962543787,5.534595901130274e-05,2.203025184332932e-06,1.5384737000160794e-07,1.6816336027061685,-0.025323851600534342,1.443017307732102
3.0573564944434893e-08,7.1016204609720245e-06,0.0013651671519701017,4.472389501031052e-08,8.498588391515011e-05,2.8501374028266084e-06,0.6954675425715431,2.498822842180144e-06,1.9642125954124505e-07,6.188664078669259e-07,3.0573564944434893e-08,1.6969310061996963,-0.025608902747753844,1.4545823516418297
1.5384737000160794e-07,1.1379765956546926e-05,1.7318585634915273e-05,1.8721225155600763e-06,7.959719479659911e-06,1.2489518664092191e-05,0.7394678070487962,4.3127961011437545e-05,5.534595901130274e-05,2.203025184332932e-06,1.5384737000160794e-07,1.7396195037062405,-0.026396060408603345,1.4831215605823096
8.167630267377095e-07,3.7934963710093025e-07,5.142410157016922e-05,0.0019467892796511147,0.00016283874137528265,7.113116701477057e-07,0.7675952847617821,0.00015123824630490837,5.015497539000361e-06,4.564631851938961e-07,8.167630267377095e-07,1.7699141377523382,-0.02683173228645668,1.5053111854205508
3.0573564944434893e-08,5.821818103675096e-06,0.00013419764076008184,7.700623783851753e-07,2.197910254879503e-05,2.8501374028266084e-06,0.7941348400556802,1.0012703136053222e-06,1.4117963797746566e-06,6.188664078669259e-07,3.0573564944434893e-08,1.7943034907499749,-0.027171259449129532,1.5216926175305714
2.89313253885973e-06,7.659663315355116e-05,0.00021006389144300857,1.1687305763840908e-06,0.0004037075170723366,1.5295648289350897e-06,0.8219950429809305,7.085600680647714e-05,9.353669497936763e-05,2.0352798546775286e-05,2.89313253885973e-06,1.8228728548137454,-0.027466547861182807,1.5423935625036165
5.59748804613465e-08,1.065240784158646e-05,0.002493600761545188,5.236341504465684e-06,7.3879495491833895e-06,5.354306416314857e-05,0.8271979471359096,1.6646564548603706e-05,2.3466704695858713e-05,2.9664170112807257e-08,5.59748804613465e-08,1.8298085105939261,-0.027547312410115914,1.548916209568858
4.5921369664751185e-05,7.786257707536133e-05,0.001450094262567733,0.0038604083379188588,8.578798925875377e-07,1.1867724255820725e-05,0.869672151969453,0.0011429060452521605,8.526304812394825e-05,2.1118594161555192e-05,4.5921369664751185e-05,1.8763225293148154,-0.027849721574244264,1.583650555803927
5.59748804613465e-08,8.352951808811167e-06,0.0013502295533587838,2.159265116558665e-06,3.458446978779494e-06,2.9034997030692993e-06,0.8893184533280751,2.5577736271403987e-06,2.280070867211517e-05,6.051895586980758e-07,5.59748804613465e-08,1.8907115207168972,-0.027970771243099633,1.5922203697060506
3.158353937282913e-05,7.786257707536133e-05,0.04730698329521467,1.267322160335395e-05,8.578798925875377e-07,1.1867724255820725e-05,0.8812101452619285,0.001069529835537068,8.526304812394825e-05,2.1118594161555192e-05,3.158353937282913e-05,1.9297963009208887,-0.028378442975336347,1.6563389805850584
1.9268127293778083e-06,1.2651096481671358e-05,0.030444983242514392,0.000939673810984354,3.611818367325947e-08,2.420121273960167e-07,0.8905652545163297,0.00010769968096777814,5.639656295641531e-06,4.297667739740904e-09,1.9268127293778083e-06,1.9220761844296208,-0.028312063837274113,1.6381085507971023
1.9268127293778083e-06,1.2651096481671358e-05,0.030444983242514392,1.8212649426466242e-05,3.611818367325947e-08,2.420121273960167e-07,0.8905652545163297,0.00010769968096777814,5.639656295641531e-06,4.297667739740904e-09,1.9268127293778083e-06,1.9211547232680621,-0.02830725806680177,1.6370482066880196
1.9268127293778083e-06,1.2651096481671358e-05,0.0749101665260104,0.000939673810984354,9.367854130407017e-09,3.443563230958582e-07,0.8905652545163297,9.470869283641358e-05,1.0225184378581524e-05,2.4199482074973413e-09,1.9268127293778083e-06,1.9665330359692588,-0.02869846479543443,1.7041623477157808
1.66969743755242e-06,1.2651096481671358e-05,0.0749101665260104,0.000939673810984354,9.367854130407017e-09,2.0686089723301746e-06,0.8905652545163297,9.470869283641358e-05,9.282511415180973e-06,2.4199482074973413e-09,1.66969743755242e-06,1.966533817549415,-0.028698707661454617,1.7041632486288882
1.1168712705146594e-05,0.0003844676868708879,0.08080774359562543,0.00018454755156010994,2.3848206073767692e-05,1.982245008473219e-05,0.9401307774514555,0.0016685504104779736,2.9264656551631643e-06,0.0004557127697821208,1.1168712705146594e-05,2.023678396525945,-0.029039554198456385,1.7520275812991197
1.1168712705146594e-05,0.0002924429769375061,0.08080774359562543,0.00018454755156010994,2.3848206073767692e-05,1.5820198336752008e-05,0.9367371947947031,0.0016685504104779736,2.9264656551631643e-06,0.0004557127697821208,1.1168712705146594e-05,2.0201887869074047,-0.029026413960899444,1.7493278981159177
9.160684815486451e-08,8.209656985514126e-05,0.12146498530075572,2.0487574138983388e-05,0.00042570863222415385,2.3528948593480518e-05,0.945486554826565,0.0002226851624756179,8.164158294075718e-05,3.105805122630493e-07,9.160684815486451e-08,2.067807999178057,-0.02939506748218235,1.814013502473828
2.1722830583482297e-06,3.570540928684852e-05,0.11251071478665294,0.004924828413111466,2.689804471063139e-06,1.9661793505251144e-06,0.9473704105409936,5.973179889741828e-08,2.102007547439577e-05,1.5869100819616165e-08,2.1722830583482297e-06,2.064867410807955,-0.029362688712376673,1.807140415191498
2.1722830583482297e-06,0.0001390164407701946,0.11987563741764053,0.005184409974066789,2.689804471063139e-06,1.9661793505251144e-06,0.9734039117432337,5.973179889741828e-08,2.102007547439577e-05,1.5869100819616165e-08,2.1722830583482297e-06,2.0986287272336583,-0.029535032259022258,1.8385451670001816
8.188217545477706e-07,0.0001358069571128498,0.11987563741764053,7.964950581658669e-06,2.689804471063139e-06,1.9661793505251144e-06,0.9734039117432337,5.973179889741828e-08,2.10172537793183e-05,1.5869100819616165e-08,8.188217545477706e-07,2.093449069906749,-0.029520871788533153,1.832602917094379
6.438344023956648e-08,6.289002049788939e-06,0.12910093208298346,7.511349175760919e-07,3.458446978779494e-06,3.548153046691163e-06,0.9581936792511954,0.03497899428194985,1.2806416872069857e-05,3.274034277852968e-07,6.438344023956648e-08,2.1223007861734198,-0.029619968184468843,1.866523015742163
2.511897184690684e-07,7.266683544469065e-05,0.19164296558245408,6.767310291346104e-06,6.1942267559977266e-06,0.00013328637645323814,0.9611867783378657,0.010465240577213566,6.229148830219101e-06,4.867749015516161e-07,2.511897184690684e-07,2.1635206151701816,-0.029863238682373113,1.9366011530824268
1.5820653013767966e-06,4.01225614619848e-06,0.18761009368191697,5.770900983123221e-06,4.192122117215784e-06,1.4410081735346979e-07,0.988120052205437,0.027679777574466984,5.585772574382173e-05,9.649896232978557e-10,1.5820653013767966e-06,2.203479901531482,-0.03007632411737493,1.9681363063307644
2.2571886695895566e-06,3.431357778294875e-05,0.2031977309303709,1.1261877662598655e-06,3.7812525924664447e-07,2.1243717410002433e-06,0.9833983691648135,0.0021654382686240193,4.579270747145996e-05,2.5362783692886396e-06,2.2571886695895566e-06,2.188847809609871,-0.03002917730918911,1.962755247964651
2.2571886695895566e-06,3.431357778294875e-05,0.2031977309303709,1.1713824444502566e-06,3.7812525924664447e-07,2.1243717410002433e-06,0.9833983691648135,0.0021654382686240193,4.579270747145996e-05,2.5362783692886396e-06,2.2571886695895566e-06,2.1888478548045494,-0.030029177329903914,1.9627552992213795
0.029598523946386592,2.379141232134518e-05,1.4701844897929628e-05,1.972796044036193e-07,3.001505415798306e-06,2.1259531030077354e-06,8.408229093214094e-05,2.419917745395002e-06,0.0002730307295941004,2.403808824955491e-07,0.029598523946386592,0.9995278721273496,0.03124214212847811,1.0003724063263408
0.03251318824096137,8.58314764924213e-06,2.6830529368866526e-06,1.0470881616064715e-07,9.076798802878713e-07,1.6361334396795573e-08,1.8606169465553082e-05,3.6235063862821786e-07,6.562323841861126e-07,8.292042589635754e-09,0.03251318824096137,0.9989748543357985,0.03405711849012662,0.999602863531307
0.05238414214116314,9.411275007662217e-06,2.1883661155528797e-06,1.9991586203366792e-05,1.2438721963046333e-05,2.1259531030077354e-06,1.73120611085497e-05,3.7121682174719734e-05,0.00019752422290362606,2.8283085840047005e-06,0.05238414214116314,0.9975576693957813,0.0532741173339766,0.9966284508032246
0.0483772938843357,2.548564306948668e-06,2.828368171614453e-07,1.0766483079731028e-06,2.188011437632606e-07,1.1540681254428988e-05,2.3214584511064402e-05,1.5588594548010922e-05,1.9038841046573988e-05,3.702914660423051e-07,0.0483772938843357,0.997733690172677,0.0493896290084716,0.9970935868250985
0.07903286290897212,2.6269325977250036e-06,6.806918184676652e-07,4.298106960566789e-06,4.6638657612098e-06,0.00014715416818397064,2.9318942121630258e-05,2.164615914709489e-05,0.00012301771064105845,3.421929552559147e-06,0.07903286290897212,0.9940927382747848,0.07926818911315618,0.991718310186707
0.06646344862759643,4.264264638986495e-05,3.392190793717227e-06,2.4624008898780075e-10,7.931653083888754e-06,1.1294390453741771e-05,4.777371024385616e-06,8.206769806231696e-07,7.343481146154941e-06,1.8131762378369256e-07,0.06646344862759643,0.9956613401957065,0.06698263808717156,0.9939245733301951
0.06646344862759643,1.3984149322807124e-05,3.392190793717227e-06,2.4624008898780075e-10,7.931653083888754e-06,1.1294390453741771e-05,4.777371024385616e-06,8.206769806231696e-07,7.343481146154941e-06,1.8131762378369256e-07,0.06646344862759643,0.9956325551190975,0.06698336026680313,0.9938908908293401
0.09988558858005221,0.00015633632111755337,1.34054482836646e-05,2.033667301658131e-06,5.471242075422313e-06,5.416387829281425e-07,1.2245579979990877e-05,0.00011139042250539897,0.00015182364160210612,1.566750638196958e-06,0.09988558858005221,0.9904822195892852,0.09975489302200231,0.9874671234418703
0.09364174873566529,2.0297348382033754e-05,1.6469760486365343e-05,2.2090969172980598e-06,0.00010323948733761142,7.991884133798066e-05,4.0585437240597405e-05,0.00011266910632743457,0.00018058838313761977,4.558946375110862e-06,0.09364174873566529,0.9917966717664707,0.09360834905649168,0.9889087471548142
0.0919306449781733,2.418175867720353e-05,1.6469760486365343e-05,2.2090969172980598e-06,0.00010323948733761142,7.991884133798066e-05,4.0585437240597405e-05,0.00011266910632743457,0.00018058838313761977,4.558946375110862e-06,0.0919306449781733,0.9921179446986933,0.0919252814286631,0.9892825532075588
0.10367084312052098,3.0410831993411586e-05,4.585432887169806e-05,7.254980458404734e-05,0.00010767282842142045,1.9289667967904822e-05,0.0002521204047819557,7.923760941373249e-07,4.8922762938716256e-05,7.608629880221399e-06,0.10367084312052098,0.9898438639970989,0.10348495880895973,0.9866628091049614
0.10101514924986164,3.0410831993411586e-05,3.780176047628759e-05,7.585525632411238e-06,7.653545553758467e-06,1.5110886105146276e-06,1.5394743973304046e-05,1.9682104096273143e-06,5.530047136379148e-05,7.845979545349734e-06,0.10101514924986164,0.9899630999881216,0.10087542821535665,0.9869188640435338
0.1121845287054536,1.4051078715339073e-06,2.992538172165073e-07,7.035012433899015e-07,3.5277902309027917e-07,4.7984585710869747e-08,1.3421923683109508e-05,7.438297486409287e-06,5.498153710725811e-05,2.3372255695113175e-08,0.1121845287054536,0.9874942953365395,0.11189990790787886,0.9842108071796514
0.1276125081988032,7.316644959359527e-05,4.870762235420086e-05,2.9740732144859454e-06,9.919410838631706e-05,2.140625413375505e-06,0.00018146563398530063,6.727230082096529e-07,0.00012432469621485444,4.5005645630916185e-06,0.1276125081988032,0.9842609369568782,0.12716660544553018,0.9807652953401785
0.13868121532585426,3.0410831993411586e-05,2.513848871332392e-06,3.5439323892015855e-06,2.083885219035439e-07,4.208198917888559e-06,1.1810473861799958e-05,1.9698115165409457e-07,0.0004855013369289947,5.297759734069307e-07,0.13868121532585426,0.9813168035418268,0.13815494508540374,0.9777737947424711
0.15460838749756745,3.0410831993411586e-05,2.513848871332392e-06,3.2253859508265535e-06,5.343900921846154e-06,4.8414882061187594e-05,2.1284967853488354e-06,7.923760941373249e-07,4.865624162379752e-05,2.984026372526395e-06,0.15460838749756745,0.9762441693822826,0.15401092027961708,0.9727957341857679
0.14972011120337164,4.781124956346363e-05,1.3852335703080527e-07,1.2024875159293721e-05,8.586691430218682e-06,0.00013531492969076137,2.9999717916773247e-06,2.699595909898433e-05,5.498146613883568e-05,2.3535354163553706e-07,0.14972011120337164,0.9778794556999519,0.1491402775839003,0.9743931578788184
0.14198068465155192,1.1497913542622973e-06,1.7936779669788071e-06,3.4332880831387075e-06,2.214800327953426e-07,1.8992125460724596e-07,2.3982644028210636e-05,6.851484690573106e-07,1.1943395156757594e-05,2.4290016342466436e-07,0.14198068465155192,0.9798860071568655,0.14144281431221428,0.9763853221857351
0.17145677999964895,2.9296019599010425e-05,2.9227050248226976e-05,1.3595453984268546e-05,1.801523485165386e-06,1.2173665008930888e-05,1.3835673781558694e-05,1.3900389688828787e-05,0.0004241293700728848,4.017208387136883e-06,0.17145677999964895,0.9711604730264641,0.1708129099755746,0.9678437756258556
0.16484054862630393,1.3028571941176796e-06,2.3550908210883108e-07,4.1364572483895e-09,3.1539217611819214e-07,1.1916888440189006e-05,3.023225010292652e-07,7.966867193132501e-07,1.0902931714624936e-06,3.1130330701088524e-07,0.16484054862630393,0.972844311151917,0.16421538005528363,0.9694900122197553
0.1787487839482005,5.963642864687349e-06,0.00035739436278964075,3.504622960739181e-07,8.277274374728786e-07,1.7656572277610668e-06,2.31149439714378e-05,3.679751299306459e-08,3.1350738839876227e-06,8.155082850872933e-07,0.1787487839482005,0.9684548411773766,0.17811214147823715,0.965351938472744
0.1834286822072361,0.0002477885869015365,3.596672879802206e-05,8.090029282752752e-06,2.6940087549895793e-05,5.720392600236333e-05,0.00010069217438170277,1.111228980475796e-05,0.0001241836673773407,3.2621027232961717e-06,0.1834286822072361,0.9669898458101178,0.1827741685526973,0.9639106265149893
0.18705355213686797,1.2312465119525495e-05,1.825393430875836e-07,1.8181109279063048e-07,1.725540403516658e-06,5.597621048459097e-07,5.212875827891789e-06,0.0001012547530456244,3.5012634105246897e-07,9.806822820848364e-08,0.18705355213686797,0.9651371104459331,0.186408520891713,0.96210829292584
0.19145522095451212,0.00015684504894933953,1.6321479602111743e-05,7.224356388481102e-07,8.819581357471472e-06,8.157755220006949e-06,6.530858350961945e-07,1.964678482402726e-05,1.4137564346686375e-06,2.6399891365291547e-06,0.19145522095451212,0.9635680054967027,0.1908109306358838,0.960664676495593
0.2181089954537247,0.00014899838114542193,3.8166666151801344e-05,5.002680235113943e-06,2.6903067175713326e-06,3.3950236117906984e-06,2.3982644028210636e-05,9.000013016597437e-07,3.613592867597423e-05,1.832507365229449e-06,0.2181089954537247,0.95270198812345,0.21751666016522944,0.9503924312354253
0.219225705049011,1.5306092697687032e-06,6.878818364389661e-07,5.718569065507294e-07,1.4355176878395225e-07,1.8691659202044613e-05,2.441982025103127e-05,3.3928175640577677e-07,4.103029353103125e-06,2.6279803425967803e-07,0.219225705049011,0.9519932796742565,0.2186398520906871,0.949670539751571
0.2065220810883645,3.344783617411713e-06,2.1883661155528797e-06,2.2827576962250867e-05,1.2438721963046333e-05,2.1046647540412545e-06,1.73120611085497e-05,1.3952308321582049e-05,0.0002743541050160803,1.463749851241724e-06,0.2065220810883645,0.9577135385348602,0.20590008784561759,0.9550529033703801
0.2066372880304343,2.379141232134518e-05,2.020259243177976e-05,1.824651292696998e-07,5.2419734521065345e-06,2.1259531030077354e-06,6.354214384915111e-07,6.028939650541162e-07,0.0002743541050160803,3.5767211699762095e-07,0.2066372880304343,0.957642504783292,0.20601564395394717,0.954998828527675
0.23169843891652123,0.0002148931932749084,0.0002547696995431462,7.914610033895529e-06,9.439538782472944e-05,1.8767358596815086e-05,1.4241271122628222e-05,0.0004617604167812849,0.00010429225606048763,6.186899671068378e-06,0.23169843891652123,0.947556178319133,0.2311457424443257,0.9456191714304764
0.2273347764524955,3.353191234146594e-05,3.4564210447560294e-05,5.002680235113943e-06,2.6903067175713326e-06,1.5104963138398542e-06,2.3982644028210636e-05,9.000013016597437e-07,3.613592867597423e-05,1.832507365229449e-06,0.2273347764524955,0.9484662922295053,0.2267743450701053,0.9463653767700139
0.23794409482293608,4.6591480949539185e-06,6.364001362712183e-08,4.8005973718449595e-08,3.961583308141289e-08,3.419926054096947e-07,6.643715763513762e-06,4.4270683275430557e-07,5.576124529571791e-05,1.7665449953257686e-07,0.23794409482293608,0.9434546441890398,0.2374222698650367,0.9416300576872315
0.2512608227099944,3.0254743914593238e-05,2.488469733362033e-06,8.965773741178848e-07,1.2869551618128692e-05,0.0007160979208306849,4.3779914929069175e-05,8.852757456700002e-07,0.00027427282504559217,2.0512427516444327e-05,0.2512608227099944,0.9380395551947021,0.2507820042285921,0.9364473946784114
0.2422196653981821,6.114075725209691e-07,3.0870487013083746e-07,3.604923674149738e-08,1.7167999485456032e-06,4.136218748496439e-06,2.4790622025974133e-05,6.306723037950423e-07,2.715066273569115e-08,1.5713213705381426e-06,0.2422196653981821,0.941365447330689,0.24171533309253873,0.9396601006755754
0.25534196599405923,0.0002491602482980503,0.0003340530395087203,2.1318342303090962e-06,2.7293726322841695e-05,3.6012271405845253e-06,1.9245884309349775e-07,8.431181448325885e-07,0.00015484022040418533,3.35940104204623e-07,0.25534196599405923,0.9356232568290661,0.2548903295399433,0.934389729010699
0.2653922396766996,0.0002148931932749084,0.0002547696995431462,1.987929941193469e-05,1.823289535942101e-06,1.8767358596815086e-05,0.0001271561827556158,0.0004617604167812849,0.00010429225606048763,6.186899671068378e-06,0.2653922396766996,0.930861575575838,0.2649797813019914,0.9298397572051976
0.26275783397419067,7.502048575334613e-05,3.0604850303533333e-06,6.364221823461249e-07,2.7583089369991056e-06,5.647176011748532e-07,8.856870430821013e-07,3.1012045318384085e-06,0.00011619217180233646,7.830929317120658e-05,0.26275783397419067,0.9312582122072318,0.2623391918454808,0.930149791645605
0.2717524240011903,1.124379990499964e-06,1.7319243026278797e-05,9.783520368509444e-06,5.4685516010828754e-05,0.0001343844226555241,6.267915402179978e-06,0.0001372779969265956,4.920938039659003e-06,4.913354081911199e-06,0.2717524240011903,0.9265486614804823,0.2713749846689444,0.9256645113588245
0.2933700117145288,3.0410831993411586e-05,7.594421856345279e-07,1.8704829672408278e-06,2.3012218151741693e-05,0.0009937265175857678,4.275099163047696e-05,7.923760941373249e-07,0.00027004329965143943,1.9235739788895594e-05,0.2933700117145288,0.9154354687961991,0.2930816589627265,0.9149905119641786
0.29571923969677716,0.00015559557705504726,1.4196884346465181e-06,7.224356388481102e-07,2.623235222471673e-05,5.9102525065931304e-05,4.4903373550049783e-07,1.1733570787977754e-05,0.00027285550535061255,1.8235488114912096e-06,0.29571923969677716,0.9131263836441685,0.29544827175314137,0.9129407988060845
0.2856060105102113,1.4323175773252695e-06,1.1466715649484547e-06,7.615337950809963e-08,3.961583308141289e-08,1.3128764922617966e-07,2.4809877957514217e-05,1.853376998292404e-08,2.087674132056526e-06,1.7665449953257686e-07,0.2856060105102113,0.9184615659729262,0.2852956672309867,0.9179993969617887
0.3083005906300902,8.213662617997094e-05,2.2438494419591925e-05,2.3853086575921622e-06,8.297317814677555e-06,1.3681260237784872e-05,5.1496701219304204e-08,3.083310004125408e-05,6.30147069125901e-05,2.3535354163553706e-07,0.3083005906300902,0.9051950177383102,0.3080920144700446,0.9053798329475788
0.3078267386981157,0.00015559557705504726,1.6321479602111743e-05,7.224356388481102e-07,8.334938783761403e-06,1.7491792776128743e-06,2.2607098429972125e-06,1.5757096781403958e-05,1.4137564346686375e-06,2.5143012522484298e-06,0.3078267386981157,0.9054667583756465,0.30761534260327195,0.9056709309494042
0.3000900806962494,2.22319823690286e-05,3.571459425642065e-07,1.7205014612017913e-07,5.020907036921529e-05,0.0009937265175857678,4.3816380080008904e-05,0.00014900616835920774,7.196214957366167e-05,1.9235739788895594e-05,0.3000900806962494,0.9114181341590716,0.2998340711946264,0.911176857813731
0.30145791742292266,0.00015559557705504726,2.1153566246975273e-06,7.224356388481102e-07,2.623235222471673e-05,5.9102525065931304e-05,4.4903373550049783e-07,1.970338976841503e-05,1.3853286229373035e-06,1.8235488114912096e-06,0.30145791742292266,0.9094145229862662,0.30121675245394197,0.9094326101694559
0.3038466387108328,0.00027445971861343217,0.0001440253987819568,1.992138092030601e-07,8.277274374728786e-07,0.00016754062157857508,2.838265060471604e-06,1.9496579422893262e-05,1.9666061126091545e-05,7.915067785227612e-07,0.3038466387108328,0.9083651776847252,0.3036141391516601,0.908479913717602
0.33356119290506886,0.00026035510416269126,1.319496999119074e-06,1.2386127828665999e-05,2.154600575710789e-07,0.00013243389738026398,0.00017587408120205478,9.375736286321122e-06,0.0013681348147410878,0.00013090082500295396,0.33356119290506886,0.8910600912574792,0.33344390934967605,0.8916189089694503
0.33356119290506886,0.00026250650876354667,1.319496999119074e-06,3.0658118138728483e-06,2.154600575710789e-07,0.00015207661310919274,0.00018671337687506086,9.375736286321122e-06,0.0013681348147410878,0.00012111572209877724,0.33356119290506886,0.8910751181259026,0.33344358130692936,0.8916280259353139
0.33661798809954724,0.00014899838114542193,3.881689631853056e-05,5.002680235113943e-06,2.6903067175713326e-06,2.9992435522599064e-07,2.3982644028210636e-05,1.0110310786739293e-05,3.613592867597423e-05,1.832507365229449e-06,0.33661798809954724,0.8869865442884266,0.33652941668107256,0.8879088123963844
0.3588480612786976,9.665805850665321e-06,0.00011350119430635339,6.688042831196906e-06,1.5732078909765662e-05,2.002899379580488e-05,0.0003824892909366197,0.0004527445553367716,5.469280295455276e-05,0.0003317079070428338,0.3588480612786976,0.8727937110627179,0.3588513569260374,0.8740189323333118
0.34094227122116666,0.00048510125571573016,0.00028052055588083033,3.593712967875784e-05,4.2653386577457824e-06,0.00011897623316881072,0.00016666900264784276,2.796438164509942e-05,7.921644266451298e-05,1.61090951636189e-05,0.34094227122116666,0.8851141614266413,0.34086651982070454,0.8861777160391365
0.3590135601159772,1.3028571941176796e-06,2.3550908210883108e-07,8.717985882661997e-07,1.725540403516658e-06,1.1698594952722122e-05,2.565961873098597e-06,7.966867193132501e-07,1.4971316270072213e-06,1.0332275504975337e-07,0.3590135601159772,0.8711327415929104,0.3590096005029102,0.8725109519586949
0.37907858551293955,3.662710824705072e-05,1.0137913988925132e-06,2.559810199184912e-07,4.0154157998265943e-07,1.5345129840281968e-07,4.24650143964987e-06,6.253378905993536e-07,4.0393210971985346e-06,1.1026864590818306e-07,0.37907858551293955,0.8563537209251175,0.3791349671969652,0.858109412389535
0.37379138101836296,5.652066946311876e-06,1.8217921225797111e-06,3.102282645959755e-07,6.972516290000811e-06,3.4896294532062208e-06,1.5660191775525256e-06,1.970338976841503e-05,7.96437875012555e-07,4.153031021969923e-07,0.37379138101836296,0.8603264210574492,0.3738333579573065,0.8619825019680712
0.36233169359351275,0.00014899838114542193,3.8166666151801344e-05,9.735827130595642e-07,2.7596173266099105e-06,1.0805683410117648e-06,2.3982644028210636e-05,3.03136761866278e-05,4.146597626941906e-05,2.274116562258798e-07,0.36233169359351275,0.8690415071912014,0.36233572608123554,0.8705143077203997
0.36233169359351275,0.00015075156574724882,3.8166666151801344e-05,2.5938200809639136e-07,1.7128664931977714e-06,5.785647819143909e-07,2.3982644028210636e-05,2.382097261059592e-05,2.1687314206923356e-05,1.0479623657575129e-07,0.36233169359351275,0.8690110733390445,0.3623359537565407,0.8704891363006141
0.36837191260062274,5.578373688137319e-06,2.3550908210883108e-07,8.717985882661997e-07,3.1858608617376363e-08,1.2282027918061125e-05,2.565961873098597e-06,1.600326057231467e-05,5.403535397375844e-05,1.574949266831712e-07,0.36837191260062274,0.8644063463623158,0.36839712060005225,0.8659537194817966
0.3943013516455595,2.448380951303286e-05,2.3550908210883108e-07,8.717985882661997e-07,1.725540403516658e-06,1.2282027918061125e-05,2.565961873098597e-06,1.600326057231467e-05,0.00027412885270516505,1.574949266831712e-07,0.3943013516455595,0.8449105690132265,0.3943927612796735,0.8468258925421825
0.3968632265633652,2.2927752378765884e-07,5.709911446725943e-05,3.5384709203551036e-08,3.3209499520100386e-10,2.3168950638277775e-05,9.337330484989254e-07,4.1100457914526755e-05,0.00018739973939623704,8.023773135901697e-07,0.3968632265633652,0.8428592798685628,0.396961788819287,0.8448206500093901
0.3961863337580249,4.1015685725881483e-07,2.2778528382882033e-07,2.2832033064016463e-07,2.2373753529649623e-07,1.0844634222490776e-07,8.958042001764361e-07,2.0647109617418063e-08,2.16264568579142e-06,3.381141568831688e-07,0.3961863337580249,0.8430417290878015,0.39628545900302414,0.8450417313160629
0.40145769815161925,0.0002155384623329392,4.772474057768244e-05,9.337433307864542e-06,9.090294680030934e-05,0.00019230556576993468,0.00010005237702359867,2.5889179959049756e-05,0.00010429225606048763,3.17240712864054e-05,0.40145769815161925,0.839781174044793,0.4015640259363403,0.841790833551305
0.41586897993039335,0.0002457584405335931,3.2533305953659545e-05,2.580995923281796e-05,1.7978083235984332e-06,1.4227027594510145e-05,0.00017984681423240426,3.5981138874184177e-06,0.0001012405983641368,4.17408627341242e-05,0.41586897993039335,0.8278112916072745,0.41600595765480214,0.8300113212448952
0.41898779891522697,1.1983809431033025e-06,2.828368171614453e-07,1.212494469401569e-06,2.188011437632606e-07,5.8967616266479926e-08,8.535449840043953e-07,6.684712782452892e-08,2.1436777846400754e-05,1.4435450365147487e-07,0.41898779891522697,0.8244791690575825,0.4191284511510922,0.8267209249783373
0.43649416716787637,6.51337185739424e-06,0.00023992970384897007,8.71584697117628e-06,0.0001277091888124747,2.140625413375505e-06,0.000276331368379294,2.0339806582575152e-06,2.2023006222038027e-05,7.846204745710357e-06,0.43649416716787637,0.8102980754991703,0.43666741714849816,0.8125369032442972
0.4313066175404777,8.34150054204401e-06,4.265122475385519e-07,2.9877854963337755e-08,3.5748061421634254e-07,3.994693551527795e-07,2.4902095884998946e-05,3.0367826309124016e-06,3.1577897133166242e-06,6.733676746917342e-05,0.4313066175404777,0.8141026763351259,0.4314650627916112,0.8164287287124058
0.43515463136424976,4.878943324867025e-07,1.349151789485949e-07,3.8026914635956293e-08,2.188011437632606e-07,4.6654337034988364e-08,3.969261567126863e-06,6.684712782452892e-08,4.4765919821087975e-06,1.4887597101733643e-07,0.43515463136424976,0.8106518502078973,0.4353156128360347,0.8130064174364748
0.4237630707962123,3.2018089020141297e-06,2.7244996890947865e-05,9.793298259223474e-10,2.690246309053859e-06,1.4863466656570875e-07,5.486637171987127e-06,4.483444985354872e-06,0.00015269118930469973,3.6599599973129932e-06,0.4237630707962123,0.8206603051896646,0.4239093862098104,0.8229060313323341
0.42733026269186664,3.662710824705072e-05,1.0357638439878839e-06,2.5032198425552176e-07,4.0154157998265943e-07,3.994693551527795e-07,4.247225672070651e-06,1.9457078880030325e-06,1.835789353570294e-05,3.6376999253903377e-07,0.42733026269186664,0.8174640939794635,0.42748164207007056,0.8197782734619287
0.4474861317414831,0.00026865421125265,3.645678854138499e-05,1.9463332478835374e-06,5.5358980902109115e-06,8.010127843605422e-07,1.2202791567226445e-05,5.000762620913079e-06,0.0022202920580049,5.345029410327528e-06,0.4474861317414831,0.8028229619446545,0.44763140222052,0.8046981639487945
0.4434991682284647,0.00014899838114542193,3.8166666151801344e-05,1.5830524483848685e-06,1.362458297906373e-05,1.0893219510668843e-06,2.3982644028210636e-05,1.3131945887044116e-07,1.3940827898784471e-05,1.833254379881731e-06,0.4434991682284647,0.803599691075432,0.4436655371503341,0.8060166166108925
0.4541933453045651,8.175897125713082e-07,0.0011724020520206865,3.4332880831387075e-06,0.002257890527619245,1.8992125460724596e-07,2.3982644028210636e-05,1.6067545748252512e-05,1.1912455501221738e-05,2.423688181995397e-07,0.4541933453045651,0.7979121700262398,0.454368036677573,0.7996648748171048
0.4794097434637869,1.5450035772273263e-06,3.4275704073669524e-06,3.350979345171571e-06,5.817314578383986e-07,1.8992125460724596e-07,2.397933732321843e-05,6.851484690573106e-07,3.1424450489249656e-06,3.700879398939429e-08,0.4794097434637869,0.7702117265646713,0.4795913874992933,0.7725843632873902
0.4794097434637869,1.5450035772273263e-06,3.4275704073669524e-06,3.350979345171571e-06,6.122694877135761e-07,1.8992125460724596e-07,2.397933732321843e-05,1.1057110732446083e-08,3.1424450489249656e-06,3.700879398939429e-08,0.4794097434637869,0.7702109351119305,0.4795913894173232,0.7725836366584123
0.46936528155972995,7.727440511410862e-05,0.00018130903250374727,6.7455488591393695e-06,1.8420199790370364e-05,2.6095832579491166e-06,0.0003148630133200326,2.8741263586851234e-05,9.993284012286658e-05,5.319842802194719e-06,0.46936528155972995,0.7805932999948514,0.4695574896790858,0.7828778119578204
0.46936528155972995,7.727440511410862e-05,0.0001834574853407716,3.8071721009055373e-06,1.8420199790370364e-05,1.0885786422169284e-06,0.00031648328807309326,2.8741263586851234e-05,9.993284012286658e-05,5.319842802194719e-06,0.46936528155972995,0.7805924574108173,0.46955753836176184,0.7828770696453836
0.46398503154864285,6.629002118440136e-07,2.2779573588009572e-07,2.2832033064016463e-07,2.2373753529649623e-07,1.7390185434068135e-07,8.958042001764361e-07,2.0647109617418063e-08,2.16264568579142e-06,3.381141568831688e-07,0.46398503154864285,0.7847238865336419,0.4641639583599063,0.7871413776423646
0.4913523239303597,0.0005071512794721214,0.00013826790025607866,4.929014216424624e-05,1.808777674898446e-05,9.30659554347324e-05,0.002075818073174074,0.0010267647816621644,9.638524960106493e-05,1.3009143721382364e-05,0.4913523239303597,0.763556867856676,0.4916210754986116,0.7651160006766258
0.4942779229722689,3.596019919440464e-06,1.9638786309051122e-05,1.174278613786016e-05,4.742352368763591e-06,4.07251838766241e-05,3.7989286950071263e-06,9.403021046805855e-06,0.0007941985865931653,4.337130733050972e-06,0.4942779229722689,0.756799293134603,0.49444837768398237,0.7588398296197923
0.4964060848767331,8.704683359283307e-06,1.6403415415524743e-06,7.48568628114898e-07,8.655028060492347e-05,5.59174162138521e-07,2.3553153562052454e-05,4.441950038858906e-07,2.9326893116120585e-07,4.469213686771565e-07,0.4964060848767331,0.7537342306571844,0.49658388779995366,0.755986729998397
0.5110854225610745,8.180902792208347e-05,3.09418432835743e-05,3.63250159127242e-05,3.877300261367664e-05,0.00023201488393565238,2.2343996532805456e-05,0.0002821878284790941,4.6504500622551966e-05,1.845487222650974e-05,0.5110854225610745,0.7397870692688965,0.5112528917503378,0.741823824945608
0.5048832579946899,1.1497913542622973e-06,1.963164167844838e-05,3.467422481194046e-06,2.214800327953426e-07,9.674356352654848e-08,2.3982644028210636e-05,3.702451025694417e-05,1.705213976150105e-05,4.885613936240548e-07,0.5048832579946899,0.7452222927505155,0.5050579427841949,0.7474240267435742
0.5064255337913153,5.715600006554347e-06,6.097462174906736e-05,1.197573136447377e-06,2.950519581436289e-07,0.0001362346825439189,2.3173554435232456e-05,4.801308981904883e-07,0.00033813814910379787,3.9955062139920655e-07,0.5064255337913153,0.7442450217348968,0.5065950773847993,0.7462954919663893
0.5388122536419566,1.202869754054251e-06,2.92495732438409e-05,0.00035411002519567577,0.00012114784320671941,4.603857464272739e-06,1.3589416509784443e-05,1.5288581346560138e-05,9.227413916599251e-05,1.1008740753103681e-06,0.5388122536419566,0.7104974524565668,0.53896961650231,0.7121826991538829
0.5322820895188886,0.00015633632111755337,1.702824217441456e-05,5.721804377192991e-08,5.600522844935901e-06,8.23582677226097e-05,1.237323761635754e-05,0.00013654468887753311,0.00018926274549926813,1.566750638196958e-06,0.5322820895188886,0.7174471169747293,0.5324341634752241,0.719287588498063
0.5267345574477588,4.260205073350512e-05,5.104768078543536e-07,1.0523622435327632e-08,1.4046853281493223e-07,5.882774256251217e-06,2.8730168415478457e-05,1.0567741051313245e-07,0.00014460704258628584,3.6336548787831176e-06,0.5267345574477588,0.7228396799982918,0.5268950251400422,0.7247805281185712
0.5221374613141672,6.51980566283549e-05,3.896651095890437e-05,3.7819996550314233e-06,6.107370661385485e-05,1.8121055360678572e-07,1.702929543229568e-05,8.719841148547064e-05,3.194666929917955e-05,1.2214755504420148e-07,0.5221374613141672,0.72776123123122,0.5223005157393806,0.7297687010795808
0.5226901282303971,3.0410831993411586e-05,7.54584911727408e-07,9.490719385983138e-06,5.80833913410032e-05,1.4468853443680663e-05,2.3313698355938723e-07,6.178283894132561e-08,0.0005219633314620647,3.4422588029354224e-06,0.5226901282303971,0.7276083803738831,0.5228483917438842,0.7294527293343869
0.5484472485832191,3.272611788238802e-05,3.1950404634112096e-05,7.075493458631481e-07,1.0872508311589472e-05,2.39090369651694e-06,2.6056750147969498e-05,0.00015732285124296712,9.23540325457518e-05,3.445860851365526e-06,0.5484472485832191,0.6996710363459699,0.548592067760098,0.7012925388820029
0.5462480058111482,3.5002828707697504e-05,5.2796566825472336e-05,2.974391327033865e-07,1.2729975760028046e-05,3.96368705361781e-06,3.168764220017372e-06,7.1524389811217e-09,0.0013933623142887194,8.198426838590955e-05,0.5462480058111482,0.7036681221377922,0.5463832417187139,0.70487496925495
0.5546234259260179,8.530547958980902e-06,5.72504034588027e-05,1.0289353199099667e-07,8.350542185905874e-06,4.2557972735536266e-07,2.9494542090779098e-05,2.7289253176616694e-05,6.209730923101732e-07,3.433821614037073e-07,0.5546234259260179,0.692565987822153,0.5547648940753512,0.6941350309678559
0.5658912969092244,8.704683359283307e-06,5.613340556991723e-05,6.998654426429569e-07,8.655028060492347e-05,1.4158064238263352e-06,2.2454736388686945e-05,4.441950038858906e-07,6.121222110753425e-08,3.5070907280345524e-07,0.5658912969092244,0.6800004669235388,0.5660231475559863,0.6813509122856418
0.5744676711615171,1.1842492421998063e-06,5.611043441914963e-05,7.169965218469986e-09,5.477119013394212e-06,0.0010058624966151175,1.5462248219840808e-06,1.1391947405833304e-06,1.215749507758454e-06,2.8026600260962425e-08,0.5744676711615171,0.671413048587982,0.5745805174380064,0.672307544837144
0.5626072930402625,2.9895795507788838e-05,3.1950404634112096e-05,7.075493458631481e-07,1.1458907010394106e-05,5.839646751264676e-06,3.1845479159160724e-05,1.7521784198732725e-05,0.0008414071977757797,3.445860851365526e-06,0.5626072930402625,0.6847551266619861,0.5627351666894288,0.6858773390326318
0.5925354384564716,0.00017284408987904256,0.0002185168933616211,0.0004464786955004178,1.3967304696539962e-05,3.977630442581299e-05,0.0001949218017069643,3.226324909627845e-05,0.00012439977277524877,3.724536506477661e-07,0.5925354384564716,0.6505813573877145,0.5926626957532855,0.6512350634902846
0.5893308549643363,0.0002513020268132507,7.047988851457722e-05,2.06273496598142e-06,2.5288187377412986e-06,0.00011003917532902035,8.737849888274844e-05,1.6823898561877237e-05,0.00018629821665231097,1.820647684513965e-06,0.5893308549643363,0.6536707901841324,0.5894431372208069,0.6545224637157401
0.6118415655212294,1.5566511345429037e-06,2.843345255575551e-07,3.2155379087868142e-06,3.8195283351750416e-07,0.0006228242790119464,2.4518720681244843e-05,1.554612104778047e-07,0.00018876893893429522,5.511402885155931e-07,0.6118415655212294,0.6268071893772071,0.6119354639292705,0.62698817692636
0.6118415655212294,1.1983809431033025e-06,2.828368171614453e-07,1.212494469401569e-06,2.188011437632606e-07,5.8967616266479926e-08,2.3166287388856258e-05,3.0967968864711246e-08,1.7196272999468967e-05,4.0283959858118673e-07,0.6118415655212294,0.6257100503310802,0.6119444248185363,0.6262027342815105
0.6186597211099878,9.580300622064162e-07,5.416786720337483e-05,3.403953868721186e-08,0.0007247050709245249,6.250875917457255e-06,6.4981797782454126e-06,1.1006831465707469e-06,1.1824217487168177e-06,4.4560979480784685e-07,0.6186597211099878,0.6183596597128461,0.6187534396643324,0.6183331404699982
0.60179254726139,3.596019919440464e-06,1.9638786309051122e-05,0.000108406927696458,1.037450519665378e-06,4.07251838766241e-05,3.7989286950071263e-06,9.403021046805855e-06,0.0008209165626023126,9.33448156419368e-06,0.60179254726139,0.6392304725718059,0.6018937576287461,0.6395542631710084
0.5997837722815985,4.7124103640150185e-05,3.616259535767139e-07,1.3202486650479562e-07,8.944043021229399e-06,5.882774256251217e-06,2.8071518889746877e-05,1.0567741051313245e-07,8.837347294502715e-05,1.5126667361512148e-06,0.5997837722815985,0.640504858714268,0.5998916490492495,0.6412169263467112
0.6260392859411864,3.549799639465418e-06,1.983301023084392e-05,1.297235467600071e-05,9.790210907081316e-06,1.216207839022731e-05,3.7653955143874418e-06,9.131922623404133e-06,5.196215951085784e-05,8.45705667834931e-06,0.6260392859411864,0.6082580164135077,0.6261350064252134,0.6084240081140779
0.6272074129663696,3.0410831993411586e-05,7.54584911727408e-07,2.3221440908720053e-07,5.308132713171269e-06,1.4468853443680663e-05,2.8071518889746877e-05,2.1082973219222697e-08,8.914133871119545e-05,3.445860851365526e-06,0.6272074129663696,0.6068503095844576,0.627303586418055,0.6069806985438131
0.6196448828302644,1.3247346039297626e-05,3.866974321935657e-07,2.6508940274200065e-07,1.755130439885706e-06,6.250875917457255e-06,4.59409228592158e-05,1.1006831465707469e-06,1.1824217487168177e-06,4.4560979480784685e-07,0.6196448828302644,0.6161378899225811,0.6197459756566662,0.6164633009235213
0.6497956657658498,7.641103380352846e-05,4.1833711399937e-05,6.79047148043023e-06,0.00012071651401829989,1.3556419672230853e-05,0.00018911043323246413,0.0006368739946438569,5.250346760323162e-05,4.979685186221969e-06,0.6497956657658498,0.57939033693452,0.6499007796009353,0.578761794459917
0.6467854163270398,3.549686836702035e-05,5.2108968317630624e-05,6.477375402454159e-07,9.476574399632483e-05,2.9476743357209266e-06,1.1134207823433984e-06,2.445781624701157e-06,4.431444717717684e-05,6.857308399890376e-07,0.6467854163270398,0.5820012383357421,0.6468758385862805,0.5816904420216367
0.6415833476027987,5.80857574241406e-07,7.54584911727408e-07,2.3221440908720053e-07,5.308132713171269e-06,1.454877572715085e-05,2.8071518889746877e-05,2.1082973219222697e-08,9.229200200699105e-05,1.5774568576332575e-06,0.6415833476027987,0.5885732083640985,0.6416773250404522,0.58839098275021
0.6402309593263089,0.00031662710222283316,4.958580307434668e-05,0.00043075240267982147,5.724008785970906e-06,0.0003816007091162086,0.0009300606650307629,1.624697286658738e-05,0.0003986236233413923,4.585800023865139e-06,0.6402309593263089,0.5936740974372136,0.6403879960501526,0.592761808144854
0.6790157730849897,0.00027061090098404655,2.7244996890947865e-05,2.1879891254805585e-06,8.19337444620958e-06,1.729412796033467e-06,8.377612371853417e-06,8.431181448325885e-07,0.0008449807809653351,7.014111999948313e-06,0.6790157730849897,0.5406481186593457,0.679102718374348,0.5393504987347213
0.6778676410600384,0.0001552343065299147,1.9809840306029745e-05,9.133672047373711e-06,5.499597667888782e-07,8.158474945426412e-05,0.00018182807213198418,0.0001109062638483347,2.555838779509538e-05,4.910631551624154e-06,0.6778676410600384,0.5413557027142025,0.6779768527430218,0.5403488900564459
0.6795901052983219,2.0011728982422e-05,6.278478874828535e-05,1.3784243837201607e-05,3.547780341845705e-06,0.00012338841287677662,7.116504745729537e-06,5.11521956149572e-06,0.00011963714361131787,5.933166042424854e-07,0.6795901052983219,0.5386776157863492,0.6796864341997627,0.5376483937357143
0.667362842229907,0.00016190788140499273,0.00023425029291108374,2.677055488181763e-05,1.9878458550891324e-05,0.0005463221514064681,5.097359671027338e-05,5.0929308119130944e-05,0.0008222665388970389,9.854777300096424e-06,0.667362842229907,0.5574048672957973,0.667442972945158,0.5560024567249636
0.660373325481914,0.0002633324474662016,2.6886698882553473e-05,2.1879891254805585e-06,6.3636647593755925e-06,1.4265714276581546e-06,8.377612371853417e-06,8.431181448325885e-07,0.0008449807809653351,1.5074349792442075e-07,0.660373325481914,0.5655645309120748,0.6604549418092368,0.5646618594554125
0.6827005706702668,7.668564976414304e-07,2.2779573588009572e-07,2.3221440908720053e-07,5.308132713171269e-06,2.410133351550857e-06,1.1110634476614079e-05,2.0647109617418063e-08,9.229200200699105e-05,1.9528182055842095e-07,0.6827005706702668,0.5340849522959792,0.6828012164460066,0.5330853502338565
0.690232353819728,0.0002690867262698852,5.6557715217621545e-05,4.771631419482083e-08,4.077684304701946e-06,2.002546279609678e-06,6.094163268645606e-06,0.00011116052926058291,1.180926582710725e-05,6.033212426045382e-07,0.690232353819728,0.5242604754232979,0.6903315952361205,0.5231527543557734
0.690232353819728,0.0002690867262698852,5.33570115595857e-05,4.771631419482083e-08,4.077684304701946e-06,4.931589303982943e-07,6.094163268645606e-06,0.00010969642162436814,1.180926582710725e-05,6.034551609895168e-07,0.690232353819728,0.5242513626009129,0.6903316434857959,0.5231457567126745
0.714531200646664,0.00026308981087483564,0.001099598649148372,5.0323839172619535e-05,5.022214246446224e-06,0.00016486401416383474,3.032294993482519e-05,1.4340537333393866e-05,0.00016925700372099166,5.842891929155524e-06,0.714531200646664,0.49216652686184037,0.7146359830014506,0.49012778334566226
0.7181032359698244,7.668564976414304e-07,2.2779573588009572e-07,2.3221440908720053e-07,5.308132713171269e-06,6.201127010544066e-06,1.1110634476614079e-05,2.0647109617418063e-08,9.229200200699105e-05,1.2744291809059985e-06,0.7181032359698244,0.4845057265910952,0.7182282933122821,0.48293039685793304
0.7179003997350909,1.1790036636921717e-06,4.52963787433706e-05,2.2776686376660056e-07,5.477119013394212e-06,0.0009063433825635815,1.0248833610257462e-06,1.1397063008125467e-06,3.122593782197888e-06,5.199299975832724e-07,0.7179003997350909,0.4860798657541502,0.718011273115733,0.4840933215209172
0.7020998703105105,0.0005507802002883871,0.00014184001588711268,3.104999980770797e-07,8.277274374728786e-07,1.7656572277610668e-06,2.838265060471604e-06,1.9815431560164935e-07,1.4688856472353887e-06,7.915067785227612e-07,0.7020998703105105,0.5081018167062988,0.7021997371564699,0.5068333137732405
0.7044225705921248,2.621549310356698e-06,1.6778269290347356e-05,8.339240341081638e-08,2.825515232903876e-05,1.2428873059469822e-05,2.42559054165761e-06,2.113724134064686e-05,1.6532138144564964e-05,4.6368778598860445e-07,0.7044225705921248,0.5039395442132831,0.7045359471505265,0.5025801006629317
0.7388238800286187,5.168361114733527e-07,7.455440589735354e-07,2.3221440908720053e-07,2.4166044162418845e-07,3.440708318456479e-07,1.1110634476614079e-05,1.0777426554290553e-09,2.308197026022855e-05,1.3064071553213123e-06,0.7388238800286187,0.4541973676169319,0.7389694526836873,0.4524393273814268
0.7196918311631121,3.344783617411713e-06,0.00020324811106127034,2.258175805733803e-05,0.0004769792853249236,6.280829500286308e-05,1.73120611085497e-05,1.3952308321582049e-05,0.00027004329965143943,4.571708571558525e-05,0.7196918311631121,0.483737043313881,0.7198109698801047,0.48158355919057305
0.7337668021400977,1.2587461553546355e-06,2.2425480483938613e-05,5.248044138033856e-07,5.635046771003614e-05,7.108264059561064e-06,2.9822648348715104e-06,3.974126165620869e-05,3.1341819270536e-05,2.3650776342595363e-07,0.7337668021400977,0.4618354422345522,0.7339056957368241,0.4600587842356217
0.7202521019151045,1.1983809431033025e-06,6.195366544910427e-07,1.212494469401569e-06,2.207803418623327e-07,6.798904762451594e-07,2.3166287388856258e-05,6.684712782452892e-08,0.0014203792374653564,5.852432350603315e-05,0.7202521019151045,0.4835230949303993,0.720369758809639,0.481134192292766
0.7579112752261787,4.2944577024989145e-05,7.393056418982378e-05,8.174664934219183e-06,1.1682761208208985e-05,0.0001331766961195614,0.00017772052204456402,5.4963779904662975e-05,5.6523774200908014e-05,2.3535354163553706e-07,0.7579112752261787,0.42645098064227355,0.7580876249158855,0.4243248637126146
0.7411487561651118,1.3945203856375592e-05,6.870456509583845e-07,1.5271792909231844e-06,8.09079539967201e-06,1.7449869832668634e-06,8.651397589539256e-08,8.431181448325885e-07,5.8230750824442824e-05,2.4812614073456874e-07,0.7411487561651118,0.4508308333388591,0.7412950261333207,0.44903168423935724
0.7404665065320403,0.00027999351166839903,1.6762296752985477e-06,7.525413805068536e-07,2.214800327953426e-07,1.763443002554234e-06,2.668076231185363e-07,7.244861272307417e-07,1.1414387162246992e-05,2.8812952043560155e-07,0.7404665065320403,0.4521693030462087,0.7406069232167267,0.4504261724689122
0.7783017764944785,7.540625353090443e-05,1.5397159838418111e-06,8.517989277165318e-06,3.988417326236935e-06,3.001116404696602e-06,0.00018305098249979537,3.095546935281923e-06,4.954097690904422e-05,9.337374406767411e-07,0.7783017764944785,0.3947746920906354,0.7785013941222451,0.3927633900867446
0.7729520692809747,0.0002629683717239008,2.7244996890947865e-05,1.872490066412444e-07,2.7118146466452765e-06,1.7615851331158908e-06,8.377612371853417e-06,2.06820621437267e-05,0.0004321557704883087,2.2876711357229085e-06,0.7729520692809747,0.40375622850599396,0.7731224948777856,0.40157563062925883
0.7692511282169451,3.160518316571152e-06,8.905706807297814e-07,1.544193058712762e-09,1.95651099390485e-05,4.904509333182135e-07,3.0527813074418603e-07,6.215331521381339e-07,1.6162420226379714e-05,9.271692535180082e-07,0.7692511282169451,0.40831975239696056,0.7694267731179777,0.4064179347585005
0.7629511770648001,0.00015265679008565774,2.1049691266598468e-05,1.986229807431634e-05,8.312332289871278e-08,1.003434432928119e-05,0.0006406056842244947,3.197531758545107e-05,0.001473203755543752,1.6928150149262765e-05,0.7629511770648001,0.4216461165558079,0.7631631281981811,0.41843431993558045
0.7609976109767671,8.008551912784135e-07,0.0011289424789239937,5.7427355914835e-09,1.0933168406096982e-05,5.5770966014581535e-06,7.444364148340539e-07,2.4041019067721725e-06,1.6998778424757616e-06,5.533005116602979e-07,0.7609976109767671,0.4227004768493042,0.761151346897608,0.42034592684711736
0.7598573955253001,7.743495135011721e-07,7.529686201663769e-08,7.807806268433707e-08,1.4717169022816559e-07,2.2219729367671486e-06,7.494744066507498e-07,6.644755931134497e-08,1.6887874399846917e-05,4.0283959858118673e-07,0.7598573955253001,0.4226504997315803,0.7600237850648469,0.4207770116003704
0.7978407180853676,1.633192653772687e-06,3.157787706347021e-07,4.298106960566789e-06,4.592984752840142e-06,7.020680051962408e-06,3.423436883465921e-06,2.3085162258646176e-05,0.00012301771064105845,2.421103077104615e-09,0.7978407180853676,0.3637241119446061,0.7980402691943059,0.36188504870358806
0.7978407180853676,1.633192653772687e-06,1.0339325381394204e-06,4.298106960566789e-06,4.592984752840142e-06,1.0444081022067034e-06,2.3110896958253593e-07,2.3899725776277882e-05,2.2949718482119564e-05,2.421103077104615e-09,0.7978407180853676,0.363547864753877,0.7980409889007835,0.3617837422923927
0.7992144455912732,1.3247346039297626e-05,2.6375293418057216e-05,1.0916312212284098e-07,3.1200196135180186e-05,6.255541508504854e-06,4.6029896913394726e-05,6.155559351517033e-08,1.6065013870066251e-06,4.363873804769843e-07,0.7992144455912732,0.36146163037519513,0.7994189508656443,0.35967287183244584
0.786928612952181,0.0002795795518401072,2.9648449918793246e-05,3.63250159127242e-05,3.822294315941859e-05,0.00013171277595256506,0.0002774876548361147,4.883483506512192e-05,1.9064726308942183e-06,6.741132244586605e-06,0.786928612952181,0.38212002171331927,0.7871383493257634,0.3799689975083843
0.7886489355846447,0.00020824356133586488,1.586883076976994e-05,4.023665227112693e-07,8.448502963480919e-06,1.5962472528793415e-06,9.422428064586677e-05,2.171882035775042e-05,9.091552428642385e-06,5.855888110282065e-07,0.7886489355846447,0.3786169754648554,0.7888463993620598,0.37671942069796416
0.7835888155647336,0.00012179237042664596,1.5250701118606318e-06,5.44523806854034e-07,4.474588682914294e-06,3.1455977007678517e-07,1.8538857810342504e-05,1.0802895598505365e-05,2.3379608370003183e-05,3.4711888157123994e-07,0.7835888155647336,0.38628184535088855,0.7837770390807163,0.3844067568654632
0.813413233697738,0.0001822072299590005,3.38418703672085e-05,1.2799133287983514e-05,1.902015103235423e-05,0.00013368908734254,1.8887120618226876e-06,0.00010009761478603199,0.00010512240129944223,2.751387479129263e-06,0.813413233697738,0.33934140372101645,0.8136137741137781,0.33756841554778705
0.8027754311944737,4.506521834484514e-05,3.362015481216805e-05,5.757665117732971e-08,1.898028622413547e-05,5.310314601123693e-05,1.8887240162062632e-06,8.780402638202048e-05,0.00010512240129944223,6.760009298304669e-07,0.8027754311944737,0.35612103111816223,0.8029757075793825,0.35426617815541045
0.8184893530547189,3.160518316571152e-06,1.908241126379489e-05,1.1212056493608673e-09,2.690246309053859e-06,1.4863466656570875e-07,5.486637171987127e-06,1.7921031244651838e-05,0.00014277071335574415,3.679105766868432e-06,0.8184893530547189,0.33040068932752176,0.8186975836547109,0.32884585568517627
0.8299544090405014,7.641103380352846e-05,0.00018130903250374727,6.761094387848816e-06,1.4025162495982011e-05,2.657775224675284e-06,9.619358463671551e-05,6.9314984467880245e-06,0.0001590633844585319,5.319842802194719e-06,0.8299544090405014,0.3121020829715212,0.830166899356169,0.31062247871593884
0.8276338335762288,3.549686836702035e-05,0.00017773111938961095,6.477375402454159e-07,1.5439707106400277e-05,2.4696076798620932e-06,3.196773046599698e-05,1.7938964241548872e-06,5.165144060738836e-05,6.857308399890376e-07,0.8276338335762288,0.3155577955236066,0.8278423515091887,0.3141570481799083
0.8354373575320531,1.3053011408640417e-06,3.178289403798312e-07,4.2629901027557937e-07,2.12552171020894e-07,1.1912605308066768e-05,1.965976137604636e-06,8.625689875184077e-07,1.5256935107307492e-05,4.055318166468591e-07,0.8354373575320531,0.30209988563053397,0.8356446996048795,0.30105277921389684
0.8233745803295499,5.1410389718914445e-05,5.8797981770693964e-05,1.2760013974039962e-06,0.00039914383827877666,1.8051301594168033e-05,1.8245502524413e-06,5.965096819034599e-06,2.253708570546895e-05,1.9438665631770828e-05,0.8233745803295499,0.3230246729097638,0.823577350632851,0.32127275123495613
0.8252571480595831,1.3053011408640417e-06,1.8261966213626657e-08,6.765745598663153e-07,2.842068091581364e-05,1.1912605308066768e-05,1.965976137604636e-06,7.4070972547858435e-06,1.5256935107307492e-05,3.6893171213042113e-07,0.8252571480595831,0.31906382551674445,0.8254663962550802,0.3177324473978717
0.8241800307994539,1.6454406227354575e-07,1.7854961473149136e-05,7.533782390821792e-08,1.7208377434531332e-08,2.3168950638277775e-05,9.337330484989254e-07,4.1100457914526755e-05,0.0002934411382347314,4.00645327345812e-07,0.8241800307994539,0.3213605296667327,0.8243865953266702,0.3197917999972527
0.8551424249460686,3.344783617411713e-06,0.00020324811106127034,2.258175805733803e-05,0.0004736438481431765,6.280829500286308e-05,1.73120611085497e-05,1.3952308321582049e-05,0.00027004329965143943,4.571708571558525e-05,0.8551424249460686,0.2706568274134655,0.8553231531078368,0.2694010303046239
0.858620639494336,0.00020824356133586488,1.586883076976994e-05,3.8746779864581134e-07,8.355244914256871e-06,4.1593695038587677e-07,5.075257107542472e-06,2.5467888836217047e-06,2.471182706476809e-06,1.5470720262933892e-07,0.858620639494336,0.2631936020542672,0.8588018578410559,0.26291260907792513
0.8541067299491741,1.1842492421998063e-06,5.613302740296147e-05,7.169965218469986e-09,5.477119013394212e-06,0.0010058624966151175,1.5462248219840808e-06,1.1391947405833304e-06,1.6443730073654059e-06,2.8026600260962425e-08,0.8541067299491741,0.2723566443553641,0.85427910742495,0.27119094078223654
0.8429247066854847,3.160518316571152e-06,2.7244996890947865e-05,1.1212056493608673e-09,2.690246309053859e-06,1.4863466656570875e-07,5.486637171987127e-06,1.3649106784932004e-06,1.8990004958985583e-06,3.68573101548194e-06,0.8429247066854847,0.2895560770976556,0.8431281225338609,0.2887282968294917
0.8522954356705691,1.4051078715339073e-06,9.83456822180631e-06,7.035012433899015e-07,3.5277902309027917e-07,1.465899141983506e-06,2.3166287388856258e-05,7.50262789001131e-06,0.00029206024097985924,4.049304231764742e-07,0.8522954356705691,0.27417402760100706,0.8524893364241907,0.27343488031968083
0.8485236843240979,1.670763430985723e-05,0.004683156440867925,1.3617244984961838e-07,3.1200196135180186e-05,6.255541508504854e-06,8.241370460985825e-05,6.155559351517033e-08,7.4850406815071195e-06,4.461026464661783e-07,0.8485236843240979,0.2882947428281199,0.8486587905599694,0.2848844879860682
0.8684556936351415,0.00027081736017610413,3.6037406261373386e-05,0.00021194551634126773,0.00017136854967486932,0.00015633526940904692,9.637119918950066e-05,1.72626896596015e-05,0.0007742634853676061,7.854550056372996e-06,0.8684556936351415,0.24883871495037904,0.868617761179676,0.24785517228482015
0.8740375660915805,2.0085040395658886e-05,1.518135092560133e-05,1.613953770569519e-06,0.0002063351611889212,8.170329996970607e-05,3.295839043499178e-06,8.830215567800406e-07,0.00012512157445820262,1.8886182805041804e-05,0.8740375660915805,0.2368926925199123,0.8741883233283596,0.23696341857933975
0.871087530451377,1.3053011408640417e-06,2.828368171614453e-07,1.2268772362876548e-06,2.188011437632606e-07,1.0835007370385427e-05,2.3166287388856258e-05,7.515317572219895e-06,1.720906044186034e-05,8.877935604180974e-08,0.871087530451377,0.24131528972144028,0.8712528092782531,0.241590771935385
0.8883596890725624,7.540625353090443e-05,1.5397159838418111e-06,8.517989277165318e-06,0.00011315170012970406,3.001116404696602e-06,0.00018305098249979537,3.095546935281923e-06,4.954097690904422e-05,1.3339844341467363e-05,0.8883596890725624,0.21162318741671513,0.8884891728246538,0.21254942350991238
0.8989417715570915,3.0410831993411586e-05,7.54584911727408e-07,2.916682705931909e-07,5.343900921846154e-06,2.222862337128828e-05,2.8071518889746877e-05,7.971228688673199e-07,0.00011515115649196143,8.193827041663667e-05,0.8989417715570915,0.19241891090539842,0.8990175902747763,0.19414054376945497
0.8883596890725624,7.540625353090443e-05,1.5397159838418111e-06,8.517989277165318e-06,0.00011315170012970406,3.001116404696602e-06,0.00018305098249979537,3.095546935281923e-06,0.00028913248143266066,1.8829629450681938e-05,0.8883596890725624,0.21206146114784455,0.8884868436148277,0.21277883639246228
0.880120977928402,0.00027234586211163974,0.00019313009613289994,0.00021134699984219743,1.8382441963307732e-05,0.0001611828312434117,0.0001394494204726943,1.4816523634205544e-05,0.0007804564997280327,0.0007256787393338512,0.880120977928402,0.22984849700404464,0.8802686089463456,0.22903498762952115
0.9047872863994155,5.28836556453571e-05,6.275537363281744e-05,3.7001542590980334e-06,2.787158889206804e-06,8.141081902651857e-06,5.156969637369653e-05,6.316845125685918e-05,0.00011596671649307973,2.3535354163553706e-07,0.9047872863994155,0.18201676627798064,0.9048367784614727,0.1840975378152243
0.9179295927222746,7.803715044238865e-05,0.00012959369869199172,2.707901026394884e-06,3.5406811771202635e-06,1.77571487589003e-07,1.707842564926086e-05,1.6821453084767015e-05,2.409147748367467e-05,1.8426672905795192e-07,0.9179295927222746,0.15790681478005125,0.9179036720332024,0.16107751420877361
0.9135133598623673,2.379141232134518e-05,9.730295105121961e-06,2.923223070724141e-07,2.7754554132539556e-06,1.4158064238263352e-06,8.408229093214094e-05,1.0106612403740958e-06,0.0002776740894178577,3.5070907280345524e-07,0.9135133598623673,0.1662290700268549,0.9135207201972103,0.16887258519404336
0.9007144665862805,5.329623811762708e-06,9.764549544142796e-05,1.2062383180797426e-05,0.0005647436716826631,0.00010425595109543453,5.12927213906398e-05,2.314104773424623e-06,0.00012105981700983975,1.8886182805041804e-05,0.9007144665862805,0.1904833706376826,0.9007735480296317,0.19162152107910568
0.9027744005630249,0.00015969900284683224,3.1356672320857926e-07,1.1100413236028999e-07,8.542808452079084e-06,2.3581489615430085e-05,2.4836662336994313e-05,6.283103198305524e-07,5.498146613883568e-05,3.8397489809637916e-07,0.9027744005630249,0.18549395845860855,0.902828796640594,0.18755334950426872
0.9024826431691008,2.2927752378765884e-07,5.702986614675907e-05,3.5384709203551036e-08,8.277274374728786e-07,2.3168950638277775e-05,9.337330484989254e-07,4.1100457914526755e-05,1.4688856472353887e-06,7.915067785227612e-07,0.9024826431691008,0.1857529382005331,0.9025401087391453,0.1878320678310159
0.93227720229176,6.51980566283549e-05,9.71881044688728e-05,3.7819996550314233e-06,0.0005462196545027806,5.1069882245489e-06,1.85547494880041e-05,8.719841148547064e-05,3.047154341500864e-05,1.2214755504420148e-07,0.93227720229176,0.13245453524382655,0.9321467214495881,0.13623781119489548
0.935851298802211,2.0937986571424208e-05,2.320672481055598e-06,3.5644072804304853e-06,2.902938413465309e-05,0.0006401323723674183,4.275099163047696e-05,7.923760941373249e-07,0.00027004329965143943,7.756651951707121e-06,0.935851298802211,0.12608976310664227,0.9356894778996718,0.13012523793050002
0.9338667842543633,0.00016099067061916032,1.4748398301712115e-05,4.051053842612728e-07,5.343900921846154e-06,1.4468853443680663e-05,2.8071518889746877e-05,1.355204995737663e-07,0.00011515115649196143,8.193827041663667e-05,0.9338667842543633,0.1286813060737218,0.9337315384288107,0.13316099952083238
0.9228640214315444,0.0002633324474662016,2.6886698882553473e-05,2.1318342303090962e-06,8.377087019733107e-06,0.0001415700376223808,1.7985152542495303e-07,8.431181448325885e-07,0.00014512512722791867,1.5019369574351491e-07,0.9228640214315444,0.14941159405878895,0.9227975493432897,0.15281545130619703
0.9228640214315444,0.00026495154360266725,3.904393933488892e-06,6.221359374779493e-07,8.837184339480641e-06,6.0736692766551485e-06,5.823686425845776e-08,8.431181448325885e-07,0.00014580278228383973,3.387652606856561e-07,0.9228640214315444,0.1491207123181551,0.9228007544814258,0.1526532397783845
0.9218371095588425,7.791439873804042e-06,5.803383802621673e-05,3.142833388616533e-07,1.2438721963046333e-05,1.6828292414523893e-07,8.412131380747487e-05,1.1132146554786245e-06,3.9764773204034694e-05,3.5119506863922916e-07,0.9218371095588425,0.15059384346039761,0.921796335085698,0.15408669739224792
0.9539032545223681,1.144618486344727e-05,3.190535020563916e-05,3.6655846270175505e-07,2.07328489746695e-05,4.2557972735536266e-07,2.97510141250263e-05,1.1144064026178953e-06,7.592820407257213e-07,2.7154513050316985e-07,0.9539032545223681,0.09025340184477594,0.9535922245773694,0.09697418400566588
0.9565336400883808,7.607860568153378e-07,8.919738175056378e-06,1.1361325150518414e-07,8.877564567124302e-07,1.8841825945802775e-07,2.3956392792448807e-05,4.530627656592288e-08,1.2108915561244003e-06,2.428774464022536e-07,0.9565336400883808,0.08511295646482175,0.9561955666630292,0.09218149858665071
0.9590562285088601,0.0002633324474662016,0.0006943029391909833,2.1318342303090962e-06,8.739825848390538e-06,1.1717605530881145e-05,1.7985152542495303e-07,8.431181448325885e-07,4.437587171459067e-05,3.35940104204623e-07,0.9590562285088601,0.08217980886845963,0.9586676025865611,0.08887334106151255
0.9423485184508376,4.297465851495504e-05,0.00020282270931658425,1.2155662447100307e-06,6.058200105658629e-06,1.2404684959591293e-05,2.441982025103127e-05,8.206769806231696e-07,5.658982466555841e-05,4.440901771608453e-07,0.9423485184508376,0.11263572206777435,0.9421423206217382,0.11794083971081645
0.9493319702917932,0.0002989825268317157,4.7620008861250605e-06,2.3040072884517265e-08,2.916562132144586e-06,1.45954589459564e-06,0.000810320415335414,2.0960333958016374e-07,0.0002844336093551666,9.203239268141999e-09,0.9493319702917932,0.1014346872479395,0.9491354579404149,0.10666830046824784
0.999427073850123,8.58314764924213e-06,2.6830529368866526e-06,1.0470881616064715e-07,9.076798802878713e-07,1.6361334396795573e-08,1.8606169465553082e-05,3.6235063862821786e-07,7.466111467684045e-07,1.0838271307463197e-07,0.999427073850123,0.0012097231616882865,0.9984936014134269,0.01409469271682253
0.9832060391899298,9.118247759989662e-05,4.751263720628323e-05,2.6398274835984143e-06,1.139694566863307e-05,0.0001549871586089423,2.9578887655823435e-05,0.00011203277207090958,0.00046308351237672637,9.73748370827664e-06,0.9832060391899298,0.03511865354282108,0.9825215987147424,0.04477485427213085
0.9894363658145575,7.584367504468587e-05,7.189403302411865e-05,5.248044138033856e-07,0.0001254790124529397,0.00015734977633953198,2.3468428288970037e-06,3.585976891671341e-05,0.00048522691686135735,2.090539480486726e-05,0.9894363658145575,0.02294510856477549,0.9886524098218096,0.03337902205094938
0.999427073850123,4.7730530203761204e-05,2.1852144018240414e-06,1.9326354757821814e-05,8.350542185905874e-06,4.842573386245085e-07,2.97510141250263e-05,2.3116981944036254e-06,0.00041800494357135037,3.569042218092694e-07,0.999427073850123,0.0022016427157868558,0.9984891533419216,0.014581355230231506
0.9752928065886596,5.1035354821684385e-05,6.278478874828535e-05,4.5753852533792016e-05,3.5692486960997107e-06,5.382328646787544e-06,3.0453699164795075e-05,1.1882701549798647e-06,0.00011897460279954661,2.4028261191313084e-06,0.9752928065886596,0.049431240384164875,0.97472782655033,0.05857871861473202
0.9740698900766922,3.617371496585201e-05,1.9423079197175206e-07,2.8050472167119955e-09,0.0005827524548199617,1.8316452354733104e-07,5.201964309996347e-06,2.610714984803044e-06,0.00014507755549267884,3.6057540162966647e-06,0.9740698900766922,0.052699171691472535,0.9735100725090036,0.06108261524889709
0.9614282955376393,1.388992194148578e-05,2.2125333093603187e-07,2.326679680475902e-07,2.948150886009884e-07,6.201127010544066e-06,1.1055247180853046e-05,2.0647109617418063e-08,4.5123811331771015e-05,3.381141568831688e-07,0.9614282955376393,0.07580452816427471,0.9610344276377808,0.08341018560500975
