x0,x1,x2,x3,x4,x5,x6,x7,x8,x9,f1,f2,predf1,predf2
2.4071865168192805e-09,8.933378990309392e-06,1.516900960522951e-06,8.146022389571043e-05,1.7242008711972097e-08,0.002925993659086231,8.393995812741516e-06,0.000983812535856673,8.012022047349168e-07,1.1290340931737517e-06,2.4071865168192805e-09,1.0040120581729088,0.0008421044437704698,1.0056531399760447
0.01223124227767841,1.559322905641345e-08,5.5292531857019104e-06,4.440891157422965e-07,1.996536415650959e-07,7.08049177223292e-07,1.2846798467053096e-06,7.354947873047363e-09,3.172108673614605e-07,9.457696436692562e-07,0.01223124227767841,0.9998598497799847,0.012966732537850596,1.001289443040947
0.0013796698602949768,2.399223464306881e-06,1.041018935899922e-06,2.030884319000917e-08,3.3824587643195378e-09,3.4716228973314543e-07,1.596195105618067e-06,9.205572116183063e-07,3.790562865324928e-08,9.16370717429915e-07,0.0013796698602949768,1.0000053786495933,0.002220680446929633,1.0016470125742796
1.1745131599416683e-06,0.0004432486767661482,7.706223152425153e-05,5.634232649033838e-05,4.4006880819850636e-05,0.0001477053832857738,0.0002762439758694593,0.002177724083756943,2.898149675401911e-05,0.00048447820021612096,1.1745131599416683e-06,1.0037357932541084,0.0008465586655860199,1.005375063209778
2.029564382664688e-07,2.1652236711616935e-06,1.1012801135135579e-05,0.004510093951905775,5.0034182407111895e-06,0.00971113344618215,1.732890061712482e-05,0.001849845329523376,3.671387739472714e-05,3.455711734699903e-05,2.029564382664688e-07,1.0161778540659767,0.0008101414479100358,1.0178227615975444
0.025880381177262414,1.8618485948414382e-05,3.548748814003742e-05,2.9276838255767515e-05,9.285951650342827e-06,1.824355718533843e-06,9.900240471442458e-06,2.0256283547303024e-06,3.6874588005726496e-06,3.125074281933129e-05,0.025880381177262414,0.9994716577271131,0.026491481245699305,1.0006424234203832
0.028915277798679348,8.022527926263831e-08,9.342397332731111e-07,1.3172755234895952e-08,1.881903608088547e-06,6.132558259593979e-06,2.0034429258665574e-06,1.1180190203610036e-07,5.199209742489627e-07,2.5500357786178416e-06,0.028915277798679348,0.9991781459062232,0.029500192997626906,1.0002929011609685
0.021446153917440345,1.2949594592311272e-05,2.711186777482683e-07,3.7997875690489324e-06,8.783896824248056e-07,1.6841823057424508e-06,1.4863623086293628e-07,2.881330975808481e-06,2.8986632138524184e-07,7.849451418860077e-07,0.021446153917440345,0.9995637612283202,0.022096736191706025,1.0008178919962714
0.05014912999758528,8.434519225519197e-06,0.00011277450450884985,1.3419058922765965e-06,1.4241428345362839e-06,1.771543954216249e-06,3.856411413005534e-05,3.697081783064811e-05,1.9886201021095156e-06,1.317235039330694e-05,0.05014912999758528,0.9977020515004823,0.050561816818759646,0.9984340320263682
0.05978663779149972,0.00015449640040604058,0.00019293442077587965,1.0745347233877283e-05,1.725564396194332e-05,6.290963001069015e-06,0.00026750598711382186,5.485871287453993e-06,1.681351331898845e-05,3.842935847930764e-05,0.05978663779149972,0.9971380513487518,0.06012759044417382,0.9977027464226245
0.0629170894494222,8.591666332491442e-07,0.0003959861413488434,5.6631588873963197e-05,4.922433711363011e-06,1.6185508827667488e-06,0.00011341640573923152,5.203227844379915e-06,0.00021558359448057033,0.00010654113321778246,0.0629170894494222,0.9969457646104828,0.0632361196910324,0.9974569204817213
0.07021116292607517,4.864998758820654e-08,0.00010375286304220577,1.6219036718415465e-06,1.736922933609262e-06,1.6185508827667488e-06,5.5767392031086464e-05,5.203227844379915e-06,4.0789261240093025e-06,4.1293715587041424e-05,0.07021116292607517,0.9952865749923444,0.0704811052986127,0.995676733048013
0.09885799997729003,1.0510033477121174e-05,4.200412293556493e-05,6.1689797491236955e-06,4.4883912695596845e-05,0.00011379257517367928,1.60911217122666e-05,2.2025390280728366e-05,3.722506614316542e-08,5.908244540483929e-05,0.09885799997729003,0.9905447651947257,0.09895538179187814,0.9904768860544895
0.09233660819041936,4.299250590513332e-07,0.00010336443045872087,1.2042397177910803e-06,1.2136535054826643e-07,1.0504734486903512e-07,0.0002932968162972437,8.289229600577298e-06,5.155398299724545e-06,2.2243879869685344e-05,0.09233660819041936,0.9919118616117545,0.09246953869837514,0.9919456454851339
0.09359416251681256,5.614688207374183e-06,4.661804964084268e-06,9.011032493842942e-07,1.5186179166033005e-07,3.2721314979246194e-08,3.590446142009428e-05,3.1992127421963567e-06,3.3009910198754864e-06,3.169081286448474e-05,0.09359416251681256,0.9913263389341191,0.09372075688976768,0.9913414788828127
0.10040137081320442,1.0510033477121174e-05,4.200412293556493e-05,6.1689797491236955e-06,3.029670839020586e-05,0.00011599109452612386,0.0002757455301778242,2.2025390280728366e-05,3.722506614316542e-08,6.064748855925065e-05,0.10040137081320442,0.9904886676988593,0.10048979543753857,0.9903974442215991
0.10268241384306932,7.985633330134886e-07,1.1309157178875026e-05,2.5839756866211273e-05,4.85712881499707e-07,1.998015679657751e-06,2.6989636805732743e-06,2.9845943004258997e-07,3.2550167842893495e-06,2.9285337000874026e-05,0.10268241384306932,0.9895330918018514,0.10275965186079529,0.9894090953851322
0.10836681832537175,2.5552514650960268e-06,2.711186777482683e-07,8.857405158858052e-07,2.932957287259813e-07,6.375533307700165e-06,1.1205776744936466e-05,3.1865246465170485e-05,4.7476038532561436e-07,8.893158844929789e-08,0.10836681832537175,0.9883112826323291,0.10841486426770791,0.9881010801653131
0.13846209499651035,8.591666332491442e-07,6.306958923165308e-05,1.2360994427864764e-06,2.8419000383505426e-05,1.448647447494603e-05,1.7960064570828422e-07,5.681891245838177e-06,1.9678484967346327e-06,3.901134013565494e-05,0.13846209499651035,0.9809861287153063,0.13837766561567283,0.9803420324502665
0.12124048732636764,1.0510033477121174e-05,4.845336359301462e-05,1.8525161824993355e-06,2.817276358456477e-05,1.2945549926159623e-05,0.0002757455301778242,2.2025390280728366e-05,3.722506614316542e-08,4.1753094510698894e-05,0.12124048732636764,0.9857487264905616,0.1212268288904915,0.9853475371990752
0.12186279595332088,5.988565609026445e-05,7.026373309564576e-07,3.9063384474117906e-06,1.1311094496775613e-06,0.0002763591991367416,4.70033550951042e-06,3.2779671104835345e-05,1.0645314277988574e-06,7.849451418860077e-07,0.12186279595332088,0.985536433953119,0.12184648105984892,0.985126831794711
0.13411538156886493,4.9855752317301125e-09,4.63567125144728e-06,1.4594393831359973e-06,2.060232398576142e-07,2.8601712579788156e-06,7.343523720243183e-06,2.295774985733712e-07,8.668041827841421e-07,8.580964376838612e-08,0.13411538156886493,0.9820310746517286,0.13404786653017817,0.9814488917755755
0.14938741038974807,8.591666332491442e-07,0.00018683661205766666,7.093714093908297e-07,3.848995802988245e-05,1.6185508827667488e-06,3.2617354629491384e-05,5.203227844379915e-06,4.847893535776214e-06,4.1293715587041424e-05,0.14938741038974807,0.9780028486873792,0.14926343586744534,0.9772083356830148
0.1520594084852226,5.314701083626258e-06,4.75276249257681e-06,1.2460862616676672e-06,3.6074033149924142e-06,1.7856301928214792e-06,3.1049448721731897e-06,4.5610236447372696e-07,9.789269670707685e-07,1.2404468124561075e-06,0.1520594084852226,0.9769009432297419,0.15192660641320524,0.976075536892579
0.16755342007570592,6.697359817038381e-05,7.816406853916473e-05,2.631629178699676e-06,1.8598970958756029e-06,3.387098752592151e-07,1.9987002487312102e-07,1.4350241019006843e-06,3.2055213608045695e-06,9.543427901728043e-05,0.16755342007570592,0.972183117608556,0.16737382204664492,0.9711563111478863
0.16772166434700575,3.3663268032358464e-06,3.390492536352726e-06,2.1704066513334572e-07,4.367512029974406e-08,5.326162765740524e-07,1.9987002487312102e-07,1.4350241019006843e-06,1.6290362001126207e-06,9.77827209205656e-05,0.16772166434700575,0.9719810946681177,0.16754163570217936,0.9709536396834848
0.17860186949970097,2.404278263513306e-09,4.865022225538171e-06,4.405339425961817e-08,1.468670415045034e-07,3.01600580123371e-08,3.446779595170105e-06,3.831985663665122e-07,8.555318881335719e-07,5.541960363077982e-07,0.17860186949970097,0.9681120298767176,0.1783940212227787,0.966950449399303
0.18753094919750515,1.0677733147005623e-08,1.531796790000068e-05,8.946800066828986e-07,2.060232398576142e-07,2.766061795443724e-06,5.996666807681207e-05,4.1954609364949954e-08,4.656437544978698e-06,1.7094811146004837e-06,0.18753094919750515,0.9649207220994471,0.18730323847445898,0.9636512977165461
0.19739700413740965,6.652625768245822e-06,1.4705954646106178e-07,6.587237733634236e-09,3.165283543380362e-08,7.05098477718952e-07,3.455809513131007e-06,4.727719771940562e-07,8.914720720806557e-07,9.398857649759153e-07,0.19739700413740965,0.9610482440715128,0.1971506834726773,0.9596653240810157
0.2073646319463707,1.2782896445934568e-05,0.0002920994665522915,2.1141688578456146e-06,0.00017732710188969313,6.348564899243044e-05,7.601724253616209e-06,3.3759043331103405e-06,2.5149391295360196e-06,0.00014283031999563227,0.2073646319463707,0.9577342980307731,0.207103181700686,0.9562195139036771
0.21115126011616608,4.9855752317301125e-09,1.3247434446647404e-07,2.3984429656746565e-09,3.3437593080665928e-09,1.4473401163346175e-06,2.514837299528562e-07,2.2654956163682974e-09,8.854785611917329e-07,8.580964376838612e-08,0.21115126011616608,0.9554180864628807,0.2108840227742537,0.9538818672974863
0.22366444139240335,6.997882338686514e-07,5.2472621577658935e-06,6.0990227933726415e-06,1.3775955986479398e-06,1.574053987372852e-05,1.506534804272812e-07,5.077057463113725e-07,1.8192942990352055e-05,9.633252587512098e-05,0.22366444139240335,0.9501257857746374,0.22338341078057722,0.9484543056783137
0.23097190244682372,1.556765317401189e-08,5.513104847287278e-06,4.296839538676743e-07,1.996536415650959e-07,7.08049177223292e-07,1.2846798467053096e-06,7.354947873047363e-09,3.172108673614605e-07,9.457696436692562e-07,0.23097190244682372,0.9466619039456111,0.23068469881080098,0.944917325929523
0.2515535611057017,1.6564126762499432e-05,1.3946401898283243e-05,2.573343706300181e-06,9.685299042401275e-08,9.169672090786979e-05,3.9288018770323356e-05,5.584963225655498e-06,4.3045596822677585e-06,8.955962663861569e-06,0.2515535611057017,0.9369153955120917,0.25125755457452564,0.9349653136145921
0.25240712979363766,7.669129905695688e-06,3.3076305864708877e-06,5.131221407041789e-08,2.7849040142184033e-07,2.2863472686787533e-05,8.147876073222515e-06,1.238024594787934e-05,3.86190577503979e-06,2.7895513772690776e-05,0.25240712979363766,0.9363826039599727,0.25211109576287816,0.9344280927189351
0.2416166045351435,2.28370189643151e-06,3.224167902002947e-05,6.0990227933726415e-06,1.6886752050566877e-06,1.574053987372852e-05,1.506534804272812e-07,6.290064468837088e-07,9.749675405739974e-05,9.586588254210058e-05,0.2416166045351435,0.9418883314564421,0.24132376421454532,0.9400326276284034
0.2416166045351435,2.28370189643151e-06,3.224167902002947e-05,6.0990227933726415e-06,1.6886752050566877e-06,1.657922805138128e-05,1.506534804272812e-07,6.290064468837088e-07,9.749675405739974e-05,9.586588254210058e-05,0.2416166045351435,0.9418892190813202,0.24132376402765007,0.9400334871994647
0.2629725927745452,5.4393370530119456e-08,1.8978719100150543e-05,4.829907425004538e-05,1.3659101841139077e-07,0.00037118875851127603,3.5900785541142316e-07,4.451144098198045e-06,2.7383270825150438e-06,6.831102653430341e-06,0.2629725927745452,0.9313297679740086,0.26267675092233733,0.929266087555293
0.2780362179655804,5.089669834303788e-09,4.344612797543162e-05,1.2379182365843332e-06,3.7897352152640735e-08,1.5399857646743462e-05,4.0434832603861746e-07,1.6349829290009493e-06,1.5769923640223682e-06,1.174106706617498e-06,0.2780362179655804,0.9227657968724338,0.27774540974896417,0.9205847833992067
0.26095355734652015,7.028355883306187e-06,2.3295942820367213e-06,4.544233121329163e-07,1.1387738969091594e-06,5.287650131138374e-07,3.3336855210388393e-06,4.072724720969402e-06,3.3009910198754864e-06,3.6324586969605778e-06,0.26095355734652015,0.9319308188779638,0.26065740020074446,0.9298998365807417
0.2963863353141381,1.2782896445934568e-05,3.836861236541591e-05,1.998277087987071e-06,2.497632536288096e-06,4.6502833759602466e-05,0.00033687885580819903,1.6649690495876685e-06,9.98699193897917e-05,1.0423275976913355e-05,0.2963863353141381,0.9127545022572815,0.29610889487434283,0.9104053239164049
0.2929019881773767,1.8264486605082029e-09,1.3005355309788842e-07,2.269219388632831e-07,2.1248920501662144e-09,1.2295965218739794e-08,1.626440918804317e-06,2.0742428321242987e-09,1.3674640536652136e-08,1.6157764215020823e-07,0.2929019881773767,0.9142107890789966,0.2926215501527533,0.911914072376584
0.28492353880282173,2.8764816282070354e-05,1.053181492886835e-06,3.0835350742100766e-06,2.4935876673814324e-05,1.2407502225577867e-05,3.0429786192317465e-05,1.515801117917987e-05,3.217220690813466e-05,3.9656467561897234e-05,0.28492353880282173,0.919021470179409,0.2846372370300697,0.9167802956311004
0.2804572092704123,1.0677733147005623e-08,2.5240757474233084e-06,5.8147039108268944e-09,2.060232398576142e-07,1.0237792682505473e-05,0.00029935748872279947,2.1969500893579206e-07,1.1510361447265092e-06,5.419218227525764e-06,0.2804572092704123,0.9216879792934521,0.28016725058377245,0.9194777405107388
0.30302535480514187,3.246429672500024e-05,1.8415621298673627e-05,2.6374476772142693e-05,0.0002123315242332643,7.654712067685312e-05,3.877659735106669e-05,0.00016648048504816368,6.316769606611555e-05,0.00010755671991170018,0.30302535480514187,0.908985842546706,0.3027567616725095,0.9065760071467689
0.31388948146625123,0.00014663263725426737,2.1642561124770912e-07,1.7004495715991077e-06,1.1968447486194632e-05,1.274136796230405e-05,1.54607330805086e-05,2.3653741473528544e-07,1.681351331898845e-05,1.8536289953983994e-06,0.31388948146625123,0.9017014693817926,0.3136325473298561,0.8992426748145657
0.3094303870213039,6.697359817038381e-05,7.816406853916473e-05,3.0169759488844205e-08,1.4274817049803292e-05,3.387098752592151e-07,5.413711475659977e-06,1.2676413096530599e-05,3.2055213608045695e-06,2.222262260155651e-05,0.3094303870213039,0.9044755966265611,0.30916760854069386,0.9020460470140137
0.3297199929568397,1.0677733147005623e-08,1.531796790000068e-05,1.3604291655116705e-06,2.060232398576142e-07,1.613867049884815e-05,0.0013009664669630058,2.257152087995887e-07,5.623866414825907e-06,1.7094811146004837e-06,0.3297199929568397,0.8927719381275679,0.3294839349401035,0.8901360414140973
0.3374898930751617,2.941982736036732e-06,3.4373667923555956e-06,9.311173867900033e-07,2.7807194240512254e-08,1.1440866247119626e-05,1.4289590082641548e-06,3.0490886696494635e-07,1.833562896430102e-06,1.8925052529962305e-06,0.3374898930751617,0.8861275718985123,0.3372689148424987,0.8835254974264652
0.32000715989662226,8.151622214213063e-08,6.371562547733324e-05,2.1669622693196817e-06,1.049839200286119e-06,6.900273807255682e-05,3.786994186561661e-05,9.242957222809861e-08,2.721089568299967e-06,0.00010685324585325976,0.32000715989662226,0.897907999938038,0.3197584089426832,0.8954003006946073
0.35380737575788834,1.0677733147005623e-08,1.531796790000068e-05,1.3993673551836322e-06,2.0770174301463867e-07,4.238879158462743e-05,0.00030106077695393285,1.6070528991931317e-06,1.6897182078083914e-05,2.2529592939769935e-07,0.35380737575788834,0.8752468951516977,0.35361713000029055,0.8725268613567798
0.35260363224021335,2.8628860729045702e-06,9.865876441410164e-08,9.311173867900033e-07,2.968593256436741e-07,3.355579649904509e-07,1.7716480609076288e-08,3.0490886696494635e-07,1.773473507583255e-06,1.8259432534189891e-06,0.35260363224021335,0.8756801758686602,0.3524112634467212,0.8729947591145668
0.34711413981070405,2.3401786524114516e-05,8.794472678279338e-05,7.973727627538725e-06,0.00026558986153436717,0.00022521950037784856,6.204885218985991e-07,7.305579018237615e-05,0.00014840326705909827,6.629250097700436e-05,0.34711413981070405,0.880518437279476,0.3469136480469883,0.8777894279567701
0.3500289842470348,1.559322905641345e-08,8.100219880224671e-06,1.0860390189018135e-06,3.83346075120332e-08,1.8456887455772622e-06,0.0003495663028155667,1.3150705573998196e-06,6.206206425582494e-07,2.533435855866175e-06,0.3500289842470348,0.877889549932835,0.3498309717100051,0.8751919751863797
0.3454524864364471,1.0677733147005623e-08,1.531796790000068e-05,1.3604291655116705e-06,2.0770174301463867e-07,4.238879158462743e-05,0.00030106077695393285,2.2105699620383245e-07,4.291353556076278e-07,1.6307874121523126e-06,0.3454524864364471,0.8810684662622162,0.3452457009529009,0.8783963821610395
0.36962197575867045,2.9494112321772166e-05,0.00012297432243436074,1.0694110242154992e-05,1.7700340407426366e-06,5.909314254774733e-06,0.00015969635824595837,5.377904427918091e-06,1.751402240145571e-05,1.3031907344753625e-05,0.36962197575867045,0.8637961049798824,0.36946631280461,0.8609959484933332
0.36637279400248796,2.9494112321772166e-05,0.00012297432243436074,1.0005182968773532e-06,1.7564227301251753e-06,1.5001697392670687e-07,0.0002934152517913171,3.975015941010242e-07,2.8270689940535375e-07,1.3052615223801086e-05,0.36637279400248796,0.8662955546548184,0.36620950459476204,0.8635024713660026
0.3632595235853335,8.847650210699207e-06,1.0860865613471812e-05,1.6836268158896267e-06,1.3716059567603594e-06,1.7063693596981385e-06,1.8062811055843977e-05,7.291508881190474e-07,1.6873160899412055e-05,2.236769073564214e-07,0.3632595235853335,0.8681108417723108,0.36308963805769634,0.8653673417918419
0.38598486865574727,0.00014657304949181968,0.00020048662100294453,4.450947002073278e-06,1.1968447486194632e-05,0.00016338381845031947,3.9288018770323356e-05,5.485871287453993e-06,1.681351331898845e-05,3.842935847930764e-05,0.38598486865574727,0.8517358975401439,0.38586943531998696,0.8488374245513287
0.3921016498438158,8.151622214213063e-08,1.255245219736948e-05,3.99969849065275e-06,2.308859043165897e-05,5.230136552673059e-06,1.5746882226569235e-05,5.9181131801011197e-08,1.7130947851861107e-05,0.00010852666709276565,0.3921016498438158,0.8464713672176004,0.39200116819978587,0.843594382956875
0.3833084901992934,4.6078390176330447e-07,6.669551163391972e-07,1.9715848375421638e-07,3.366890203730706e-09,6.254041910157258e-07,0.0026411830007709945,1.015728130507142e-06,1.5303743736720663e-06,3.709818999686803e-09,0.3833084901992934,0.8561079806501899,0.38318186570078083,0.8530408063150156
0.4163599752595884,2.9494112321772166e-05,0.00012297432243436074,1.0694110242154992e-05,2.2721240228962084e-05,5.909314254774733e-06,0.00026369665039468045,5.377904427918091e-06,1.751402240145571e-05,1.2931714973544377e-05,0.4163599752595884,0.827220814509998,0.41632501306769887,0.8242308010952121
0.4092062534937846,1.3042614744574335e-05,2.6348128340631094e-06,2.329666284527924e-06,2.2547172594724794e-05,1.4602684419361695e-05,9.308795634579782e-06,1.1678519873852728e-06,1.606604682168102e-05,3.580520252851203e-07,0.4092062534937846,0.8326460392130564,0.40915128574469134,0.8297226404327523
0.40256976057387994,1.0677733147005623e-08,1.672307942460731e-05,1.3604291655116705e-06,2.060232398576142e-07,1.602000377456208e-05,0.00030106077695393285,7.169523224892542e-09,4.955920785836248e-07,1.5963508019479874e-06,0.40256976057387994,0.8383297423621545,0.40249603508213544,0.835399879510747
0.4036947937969663,6.368315930981388e-06,1.6771374035200599e-06,3.1708090123521127e-07,5.366340237668652e-08,0.00022000017210270967,1.0131980351311189e-06,1.0378007605000597e-06,3.8306303777309364e-08,8.971302005549892e-07,0.4036947937969663,0.8372996191380364,0.4036248642698456,0.8343748178835555
0.4363940878101266,3.6869048349966265e-05,0.00010821658804430426,1.2036435651190344e-05,2.8131897082868722e-06,0.0001666449141649982,3.209672618919018e-08,6.601482734334224e-06,0.0008247313546917365,0.00011983479569732935,0.4363940878101266,0.8110810096413218,0.4364224211858765,0.8079469510102927
0.4385479088798512,6.730304822910618e-06,1.672307942460731e-05,1.4228555572165414e-06,2.060232398576142e-07,1.9312790559487605e-05,0.00023576356834137667,9.139672981732431e-06,1.2900105441300575e-06,1.509112289433713e-06,0.4385479088798512,0.8080239900525495,0.4385778185656344,0.8050112368890546
0.4320166596813387,2.0800623781804234e-06,1.1033151305963726e-05,4.3235527771082545e-07,2.8108634192380367e-07,0.00015656872554332604,8.332264992296081e-09,1.0717725775653154e-07,2.450494416447683e-05,7.037397052869314e-07,0.4320166596813387,0.8135938469710763,0.4320275390705473,0.8106021435111253
0.4253428742032437,1.6397095473985223e-05,0.00012211816153588279,2.069048122970009e-07,6.338119176035717e-06,0.00016932525506941547,4.842327408974458e-06,0.00036186873551110764,9.913360877078158e-06,0.000141253583288756,0.4253428742032437,0.8200661479555181,0.4253360738342598,0.8170240777780372
0.4274724837069422,3.697490123868483e-05,2.110919280449814e-05,4.450947002073278e-06,1.9336929738622654e-07,0.0001744487137245513,3.752303369710802e-05,2.3307896214310223e-07,3.054952686819257e-06,0.00011995264659151863,0.4274724837069422,0.8177379043970281,0.4274704153695695,0.8147334649517805
0.4232766724344131,1.3516305711953408e-05,2.393192078117124e-06,1.3942443700293043e-06,1.0313578420443291e-05,0.00022132881366807605,3.410098252389286e-05,2.7775292060674067e-07,1.2380573474720623e-06,4.857861876297012e-08,0.4232766724344131,0.8211724474612005,0.4232619253845638,0.8181874656799062
0.45516835569453457,1.7043291545422975e-05,1.0754709872004161e-05,4.1329880362272637e-07,1.08327017837483e-06,3.901313839332486e-06,3.523721274899734e-05,4.931406404210889e-08,1.994404823896473e-06,1.911230860986363e-06,0.45516835569453457,0.7929091521630716,0.4552497128958792,0.7899076705247196
0.4544841532902428,1.953149394122092e-05,6.233726901315981e-05,5.620838413512418e-05,0.0001143746932693647,4.790916601319281e-05,3.5708064722422494e-05,4.615057932630305e-07,2.935660220996369e-05,6.834102601312429e-05,0.4544841532902428,0.7939680360571945,0.45456487123795764,0.7909157730730593
0.47966043730430585,9.0452163188461e-07,4.503443796934004e-06,4.716774304196691e-07,4.01748879127917e-06,0.00014065401600965797,0.00030021927858630843,1.2813660822180515e-08,0.0001156742555374366,9.019070536300355e-07,0.47966043730430585,0.7706236849932616,0.47982059870234306,0.7675408925530663
0.476158669443068,4.060380224449217e-05,0.0011917045077500313,2.436256758297739e-05,4.090931448414278e-05,0.00037611428276819605,4.2844173158262634e-07,0.00021733295527153954,7.149154387888573e-06,0.00010864115068108627,0.476158669443068,0.7757343530906927,0.4763110151195052,0.7724021132785606
0.46058843718123604,1.8618485948414382e-05,3.548748814003742e-05,2.470330198937402e-05,9.285951650342827e-06,1.824355718533843e-06,9.900240471442458e-06,2.0256283547303024e-06,3.803628681482649e-06,3.125074281933129e-05,0.46058843718123604,0.7880242295459013,0.4606871775928801,0.7850127138954716
0.4652628103474848,3.395858412236591e-06,0.00010336443045872087,2.3848925585753003e-05,4.2345764120529e-06,0.0013927897065627566,0.0002922107235698345,8.356026102089827e-06,6.194276820687425e-06,2.130357790853583e-05,0.4652628103474848,0.7857871733606212,0.4653797295960994,0.7824966110065379
0.48106931945966064,2.9494112321772166e-05,5.627482117184319e-06,1.124393213094939e-05,2.277002789123739e-05,1.2402439988424083e-05,3.555003076862407e-05,1.614762868703575e-06,1.751402240145571e-05,8.379788619502974e-07,0.48106931945966064,0.7687410785907436,0.48123377008490126,0.7657308507772401
0.4937973772579589,1.4244911918986636e-06,1.1033151305963726e-05,4.3235527771082545e-07,2.807456198284471e-07,0.00015656872554332604,8.332264992296081e-09,1.1071515034691736e-08,2.850792929788318e-07,3.106698436113668e-07,0.4937973772579589,0.7563760363239206,0.49400331548344406,0.7533696593384698
0.4800484823433239,1.7407755584906687e-09,5.1642908729907705e-09,9.415998124543786e-09,2.08423933023992e-07,2.6141432803501617e-07,3.3793501797620226e-06,1.4275397850558363e-08,1.0956617136367459e-06,4.079813573927026e-08,0.4800484823433239,0.7695596268150997,0.48020916560088667,0.7665693543077363
0.5006551865034667,1.2807023453331814e-05,1.7839475186732407e-05,1.988036556477586e-06,1.2599037345156065e-06,5.795228331559771e-05,3.624859287950829e-06,1.5901168449316722e-06,3.018224846673149e-05,1.286413509785882e-07,0.5006551865034667,0.7495036794038406,0.5008835252383216,0.7465172027947277
0.5044931523657475,2.1886936399793804e-06,3.4085617255739138e-06,2.5914344568545863e-06,5.076114057279877e-08,2.4366714305319107e-06,3.589504264756863e-05,2.2690593315035856e-06,3.3806877416330796e-06,7.495492807577975e-05,0.5044931523657475,0.7456461988883168,0.5047339948535334,0.742669655189893
0.5086595062307003,1.066794179970458e-09,1.2447315200400223e-07,1.3610390692586908e-06,8.817589325987611e-07,1.6692407495652462e-06,1.3948119281480724e-05,5.8950898308177165e-08,1.616087456969796e-07,5.116015961721723e-07,0.5086595062307003,0.7412890674455316,0.50891365153973,0.7383392967458796
0.538698240016915,1.155019672702265e-06,3.3076305864708877e-06,2.6926494457050808e-06,2.7849040142184033e-07,4.2414876216243546e-07,8.147876073222515e-06,8.545661943415032e-06,3.270241982130857e-06,2.4779792357857892e-05,0.538698240016915,0.709872071648302,0.5390505952938602,0.7070109117126385
0.5385178511980786,1.9898184150571713e-06,2.063131901280283e-05,3.680028678663752e-09,3.2635377314381734e-07,3.3851920494143875e-07,3.1325083769282862e-06,4.3608975904411276e-08,5.996357944233183e-08,1.8664076644001906e-06,0.5385178511980786,0.710035149660095,0.5388694661525328,0.7071767062947456
0.5209945840486605,4.060380224449217e-05,0.00017550375869760577,2.6374476772142693e-05,0.0005908837143315897,0.00037611428276819605,7.246083058408365e-06,0.00029168711322907054,4.1959990809312657e-05,0.00017422479986579006,0.5209945840486605,0.7307565523692369,0.5212980531480391,0.7274881141503667
0.5289237571332883,0.00016535967837653766,0.00022845108168968617,4.880646711361916e-05,0.0005737059964344976,0.00016338381845031947,3.9756209543992255e-05,2.5746913227885037e-05,3.231702288253323e-05,0.0003187516004707123,0.5289237571332883,0.7222818017032012,0.5292524447314808,0.7190534801053033
0.55956870352054,5.49314075730715e-06,3.3744342903868848e-06,5.131221407041789e-08,2.7849040142184033e-07,2.0375787500095882e-05,6.591004873458603e-06,1.238024594787934e-05,4.306498065359955e-06,2.7895513772690776e-05,0.55956870352054,0.6869888935168678,0.559987767181908,0.6842181302402686
0.554056508630277,1.2782896445934568e-05,3.836861236541591e-05,2.1141688578456146e-06,0.00018132790157656333,0.0003875030440737207,0.0003265508345606394,1.592108381547651e-06,2.5149391295360196e-06,0.00019293848152088182,0.554056508630277,0.6945183789945765,0.5544616683809102,0.6914669436874937
0.5558180048988893,1.3809421385981309e-05,3.6168889233899945e-06,2.6926494457050808e-06,2.7849040142184033e-07,2.2863472686787533e-05,8.147876073222515e-06,1.238024594787934e-05,3.6274543657320787e-06,2.7895513772690776e-05,0.5558180048988893,0.6911910997255192,0.5562253192627917,0.6883981280131278
0.5546609211060529,5.49314075730715e-06,3.3744342903868848e-06,5.131221407041789e-08,2.7849040142184033e-07,2.0698951988640314e-05,6.591004873458603e-06,1.238024594787934e-05,4.306498065359955e-06,2.7895513772690776e-05,0.5546609211060529,0.6924572711260232,0.5550645069120457,0.6896612715638718
0.5786925987330167,0.00015295612312553382,7.46326883701667e-05,2.478224425205678e-05,3.058117363803112e-05,0.00016338381845031947,4.790018709317589e-05,2.5746913227885037e-05,3.016858616789918e-05,0.00010644769775615122,0.5786925987330167,0.6659912167039456,0.5791733061016218,0.663192784687729
0.5773095284800548,1.955610236681331e-05,1.3581701082894903e-05,8.885185220823444e-06,4.798400651741044e-06,4.602469581593926e-06,0.0002758141812157049,4.82618883826049e-06,6.429669634665408e-06,0.00010756590468936696,0.5773095284800548,0.6673083674629297,0.577783731857005,0.6645534471497113
0.5702357606930782,3.246429672500024e-05,1.8415621298673627e-05,2.6374476772142693e-05,0.0002123315242332643,7.654712067685312e-05,1.230418129997157e-06,0.00016648048504816368,6.316769606611555e-05,0.00010755671991170018,0.5702357606930782,0.6757646879439212,0.5706919867793822,0.6729041045544392
0.5613801966737849,3.246429672500024e-05,1.3581701082894903e-05,2.5936755350033017e-05,0.0002215112957958965,4.897045223385086e-05,0.0003195576551566714,0.00016648048504816368,7.078787355466414e-06,0.00010678368744143198,0.5613801966737849,0.6860913445173011,0.5618082975757995,0.683130602617266
0.5598505163593942,2.116099012547578e-06,2.632445904237154e-06,2.6786560616365838e-05,2.3079770078041217e-06,1.824355718533843e-06,4.0982540548524947e-07,2.0669660009551217e-07,1.5425222671116839e-06,3.723114054494951e-06,0.5598505163593942,0.6866219713857434,0.5602702846706668,0.6838636042549674
0.5956534946099659,1.1902545934677214e-06,4.5080227972842144e-05,9.398697258548582e-07,1.142054104323135e-06,2.2678358312223743e-06,4.919257049025322e-06,1.6737821679581766e-06,8.924912619748258e-08,2.1415253237918994e-06,0.5956534946099659,0.6452774480956283,0.59618129176262,0.6427433008571337
0.5988606092483049,4.805770296018343e-07,4.503443796934004e-06,4.716774304196691e-07,4.01748879127917e-06,0.00014065401600965797,0.00030021927858630843,1.130029897837075e-06,0.0001156742555374366,9.019070536300355e-07,0.5988606092483049,0.6421376307245614,0.5993987143722094,0.6394890038299741
0.5930483255782161,3.246429672500024e-05,1.8415621298673627e-05,2.6374476772142693e-05,2.0856207040232867e-05,7.654712067685312e-05,1.230418129997157e-06,4.513873194189645e-05,3.4305076327340703e-06,7.464764706916158e-05,0.5930483255782161,0.6486979542279647,0.5935700735495902,0.6460867288727355
0.5940680400108183,2.973063872445841e-05,9.97878586784386e-05,6.2919630789383645e-06,2.2407520504889807e-05,4.017580944833148e-06,0.0002652840828804414,1.096289934628194e-06,1.9517559686254195e-06,1.4107799663365741e-05,0.5940680400108183,0.6476847030418179,0.5945917095112219,0.6450349320119115
0.5875228658496718,1.955610236681331e-05,6.271707329386616e-06,8.885185220823444e-06,4.836264234915315e-06,4.602469581593926e-06,1.2037517352313149e-05,4.82618883826049e-06,6.429669634665408e-06,9.612887236415514e-05,0.5875228658496718,0.6550369098217096,0.588027682797819,0.65242058540186
0.6128078014542202,2.904505656151377e-06,2.7335008698944967e-06,1.4009690793017739e-06,2.0065082457591854e-07,1.1698205612526017e-05,1.4712007277103493e-06,1.6652269151260233e-06,1.7704558914679376e-06,4.908413886014101e-06,0.6128078014542202,0.6245061490563588,0.6133835185182506,0.6221245321723536
0.6121516282544783,2.7111818673860515e-07,3.614090668563308e-06,1.587187161922116e-06,1.0004179885954987e-06,2.9106927123581376e-06,2.4489715771539284e-05,1.0761387617061335e-07,2.167291338822643e-06,7.745760704809264e-07,0.6121516282544783,0.6253211422489277,0.6127254778769028,0.6229311864387449
0.6124691805954021,4.937932107692509e-07,6.744233948359833e-07,1.5848929318357385e-06,1.2449353822053345e-06,1.2295965218739794e-08,1.626440918804317e-06,1.4706399472794904e-07,1.1086455845489416e-06,1.5085409513593424e-07,0.6124691805954021,0.6248911882368369,0.6130438755122483,0.6225127302957709
0.603145071202669,1.2782896445934568e-05,3.836861236541591e-05,1.4009690793017739e-06,1.89036725863295e-06,0.00013560670815363336,1.075317415252399e-05,1.6649690495876685e-06,0.00021673584381729202,1.0423275976913355e-05,0.603145071202669,0.6368018741339296,0.603696224016764,0.6342236092295253
0.6089728271362794,1.050080564859223e-07,3.614090668563308e-06,2.461193050826999e-06,9.489915841335503e-07,2.9106927123581376e-06,2.562364931246826e-05,1.0761387617061335e-07,2.41323548812277e-06,1.3553318743435474e-06,0.6089728271362794,0.6292062982909298,0.6095380113518489,0.6267878295452095
0.6061695152288213,8.699528141296201e-08,3.677599946563279e-06,1.587187161922116e-06,1.0656581460390023e-06,1.788355249531303e-06,2.4489715771539284e-05,1.0217236138876025e-07,2.167291338822643e-06,7.745760704809264e-07,0.6061695152288213,0.6326073900829385,0.6067269505543887,0.6301658951468629
0.6302205030360469,5.763572833204163e-07,4.5909303741820524e-05,1.4694180488900962e-06,1.385037099047628e-08,1.3807344152389472e-05,0.0002742011885272853,3.0971640145567974e-06,1.2478385421729014e-06,1.4807482965469847e-05,0.6302205030360469,0.6033182471880274,0.6308415785278324,0.6010026806192763
0.6302205030360469,5.763572833204163e-07,4.5825026495239734e-05,1.4694180488900962e-06,1.385037099047628e-08,1.3807344152389472e-05,0.00021277994792063615,3.0971640145567974e-06,1.2478385421729014e-06,1.4807482965469847e-05,0.6302205030360469,0.6032323288792848,0.6308415993581469,0.6009355376058839
0.6266049274802181,9.334815196401411e-09,1.2447315200400223e-07,1.3724677248626383e-06,8.817589325987611e-07,1.6692407495652462e-06,3.283841821263267e-05,5.815813371995336e-08,3.8889092950642895e-07,3.9110226601934196e-07,0.6266049274802181,0.6074188137238694,0.6272167309494362,0.6051647861360734
0.6266049274802181,9.334815196401411e-09,1.2447315200400223e-07,1.3724677248626383e-06,8.817589325987611e-07,1.6692407495652462e-06,1.418410234598417e-05,5.815813371995336e-08,3.8889092950642895e-07,5.116015961721723e-07,0.6266049274802181,0.6073930033200096,0.6272167381952362,0.6051445658859271
0.6545364274397291,0.0006072491295998417,7.679909373878985e-05,1.4461763989669742e-06,2.1094102793181897e-05,7.488401190837524e-05,0.00016019708263383627,1.3159271127626081e-05,2.5406320467641922e-05,2.2305863798038832e-05,0.6545364274397291,0.573013682607492,0.6552199034687529,0.5707636305250581
0.6554261052048758,2.0579786524883616e-06,3.365820467179731e-06,3.961154071500728e-08,2.9750818705147773e-06,1.2831195773040012e-06,6.71173848992361e-06,2.5980458861185474e-08,5.020027329198445e-07,4.2628700810155167e-07,0.6554261052048758,0.5704414775397937,0.6561056200587952,0.5685124265996148
0.6467337663928732,4.218919198500639e-09,1.4400667500829102e-06,9.054579923596341e-07,2.060232398576142e-07,9.04556052300906e-06,7.343523720243183e-06,1.4263808913830813e-07,8.630655554013691e-07,5.9106910588631656e-08,0.6467337663928732,0.5817638142339627,0.6473941104940855,0.5797309333278283
0.6427744289009398,2.973063872445841e-05,9.97878586784386e-05,6.2919630789383645e-06,2.2818709679870724e-05,8.004784873961656e-07,0.0002652840828804414,1.096289934628194e-06,1.9517559686254195e-06,1.4107799663365741e-05,0.6427744289009398,0.587465384872814,0.6434262881147232,0.5852506383535945
0.6767663446358314,9.986674806786692e-09,3.1230086941804505e-07,4.043924928903976e-08,2.1149122195616576e-07,3.578877396431548e-08,2.3884656850075135e-05,5.9181131801011197e-08,1.1077506070058071e-06,5.9346305095186835e-06,0.6767663446358314,0.5420333820091755,0.6774878027707376,0.5403785455279725
0.6788654649593968,6.917690796055257e-08,3.3558469994294614e-06,5.654223599168531e-08,2.1239898358548745e-07,8.010848030310612e-07,6.591004873458603e-06,0.0011616096071102786,1.5037801588002119e-06,3.8324774735657956e-07,0.6788654649593968,0.5408569443051473,0.6795999199369549,0.538879752468468
0.666544278370818,2.9991770357445872e-05,9.97878586784386e-05,9.467154143979423e-06,2.2407520504889807e-05,4.017580944833148e-06,0.0002652840828804414,1.096289934628194e-06,1.9517559686254195e-06,1.4107799663365741e-05,0.666544278370818,0.5563658352982863,0.6672472986015583,0.5544261071584922
0.6675859943125733,3.098886088242741e-05,9.980879686377437e-05,8.365643803623909e-07,2.1935662314397615e-07,1.7448746868853177e-06,0.0002825791399599621,7.439034412548153e-07,1.3177782995413272e-06,1.4807482965469847e-05,0.6675859943125733,0.5549548998231316,0.6682907949709178,0.5530337780893522
0.6670771362087812,6.18176546172349e-07,3.836861236541591e-05,1.4009690793017739e-06,1.9023997262917491e-06,0.00013560670815363336,1.049039999976428e-05,1.621758515789432e-07,4.218570726541002e-07,1.0278978919545658e-05,0.6670771362087812,0.5552959917230287,0.6677813141981568,0.5534477095676958
0.6656926558012188,8.591666332491442e-07,0.00010375286304220577,1.7193992801173644e-06,1.736922933609262e-06,1.6185508827667488e-06,0.005618089765439342,5.203227844379915e-06,7.305673441101254e-06,4.1293715587041424e-05,0.6656926558012188,0.56518222738338,0.6663923393346314,0.5613993488927949
0.6991734304076662,2.310052189257885e-07,0.0002669397448394912,5.6631588873963197e-05,0.00013493402316505564,1.935810348791002e-05,0.00011341640573923152,5.203227844379915e-06,0.0002650080027039895,9.86712648601261e-05,0.6991734304076662,0.5125859391650065,0.6999350327627255,0.5108990193412436
0.694118134783769,8.022527926263831e-08,9.342397332731111e-07,1.3172755234895952e-08,1.881903608088547e-06,6.132558259593979e-06,2.0034429258665574e-06,1.1180190203610036e-07,5.199209742489627e-07,2.5500357786178416e-06,0.694118134783769,0.5182210968815081,0.6948678383842395,0.5168272658872132
0.6980073753754431,1.7185791719588552e-05,3.5043857686507973e-06,1.4009690793017739e-06,1.9023997262917491e-06,1.1424978955564019e-05,1.155035164905837e-05,1.5060940317590613e-06,1.6758397925047305e-05,4.908413886014101e-06,0.6980073753754431,0.512890017386668,0.6987629502677424,0.5115361342805428
0.683355466378763,7.698207521763384e-07,0.0002011094266287756,2.5554737930101396e-05,3.848995802988245e-05,1.6185508827667488e-06,4.265013118263586e-06,5.203227844379915e-06,0.00014227597767200924,4.110278857118775e-05,0.683355466378763,0.5337005873842768,0.6840904673007466,0.5319774371709333
0.6820434813305468,8.593237642510592e-08,2.4580913670834543e-06,1.467175730094782e-06,1.068203370670102e-06,1.0494502622598911e-05,7.440628567994216e-06,5.558932155789582e-06,3.727187916023104e-06,9.125817842887134e-06,0.6820434813305468,0.5348773861515257,0.6827742737537829,0.5332939201033172
0.6901264119439454,7.447608265744836e-05,7.207819421627473e-05,3.8781660175030955e-06,9.892871165474782e-06,2.646265249508703e-07,1.8741772692155274e-05,0.00030314370395549163,1.3806528493625686e-05,5.611114493524747e-06,0.6901264119439454,0.5244663475343081,0.6908735654187594,0.5228451412606135
0.7119417316286595,1.760064739173635e-06,1.0254275060497464e-05,2.180754640599953e-05,9.358581071224414e-06,3.486292915463246e-05,1.4950831923380334e-07,5.43257217194547e-06,1.6753431442535737e-05,9.58708214838539e-05,0.7119417316286595,0.4934346723180999,0.7127154704701294,0.49226196592972393
0.709274844078431,3.401334493880828e-07,1.5037990916194463e-06,8.334712678679981e-07,3.4959763724661413e-07,2.3550721615361124e-06,1.258256367429161e-08,9.105030611340413e-06,3.5455068993478043e-06,9.809178978895602e-07,0.709274844078431,0.4969577929682507,0.7100444588369715,0.49580721167874725
0.7024703715013415,8.591666332491442e-07,0.00019412998963693563,7.093714093908297e-07,3.848995802988245e-05,1.6185508827667488e-06,3.2617354629491384e-05,5.203227844379915e-06,4.847893535776214e-06,4.1293715587041424e-05,0.7024703715013415,0.5070128907507473,0.7032326504689844,0.5056245677098063
0.7007903841137784,0.00017981536863511313,0.00012213900463582344,8.610384710271188e-06,1.1171500914097352e-06,0.00025919794992582395,2.1550778519961648e-05,0.0004133905515048606,9.913360877078158e-06,0.00012260358561874503,0.7007903841137784,0.5105895860195554,0.7015570058129869,0.5088881737281351
0.7003657633010466,0.00018506924863471517,0.00012213900463582344,1.2461376569171319e-05,9.970825585462681e-06,0.00023941631182840682,0.0003082713513542251,0.00041174228817714777,9.913360877078158e-06,0.00017760715911593314,0.7003657633010466,0.5116876064929712,0.701132175970704,0.5098511967192515
0.7354050386420131,3.401334493880828e-07,4.192069153857566e-06,7.638357118968998e-06,3.4959763724661413e-07,2.3550721615361124e-06,1.258256367429161e-08,9.105030611340413e-06,3.5455068993478043e-06,9.809178978895602e-07,0.7354050386420131,0.45922337177409533,0.7361973113905884,0.4585403846560831
0.7374460329052602,1.2005865399276043e-05,1.081591667364652e-05,4.880778350751877e-08,4.3339723717144776e-06,0.00014107465563771516,1.585144697531227e-05,2.8923135800761706e-07,2.382022423052139e-05,4.2628700810155167e-07,0.7374460329052602,0.4564954696391779,0.7382404511091785,0.45576838682170817
0.7333623425796899,5.474138048968747e-07,2.1054091196633512e-05,6.1385919080084016e-06,2.365883079757593e-05,4.898782701945332e-06,2.1181586794881504e-05,7.86298973778155e-06,1.294504727034926e-06,2.463813683139259e-05,0.7333623425796899,0.4623507886741879,0.7341538216494989,0.4615915519629643
0.7270110752078849,1.201946783532305e-07,1.7432749359668253e-06,7.989453402573324e-07,9.706827736272035e-07,5.20981414899804e-07,5.451938618195047e-06,1.3249115293183372e-07,8.940764290704781e-07,5.673783400518135e-07,0.7270110752078849,0.471472016108423,0.7277976193864921,0.4706368244971182
0.7282052054196115,1.1257693563571762e-05,3.3742686702779243e-06,2.743965335680328e-07,1.5186179166033005e-07,3.2721314979246194e-08,1.6706628812822683e-05,3.1992127421963567e-06,1.1437915682310952e-06,1.2234365285739997e-06,0.7282052054196115,0.4697743555644666,0.728992767968076,0.4689507192906913
0.7197793849819236,4.662529422618737e-06,0.0001728710802627438,1.2037155056229395e-05,4.203152566870898e-05,1.3976225065542622e-06,2.7237896948229743e-05,0.0001202734825699549,7.612569835465444e-06,3.560197920094433e-05,0.7197793849819236,0.4825607947027788,0.7205620257060645,0.48142502475880766
0.7203264050606774,5.012772010279904e-07,0.0006212889221788385,1.833414664931595e-05,3.5221637161278085e-05,2.470180988888383e-05,2.415399998581658e-05,2.0975955793548463e-07,0.0002803222260472625,0.00010735546208667377,0.7203264050606774,0.4828183483059633,0.7211120584821855,0.48138722507924153
0.7518016979970005,8.496085275551465e-07,6.103258680840599e-06,1.29869321489774e-05,9.971961260361576e-06,0.00019241391023455228,1.5081892216033665e-05,1.8006407601542542e-06,1.2463779579086893e-06,1.397900327238305e-05,0.7518016979970005,0.435192411230014,0.7526012938756103,0.43473071704741717
0.749999681425379,1.7424151337302525e-06,4.937983350432704e-06,2.176988855040999e-05,9.971961260361576e-06,0.00019241391023455228,1.5081892216033665e-05,1.7890079996666688e-06,1.2463779579086893e-06,1.397900327238305e-05,0.749999681425379,0.4379112707963257,0.7507989992331107,0.4374101005704391
0.7534966738770621,8.869725776006083e-06,4.632658115830802e-06,5.1960713578097474e-08,2.998858386899202e-07,1.992479110012371e-06,1.5716471583124117e-05,5.969521815673773e-08,4.3861133631066983e-07,4.720778944709377e-07,0.7534966738770621,0.43229376658820184,0.7542950868360024,0.43197206625147416
0.7407309336912039,0.0007321395547954706,0.0001728710802627438,4.880646711361916e-05,4.706766864300994e-06,6.69578557998519e-06,4.84630229182109e-05,0.00018588763741976945,0.000761707430833081,0.0003096945748776188,0.7407309336912039,0.45483187523036395,0.7415429598811368,0.453314344130933
0.7465755236279087,3.3844494726381514e-05,0.00010599878573148844,1.7147874540208354e-06,6.358349063146041e-06,2.5484347999916085e-07,1.5398919114407054e-05,3.0971640145567974e-06,1.3177782995413272e-06,1.4807482965469847e-05,0.7465755236279087,0.44290964553472834,0.7473731797464516,0.4423750698754282
0.7409828968193471,4.306023791624662e-07,1.5743457276446276e-07,2.425015598011236e-07,2.998858386899202e-07,1.446264617118689e-06,1.2714079551237375e-06,1.8604224026325186e-09,1.4933212900564477e-06,4.720778944709377e-07,0.7409828968193471,0.45095335491354943,0.7417777909258567,0.45038794199550536
0.7794985213581663,6.831000510220026e-06,7.955486154084339e-05,4.296839538676743e-07,1.996536415650959e-07,7.08049177223292e-07,3.455809513131007e-06,4.5665169534846614e-07,0.00011182286003530205,1.4137163337819058e-08,0.7794985213581663,0.3927091364248939,0.7802919698435721,0.3928817546490004
0.7772591376617017,0.0013328793816484502,0.00019427428940859619,1.2791179128796769e-06,0.00010789491124622303,0.000218873753651828,0.00013021050964444805,7.28935704469049e-06,0.0002661471551999554,1.7982164835005056e-05,0.7772591376617017,0.3995174446010191,0.7780711657392059,0.3986600621121261
0.7739759976168725,1.201946783532305e-07,6.720955731502481e-06,6.114833193803296e-07,5.33478918802174e-09,5.20981414899804e-07,5.451938618195047e-06,1.3249115293183372e-07,6.094076602776132e-07,3.9978487907514015e-07,0.7739759976168725,0.40098445709484476,0.7747711322999854,0.40112355314245324
0.7689769379233119,1.0853291356787426e-08,1.613409823811999e-07,2.2607789238898172e-07,2.1248920501662144e-09,1.2295965218739794e-08,1.626440918804317e-06,4.3604981272996904e-05,1.198833735770833e-06,1.6157764215020823e-07,0.7689769379233119,0.40874926713890136,0.7697742929429102,0.40876101511599117
0.7602147845348772,4.662529422618737e-06,2.232762845947394e-05,4.9825224834467536e-05,4.203152566870898e-05,1.009333795941661e-06,2.7237896948229743e-05,3.065419479509049e-06,7.708218247407474e-06,3.560197920094433e-05,0.7602147845348772,0.4223787408053038,0.7610144286679555,0.42213040707891447
0.7953152144064136,3.2217325814252283e-06,0.002227598768927214,2.180754640599953e-05,3.058117363803112e-05,3.9405420341009036e-05,3.8575944814745486e-05,5.485871287453993e-06,1.6753431442535737e-05,9.583856269108783e-05,0.7953152144064136,0.37151730228302665,0.7961015837960745,0.3708201200080209
0.7978759941200062,1.1221477865222812e-07,6.5370684571301296e-06,1.383689052798282e-06,9.867478549802867e-06,0.0006483438921351341,1.5070232118895719e-05,0.0021676247444685705,1.4301975529122676e-05,1.551463690889924e-05,0.7978759941200062,0.36810002697051547,0.7986789483317832,0.36745226307616785
0.7823374711821565,3.2189998116952457e-07,1.3500533852954476e-05,1.4686058785083035e-07,2.401578452948381e-05,3.338924036965508e-07,3.5544154506476107e-07,5.203227844379915e-06,8.644292932499215e-05,1.1227318629464889e-05,0.7823374711821565,0.38817625146867285,0.7831290713936658,0.3884485321096466
0.7844240989941154,5.630126291785152e-06,1.167984746359694e-05,2.4356523635522396e-05,1.1027761840233299e-08,4.307974397543606e-08,1.6312735465111087e-06,2.171874465777028e-06,3.562090908640791e-06,8.414952625646727e-07,0.7844240989941154,0.38475948007114397,0.7852133982700822,0.3851323760289188
0.7871819735197166,6.8309866481372254e-06,4.7171965532558895e-08,1.6608190837693586e-07,3.76483993696993e-09,7.081516559188718e-07,3.455809513131007e-06,1.0012017514955301e-08,1.7308000957996752e-06,4.339118816040069e-08,0.7871819735197166,0.3803655897783665,0.7879689447841904,0.3808214154202833
0.8194203535114042,2.9494112321772166e-05,0.00012297432243436074,2.483711328109609e-05,2.206114215423482e-05,6.285391800415129e-06,0.00026369665039468045,3.980561488948038e-06,1.751402240145571e-05,1.2931714973544377e-05,0.8194203535114042,0.32939214856309246,0.8201666276995137,0.33042664466065047
0.8176247851703559,3.8316958829927193e-07,7.714635998602337e-05,1.3791808987203738e-06,1.0416412684654777e-05,0.00022132881366807605,3.41955036681786e-05,2.2962062750075144e-07,1.8911074315654552e-06,3.8127195630404796e-07,0.8176247851703559,0.33206918949785036,0.818374756909609,0.3331321648937384
0.8160884244198674,1.7330482899689354e-09,3.4267904696005824e-06,5.692013613210212e-07,2.236996865272963e-07,2.872443277211901e-06,3.2419873371827125e-07,2.3875254716063135e-07,1.347841306525914e-06,1.3137128508608655e-07,0.8160884244198674,0.33401490410403895,0.816839173239913,0.33523043010114717
0.8121860369099998,3.28468953666278e-05,2.5191571484884128e-05,2.2911651407239e-05,0.0006178676781857904,0.0011865039636619172,0.0008458512466560709,3.473170079661194e-07,0.00022566799724236218,0.0001728294409308835,0.8121860369099998,0.3455421210072536,0.8129620582367914,0.3449044648497091
0.8090041462566779,2.97973053910662e-05,0.00012064404137715899,1.468372878598956e-05,2.206114215423482e-05,2.4357113997927857e-07,2.5675455104900187e-05,3.381545394061754e-07,1.037369270718177e-06,1.764228361209329e-05,0.8090041462566779,0.34589630081856027,0.8097672075918194,0.3467953647617107
0.8026709921450392,5.523373809234712e-05,0.0001881910719137539,5.758649774902441e-05,0.0003147988588284433,2.374834445825287e-05,0.0002659589784952898,5.203227844379915e-06,4.557794491423163e-07,0.00011619351589504578,0.8026709921450392,0.3574078837414251,0.8034475439528106,0.3577109014904743
0.8015192428194374,1.8618485948414382e-05,0.0008156511723624688,5.7203858518452057e-05,8.433736440196662e-06,1.853988028872642e-06,9.900240471442458e-06,2.0256283547303024e-06,3.6874588005726496e-06,0.0011550988105321594,0.8015192428194374,0.36096804862337223,0.8023029522347547,0.36072682336976986
0.8361648895114524,1.8627809524731255e-05,0.00019769744897770106,1.3768022036796144e-05,5.21507762168388e-06,0.0002491643812828709,5.857153829218983e-05,1.3865506501338043e-05,2.4223285598063247e-05,0.00017951184739416003,0.8361648895114524,0.3021203396626937,0.8368792090999013,0.3034806550903377
0.8375128798037029,1.1364514964962827e-07,4.574590708831896e-07,2.7756669399030937e-08,1.8079500153916478e-09,4.365685466353612e-07,4.269910533039832e-05,1.449592322174525e-07,8.668041827841421e-07,6.15220966986115e-08,0.8375128798037029,0.29864841510281637,0.8382194772783409,0.3004678266132657
0.8329611055040176,2.1184312959375113e-06,1.6830413776751698e-07,1.301575051754121e-07,3.366890203730706e-09,5.176363334459426e-07,5.171715249586322e-05,9.211904143855667e-07,1.51679976949713e-06,1.8813601615642376e-06,0.8329611055040176,0.3062756865689673,0.8336784276171346,0.3079501409514917
0.8268885491697958,8.672581336574819e-07,4.377390955248837e-06,1.3024590004606699e-05,3.058117363803112e-05,3.9405420341009036e-05,3.8575944814745486e-05,5.497505335969727e-06,1.6753431442535737e-05,9.583856269108783e-05,0.8268885491697958,0.3166676711425022,0.8276206124997901,0.31806121949611244
0.8220948187361646,7.447608265744836e-05,7.82065931399936e-05,2.4471344004342536e-06,1.0050631237102164e-05,2.545757586227952e-07,3.538734482606183e-05,4.474611148011196e-07,0.00011383752408502431,1.7974436013826474e-06,0.8220948187361646,0.32469112284507423,0.8228367998147497,0.3259045868931533
0.8220738224681176,0.0001597694916264622,7.82065931399936e-05,2.4471344004342536e-06,1.0050631237102164e-05,2.545757586227952e-07,3.538734482606183e-05,4.474611148011196e-07,0.00011383752408502431,5.59626637016466e-07,0.8220738224681176,0.32486645337002695,0.8228167317293373,0.32603611620701967
0.856172938648861,3.098886088242741e-05,0.00010599878573148844,1.468296867485291e-06,2.1935662314397615e-07,1.7448746868853177e-06,0.0002824123995387684,7.439034412548153e-07,1.3177782995413272e-06,1.4807482965469847e-05,0.856172938648861,0.2677297746935414,0.8568290740904487,0.26989449118502673
0.8556485440361155,1.6296896401239428e-05,0.00012064404137715899,2.5973596486512842e-05,2.1605444717786574e-05,5.626603910742969e-06,2.5675455104900187e-05,3.875749104387137e-06,1.375211566575093e-05,2.2127899931453715e-05,0.8556485440361155,0.2683082163898978,0.8563066776497802,0.27057004273206925
0.8525041572862185,2.6374995299050705e-05,0.00012064404137715899,1.8502617418480247e-06,2.2675046957060275e-05,3.937569915630139e-07,2.5675455104900187e-05,3.8723796120970654e-06,1.4241687643423675e-05,2.0645046283864392e-05,0.8525041572862185,0.27364478087601224,0.853171671251913,0.2758140473855604
0.8504462895269107,1.201946783532305e-07,6.720955731502481e-06,6.114833193803296e-07,5.33478918802174e-09,5.20981414899804e-07,3.0796877406634735e-08,1.3249115293183372e-07,6.094076602776132e-07,3.9978487907514015e-07,0.8504462895269107,0.2767568788533216,0.8511186202141465,0.27900096419062553
0.8413317548867245,1.6409647058318954e-06,0.0012837399879532356,5.4800998085686396e-05,0.000415428709721427,3.157887574679438e-06,0.0001246623498304608,5.203227844379915e-06,0.00013698853578674084,5.8478425969040184e-05,0.8413317548867245,0.29571711950117396,0.8420388065735864,0.2963920533743761
0.8400134034388351,6.18176546172349e-07,3.836861236541591e-05,1.4009690793017739e-06,1.9023997262917491e-06,0.0001308328972048759,1.0393724470892323e-05,2.2186063304576595e-07,1.8194474848108143e-05,1.0423275976913355e-05,0.8400134034388351,0.2947396500717136,0.8407151585846216,0.2965328696678056
0.8782844538576557,1.8504909969888661e-07,1.0963967872062446e-05,1.2037288973842974e-05,2.6339384924675e-06,0.00016330795347555135,3.209672618919018e-08,1.0374960685325228e-06,0.000414429977017532,5.467796718858217e-05,0.8782844538576557,0.2297839663790153,0.8788679414414229,0.232549442646634
0.8684909522159366,1.879324467798711e-05,8.938345850499417e-05,1.3768022036796144e-05,5.204755730976537e-06,0.00025085513134933535,8.022120090081773e-06,1.3622449839732287e-05,2.394384903331736e-05,0.00018307283240586052,0.8684909522159366,0.2467874481694774,0.8691097803372394,0.24925518898210686
0.8771411770868958,7.708963972330377e-07,9.613096107046486e-05,1.2037288973842974e-05,1.1696732098258343e-05,0.00016330795347555135,3.209672618919018e-08,1.0374960685325228e-06,0.0005135924199074543,5.3436467822339164e-05,0.8771411770868958,0.23213038115302856,0.8777303489210115,0.23472818789102834
0.8596014185136469,1.0403648803765172e-05,0.00013302485958592263,1.8502617418480247e-06,1.0093890872457188e-05,5.626603910742969e-06,2.5675455104900187e-05,2.050380085042074e-08,1.4241687643423675e-05,2.2127899931453715e-05,0.8596014185136469,0.2614732551876736,0.86024678929757,0.26387985590168833
0.8596669169175762,6.16866824023592e-07,6.555303477832792e-07,4.524985289302915e-07,2.258353752240795e-07,6.174489530840888e-09,6.154809600499504e-07,9.058354785689468e-07,1.1086455845489416e-06,2.5808549616259933e-07,0.8596669169175762,0.2609812174453175,0.8603111506644464,0.26352916958162187
0.8931603059540091,1.8693274553112492e-05,4.1242484679823934e-05,2.9276838255767515e-05,9.285951650342827e-06,1.824355718533843e-06,4.408728530327097e-05,2.0256283547303024e-06,3.803628681482649e-06,3.125074281933129e-05,0.8931603059540091,0.20259091292358047,0.8936764047368213,0.20621184964780473
0.8989116472025251,5.4518796411597656e-05,1.2244889370176688e-05,5.5985275725231736e-05,2.2413326522912343e-05,1.882494221324921e-05,4.8077041464964275e-06,4.797862033830882e-07,0.00010499893187987192,0.0001400149320492015,0.8989116472025251,0.19270676311559962,0.8994037765458296,0.19639755574375398
0.8969138549095687,5.021221278271223e-09,6.437948001050117e-07,3.9565338680856587e-07,1.876976878615508e-07,1.817819948831773e-06,6.782909965038879e-07,2.815059277832483e-08,1.1164265459671937e-06,4.774043340148725e-07,0.8969138549095687,0.19555519114788877,0.8974117579669411,0.19943214258366931
0.887694579201875,3.457221881272986e-07,6.051837733406821e-05,1.4923798958181844e-06,1.2105978825535276e-06,8.520252250965092e-08,8.11027389820759e-06,2.513569438797972e-06,0.00019694080214627743,2.6072741409007943e-07,0.887694579201875,0.2124836784908848,0.8882357830134867,0.2158358064947839
0.8805270947689589,9.06089870287348e-08,3.2944645011644444e-08,5.512712216959534e-07,2.7365084448888334e-07,3.181918176056959e-07,2.538573860790825e-06,3.0817906016233553e-08,1.956317704972156e-07,9.16370717429915e-07,0.8805270947689589,0.22468081979118631,0.8810960263051103,0.22795031596614881
0.9143832911101134,7.492475919248047e-07,1.2355429729882771e-05,2.1039260345027146e-05,9.756039602924546e-06,1.6918331933779953e-06,1.6312735465111087e-06,1.959009448647738e-06,3.562090908640791e-06,1.0839403156045217e-05,0.9143832911101134,0.16401993918039767,0.9147937921623746,0.16854786610547204
0.9180631984723555,7.095245105146607e-06,1.627413874257791e-07,2.3363804246788298e-07,3.366890203730706e-09,5.176363334459426e-07,0.00016969636245102988,9.211904143855667e-07,0.00011219451499614526,1.8813601615642376e-06,0.9180631984723555,0.15769930185846057,0.9184543848022575,0.16221188029597758
0.9039130080217567,3.3591599144032046e-07,0.00010382413651583468,5.6631588873963197e-05,0.0002118706729204134,2.374834445825287e-05,0.00011341640573923152,5.203227844379915e-06,3.7084559080312313e-06,8.677007494570631e-05,0.9039130080217567,0.18404121963406883,0.9043814166529187,0.18777095148422873
0.9082053272488105,4.0267594551070715e-05,0.0005383461667421315,7.662678118704075e-05,3.480693260470419e-05,2.374834445825287e-05,7.234862293385441e-05,1.764195445798898e-06,0.0002640641091570966,2.3496149289393368e-05,0.9082053272488105,0.17712468589251038,0.9086537873768527,0.18068732167500529
0.8996611703763322,1.58038708529519e-05,9.613096107046486e-05,1.2037288973842974e-05,2.8651660601964085e-06,0.00016330795347555135,3.209672618919018e-08,1.7614653749032767e-06,0.0007873922505998998,0.00018069370413867258,0.8996611703763322,0.19288837157045374,0.9001568996285313,0.1960186369929755
0.9003986738497262,1.0590425150820962e-08,4.207122885593285e-05,1.3604291655116705e-06,2.060232398576142e-07,0.0008122874394286184,0.0002963480956501961,2.8509713274828643e-07,4.1211362500307867e-07,4.521424133768253e-05,0.9003986738497262,0.19145065904727787,0.9008873888879815,0.1946251516138109
0.9363488373109795,1.856756405209921e-05,1.3563686595271942e-05,1.3322649626013328e-05,2.3524841181324486e-05,1.1855478230999014e-07,9.868691916716408e-06,5.015260413169507e-07,3.562090908640791e-06,3.116006212451881e-05,0.9363488373109795,0.12346514879585824,0.9366308250542754,0.12888239508356444
0.9392975046340509,6.483736861840128e-07,1.697444293569159e-06,5.230577265618811e-07,3.186071107902754e-09,2.929808672470616e-06,1.129441658988531e-05,2.1163337038329317e-08,1.629740664076304e-06,2.6285931224780336e-07,0.9392975046340509,0.11775597970322989,0.9395596475926606,0.12337173129997252
0.928676416389966,0.000566974102444949,0.0002268490397959108,4.8751032240373546e-05,0.0005915597364532486,4.5494934923359916e-05,0.00011335689729191699,0.0011038141219486463,3.231702288253323e-05,0.0004507494951626343,0.928676416389966,0.14347373066458766,0.9290378700954691,0.1464113205453425
0.9321896376608715,1.8580822187358928e-05,3.450343925438406e-05,2.9276838255767515e-05,2.8593003695660215e-05,1.864095208970993e-07,9.900240471442458e-06,2.0256283547303024e-06,3.562090908640791e-06,3.116006212451881e-05,0.9321896376608715,0.13131736103047428,0.9324979359875507,0.13652319687361053
0.9254070587020711,1.2807023453331814e-05,1.7839475186732407e-05,6.759851067192358e-06,1.0171657906489948e-05,0.00011606571957009221,3.6398293006640097e-06,6.722041037932435e-09,3.020340056432767e-05,6.2017503532814736e-06,0.9254070587020711,0.14399987593852667,0.9257566949854336,0.1488769534998628
0.9195580340611957,2.897233983825635e-08,5.121213448855926e-07,5.8147039108268944e-09,4.93940367116989e-08,1.0750871734897477e-05,1.286687229223022e-05,2.1415421198024013e-08,2.652474261146779e-07,4.161529794341208e-05,0.9195580340611957,0.15453504113942237,0.919940042773452,0.15927195736658276
0.9231513533365385,4.9855752317301125e-09,4.663431280540223e-06,4.070970403197404e-07,6.836694338123151e-08,7.663629332493528e-07,7.3661446586727446e-06,3.741169452546449e-08,8.875382612135107e-07,4.774043340148725e-07,0.9231513533365385,0.14781876674017874,0.923512461778898,0.15274059904441487
0.9578782549299693,2.8604867610416525e-06,2.4003547628609047e-06,2.6129692722002243e-06,1.9109816445918942e-06,1.0339767801224366e-05,5.64349665873617e-05,1.6637533733236524e-06,1.0122192863570402e-06,2.0566376741714498e-05,0.9578782549299693,0.08266061276094856,0.9580122046104863,0.08906558829521638
0.9496686858126302,1.3389565181262824e-05,4.0339899238026274e-05,2.5125605730872646e-06,1.5352877381107796e-06,1.882494221324921e-05,4.035994611536288e-05,3.389988250538012e-07,2.4085155361534988e-05,1.2309528764358353e-07,0.9496686858126302,0.09839850179498076,0.9498617337349865,0.10438737411381664
0.956036649076823,4.9855752317301125e-09,4.3424304010496806e-05,1.4594393831359973e-06,2.060232398576142e-07,2.8601712579788156e-06,7.184692894454867e-06,2.241867663917658e-07,8.668041827841421e-07,4.845341453764217e-07,0.956036649076823,0.08610247580738328,0.9561838067544493,0.09245161349482682
0.9413974703922542,0.00017981536863511313,0.0001298894506892295,1.2461376569171319e-05,3.4479884642987526e-05,0.00023941631182840682,0.0003082713513542251,0.0004133905515048606,9.913360877078158e-06,0.00017593597105204094,0.9413974703922542,0.11660488669459232,0.9416580495838935,0.12123163044920003
0.9464599621638575,1.0677733147005623e-08,4.196419434810876e-05,1.3604291655116705e-06,2.314422881085962e-07,0.0008441052039659606,0.0002963480956501961,1.761007514472093e-06,2.5149391295360196e-06,4.161529794341208e-05,0.9464599621638575,0.10654383581173842,0.946682552556072,0.11153456199079739
0.9446923933542303,4.9855752317301125e-09,4.699518168077787e-06,1.4594393831359973e-06,2.060232398576142e-07,2.8601712579788156e-06,7.343523720243183e-06,2.295774985733712e-07,8.668041827841421e-07,6.728640939207719e-07,0.9446923933542303,0.10759099455773807,0.9449188543888954,0.11344892709440402
0.9994247771559435,8.869725776006083e-06,1.7556614612707954e-06,3.591938792705198e-07,3.107336568278879e-07,3.4892414939505425e-07,5.417470827518196e-06,1.29733947417458e-09,2.9036505810493303e-07,5.621211509072423e-09,0.9994247771559435,0.0011848125276934945,0.9992108961438289,0.009758163953680897
0.996429131017042,4.195054903353771e-07,0.0005909651058977636,4.860340925936799e-05,3.5803403102677867e-06,0.00026821992327342726,0.00011359955747416542,5.203227844379915e-06,1.6534283302382704e-05,0.0012609325156590267,0.996429131017042,0.011723371508912422,0.9962603795779142,0.01822246433286462
0.9971802749615513,1.3649411330189586e-05,5.058180621354516e-05,2.7031827781921685e-05,0.0001699677571908382,0.001088737119937437,2.460494763211074e-05,1.515801117917987e-05,2.09236811576578e-05,4.088994716503884e-05,0.9971802749615513,0.008524321795743747,0.9970008871581657,0.01571316408917789
0.9941612504287232,9.545876667929462e-06,9.43975988246069e-06,7.989453402573324e-07,9.706827736272035e-07,5.20981414899804e-07,1.70235618771771e-07,1.35378668063605e-07,8.940764290704781e-07,5.673783400518135e-07,0.9941612504287232,0.011689225948744993,0.99399622459071,0.01997493003413453
0.9862323901200262,5.563765806327805e-05,1.766796165487189e-05,4.861386794558917e-05,2.8685095729341555e-05,0.00011568963644047355,1.2699619594798868e-05,7.73844965911849e-06,5.154084389408276e-07,6.850755110621309e-05,0.9862323901200262,0.028047331751721968,0.9861413519366716,0.03564766726739914
0.9873897689715769,6.3806775922297016e-06,7.298504710829553e-06,1.2735338478117716e-06,4.260682301194733e-06,0.000247414942434817,1.0944137759883991e-05,9.327143331196382e-07,2.689458409073391e-05,1.0423275976913355e-05,0.9873897689715769,0.025685078040787186,0.9872881110934973,0.0333620554059498
0.9714736161591006,3.246429672500024e-05,8.791615967203268e-05,2.6374476772142693e-05,0.0002117591610708363,6.0158381239501965e-05,1.230418129997157e-06,1.1019883886531841e-05,0.00010223155970202274,0.00010662202634451316,0.9714736161591006,0.05748219939514376,0.9715088567404001,0.06409864157433369
0.9738461147115017,2.2931643589405288e-05,4.115752295106265e-05,1.9053836923006882e-05,3.856947648967065e-05,0.00012756214025841622,0.0010774715952494927,1.5983767325259487e-05,2.1184984471804322e-05,9.568490629122685e-05,0.9738461147115017,0.054465577090767804,0.9738605459139658,0.06054193814438316
0.9774202099220568,2.989120009489029e-08,1.17270888724446e-06,5.230577265618811e-07,9.679745454555737e-10,1.0953174493861705e-05,1.2574924133371112e-06,2.121077130586236e-08,1.4307611150828368e-07,1.8672752093393714e-06,0.9774202099220568,0.04468095769677708,0.9774010019594013,0.05210468218547426
0.9643941990727435,0.0006072491295998417,5.572128173576899e-06,1.4460538515531735e-06,1.2501752878934854e-07,2.723003861470022e-06,2.6524906977704837e-07,1.3159648977240066e-05,3.8117311994432897e-06,2.2044095985925507e-06,0.9643941990727435,0.07117204172591766,0.9644867600522238,0.07749190581761133
0.9635726922698228,9.494607156348488e-07,5.121213448855926e-07,5.8147039108268944e-09,2.1161348434333648e-07,1.0237792682505473e-05,1.286687229223022e-05,3.779736230195855e-07,1.6294817669889209e-06,4.161529794341208e-05,0.9635726922698228,0.07165958227234384,0.9636640865061271,0.07836100763774838
