x0,x1,x2,x3,x4,x5,x6,x7,x8,x9,f1,f2,predf1,predf2
4.687056658989938e-08,1.840483549773179e-07,4.244187479297339e-07,2.0926625761779392e-05,0.16354666647587032,1.272071121331462e-05,0.00045790322375085016,4.748759924577484e-07,1.140541764141008e-05,9.187050816966898e-06,4.687056658989938e-08,1.1638263117128786,8.522061939571175e-05,1.127079176505986
4.687056658989938e-08,6.961393033652973e-08,7.706744409694188e-05,1.2642767576592167e-06,0.7934702346250382,1.272071121331462e-05,0.00044902477631707526,4.748759924577484e-07,1.0363100145564793e-05,9.187050816966898e-06,4.687056658989938e-08,1.793740428506747,-0.0026281336470808936,1.7473322458951226
0.015362448990859102,9.782374757369086e-07,0.00015739409019838876,0.00010334648208147939,0.00016741103161184293,2.6419526250519347e-05,4.61224063429342e-05,1.0371445926860302e-05,3.231797044198776e-05,2.177304652866186e-05,0.015362448990859102,0.8694558959331538,0.01521663294085212,0.8845578517036804
0.016307547791266568,9.034015675195964e-07,0.00014514130185583704,1.318262609779517e-05,0.00021311663762981108,8.5657207208069e-06,5.817526314120447e-06,2.373752928863094e-05,2.1522597869864647e-05,7.995155036916023e-06,0.016307547791266568,0.8647169583769017,0.016125994981106468,0.8788783679386764
0.016712044572979458,2.3347814031465423e-06,4.151201887860717e-05,5.0840601967487414e-05,0.00010271955405213935,0.000513477408401536,0.0006396798902881935,2.5680957563872245e-05,5.041596946673319e-07,2.7281580543166364e-05,0.016712044572979458,0.863661589981488,0.016517891747293855,0.8774627228187025
0.0033222304561752,9.034015675195964e-07,0.0001964671240153425,1.709856833735624e-06,0.00042544920299181514,8.511593466427767e-06,2.1731592630574733e-05,2.3736576068075164e-05,0.00037156793851904243,2.441007863440805e-05,0.0033222304561752,0.9430586214677639,0.0038922171737904507,0.9571874982464427
0.012257128932725694,2.764803888539646e-05,6.469339013403455e-06,2.333498789659119e-06,0.0003294161129747227,1.066313085251654e-05,0.0004633278060937129,3.0948241974022225e-06,8.603172282366019e-07,0.0004897981976963793,0.012257128932725694,0.8859438325865859,0.01224359453424676,0.9037891387884599
0.013388295090354097,1.2407854868920619e-05,1.173155673967824e-05,3.008874109647536e-06,0.0003756015799659014,2.1651654873932558e-05,4.77935022752528e-05,6.093098425183231e-06,7.433038538929106e-06,0.00023388322945569627,0.013388295090354097,0.879503558770333,0.013323160943394979,0.8963993146168135
3.2986654133480976e-07,1.5843116620421216e-06,0.00021495275086836192,0.0004817072304505215,0.0019361984660549228,1.4423659765852358e-05,0.00010627758378876554,2.670479557513101e-06,3.291434348837302e-05,5.938513284585343e-05,3.2986654133480976e-07,1.00227495597801,0.0008603363940284532,0.978791621160258
1.5872179310699677e-05,9.774097878120035e-07,1.177076494265509e-06,9.739203141923833e-07,0.034970371622016175,0.0004955600851482059,9.998459078212671e-05,3.2997697639201124e-05,9.445967643229614e-06,0.0014703897850913764,1.5872179310699677e-05,1.0330246853136629,0.0007113249796038219,1.0098001132642906
3.493343448476653e-06,1.0153703161668839e-06,0.00022413209416247604,6.572561378545811e-06,0.03423794507097789,1.2724976865210136e-05,3.603139547237271e-05,8.809572004962568e-07,1.0725560527944536e-07,0.004789118662925149,3.493343448476653e-06,1.037403098446047,0.0006944509117687913,1.0122258771915384
3.2986654133480976e-07,1.5843116620421216e-06,0.0001876016102765232,0.0004475681411288959,0.16597448709635199,1.418407597072221e-05,0.00010636309557924624,2.670479557513101e-06,3.291434348837302e-05,9.990991903803911e-06,3.2986654133480976e-07,1.1661569765107587,7.65313981312307e-05,1.1295414394453203
1.534323505269075e-05,1.0111401450728347e-06,4.1591870105932474e-07,4.38755960804538e-07,0.16354666647587032,6.984965797584165e-06,1.5048858221706269e-05,2.8611500400949683e-06,6.7482501202678375e-06,9.440487512443053e-06,1.534323505269075e-05,1.1593643004541396,0.00010035916563568157,1.1264723051623835
2.5711408578899393e-07,1.840483549773179e-07,5.374436368129412e-07,2.0926625761779392e-05,0.12393664259659246,1.272071121331462e-05,0.00028397982378381673,2.8611500400949683e-06,1.141074585539007e-05,9.187050816966898e-06,2.5711408578899393e-07,1.12374079991183,0.00027168930644759775,1.0899385132701527
1.613504064761356e-05,0.0001395702921624327,0.000178014727546394,7.603858114899959e-05,0.26227000397295486,6.984965797584165e-06,0.006500591070368318,4.727017450254881e-05,2.1859731641130186e-05,0.021364620031365474,1.613504064761356e-05,1.2860416172645988,-0.00041744431291972463,1.2489459889061214
1.613504064761356e-05,7.209830135474545e-05,0.000178014727546394,0.00010578396023014246,0.26227000397295486,6.984965797584165e-06,0.0007957463766089109,4.229689880864637e-05,1.138585721382487e-05,0.018782408867067397,1.613504064761356e-05,1.2777161562579502,-0.0003948448847372614,1.2399728741314808
1.613504064761356e-05,7.110285657841052e-05,0.00017631854897358625,0.00011786094977879102,0.25188984007489545,6.984965797584165e-06,0.00016724991889059798,4.229689880864637e-05,1.138585721382487e-05,2.5320737983922244e-05,1.613504064761356e-05,1.2480128800950925,-0.0003049867198168935,1.210591078005356
3.3986056686745607e-06,5.59945505652673e-07,2.5558703160750677e-06,4.38755960804538e-07,0.3688961752659052,6.986165756891478e-06,0.0001538929224565173,1.5756334493983052e-05,1.141074585539007e-05,9.440487512443053e-06,3.3986056686745607e-06,1.3669401297717167,-0.000839533058344622,1.323195217104339
1.6359401493315582e-07,0.003970807589220867,0.00030018696998627465,2.240681982523114e-05,0.27603969461977296,0.0013760452207398448,0.016984804675814535,5.158723851379608e-07,0.00033372083785801086,0.0006537799232507811,1.6359401493315582e-07,1.299220854958799,-0.000467605175939592,1.2577403647720349
1.957835786774844e-05,0.00023223319871134567,8.895091092422197e-06,0.001603147208143014,0.47950054450692964,0.0081219332261279,0.0005382513650084307,9.963477363016186e-05,0.0019865514683956144,0.0008452711615621248,1.957835786774844e-05,1.4875300422474884,-0.0012648439286956684,1.4435434716317794
1.5202123729111601e-05,1.0125049329271442e-06,2.5558703160750677e-06,4.38755960804538e-07,0.40819189808910544,6.984965797584165e-06,0.004661252350521018,1.590186779270824e-05,1.141074585539007e-05,9.440487512443053e-06,1.5202123729111601e-05,1.4082663340048445,-0.001013415865426115,1.3665933002987605
1.2448897087828277e-07,1.6171727535666364e-07,4.0314195479659493e-07,4.38755960804538e-07,0.49423875418126956,1.523485157863823e-06,0.000622869973355751,8.220877827178057e-07,5.7327750300405093e-05,7.841987497121758e-06,1.2448897087828277e-07,1.4944987473046514,-0.0013861078017981501,1.447074740559834
1.5872179310699677e-05,1.0127464012548959e-06,0.00015295500884967433,9.739203141923833e-07,0.5198593849208544,0.00047308842860049194,2.9884748884999973e-07,3.2997697639201124e-05,9.445967643229614e-06,0.0037536815078394957,1.5872179310699677e-05,1.519365121298904,-0.001484459035157096,1.4760146208348375
2.3413487107986603e-07,1.0127464012548959e-06,0.00015295500884967433,9.739203141923833e-07,0.5198593849208544,0.00047308842860049194,2.9884748884999973e-07,3.307044814800116e-05,9.445971400226101e-06,0.0037536815078394957,2.3413487107986603e-07,1.5236865107459672,-0.001498518990922547,1.4761163516507319
1.531767395497335e-05,4.079464037227729e-06,5.158017415838367e-05,6.995229749377958e-07,0.6895715133327811,0.00015261417376669808,3.09524707226784e-05,3.452833056343697e-05,4.511630217573249e-05,0.002516261605355211,1.531767395497335e-05,1.6873158015068888,-0.002192593365383287,1.6445644412403584
1.5872179310699677e-05,4.079464037227729e-06,3.341567950838104e-05,6.995229749377958e-07,0.6895715133327811,0.00015261417376669808,3.09524707226784e-05,3.437969578044273e-05,2.7031427059513017e-05,0.002516261605355211,1.5872179310699677e-05,1.6871881202307706,-0.002192120085528661,1.6445250781527965
1.5872179310699677e-05,7.221063574023423e-06,1.24232074648157e-05,9.739203141923833e-07,0.625158397258721,1.4007148154108686e-05,2.6709504882132783e-05,3.486545749130291e-05,2.673808059156724e-05,0.0024888239139388016,1.5872179310699677e-05,1.6226872135287749,-0.0019262747362782566,1.5795524290375562
9.263428224042263e-06,1.0018382019207452e-06,5.406230579332358e-06,4.345063206795652e-05,0.7830876568550397,5.891678526432052e-06,0.0002707217183561403,3.8009851134185786e-07,7.126841581282536e-05,5.85694200723054e-06,9.263428224042263e-06,1.7794269980589847,-0.002577251583616589,1.7365978413043108
9.263428224042263e-06,1.0018382019207452e-06,5.406230579332358e-06,4.345063206795652e-05,0.8029484741603466,5.891678526432052e-06,0.0002707217183561403,3.8009851134185786e-07,1.472832348617053e-05,5.85694200723054e-06,9.263428224042263e-06,1.7992087702885184,-0.0026581316604851776,1.7566086675797474
1.5328748859967732e-07,0.002644524818888147,9.42404016515346e-06,1.6180226435710573e-05,0.7301341314583167,8.55670328111641e-05,1.0494452546322932e-05,2.226314369062636e-05,0.000561714868493263,2.2120160091115577e-05,1.5328748859967732e-07,1.732990935142115,-0.002364475404897413,1.6856371612593977
1.982682544610083e-05,1.0226309072979408e-06,7.879662329070492e-05,8.104679686773897e-07,0.8578492822343504,8.49549534192153e-06,0.0005372484735611567,1.4363825351865204e-05,0.006952533289945427,0.015842097647142613,1.982682544610083e-05,1.8751772737360137,-0.002908776207966628,1.8351827937411649
1.8789742442967513e-07,1.5254595991908063e-05,0.00022413209416247604,6.578059663814505e-06,0.853913086955522,1.2724976865210136e-05,0.00015112778848719633,4.7219372373782324e-07,1.0725560527944536e-07,0.0013716875077086639,1.8789742442967513e-07,1.8551046798151332,-0.002875481003028241,1.8095839424964928
1.8789742442967513e-07,1.5254595991908063e-05,0.00022413209416247604,6.578059663814505e-06,0.8531669081200349,1.2724976865210136e-05,0.00015112778848719633,1.3356819965002645e-06,6.589226808407218e-05,0.0013716875077086639,1.8789742442967513e-07,1.8544252576052958,-0.0028724918137598443,1.808896188730266
2.1950813515997154e-07,7.157328971900057e-05,3.0158456569685455e-05,1.0521234311267256e-05,0.9011180353541686,0.0013266455041091782,0.01728694693394704,3.563531236376257e-07,3.4277311213862e-05,0.02996591128574313,2.1950813515997154e-07,1.9491902035009325,-0.003155574395415851,1.906551348757835
4.698961271365588e-08,3.5346040886256307e-07,8.707712721587485e-06,2.7484342535880898e-06,0.9656038012245409,4.138842970974034e-05,0.000901184315946181,1.992691335959623e-07,7.151778336798646e-07,0.002867429319210442,4.698961271365588e-08,1.9691223192080523,-0.0033331181608001305,1.9243554661685978
1.8814852831610677e-07,1.5254595991908063e-05,0.00022413209416247604,6.578059663814505e-06,0.8689141726270687,1.1145093913833796e-05,2.8905569867104215e-05,5.5693465422266e-07,3.1343465476144886e-07,0.04314121393665396,1.8814852831610677e-07,1.9117424353808534,-0.0030214506862472385,1.866717657490622
2.1950813515997154e-07,7.157328971900057e-05,3.0976626569408834e-05,1.0521234311267256e-05,0.9659921945542428,0.0013565997336473514,0.01728694693394704,3.563531236376257e-07,3.4277311213862e-05,0.10277657798003566,2.1950813515997154e-07,2.0868830924028665,-0.003561552598562292,2.0455853145522935
7.011141495422163e-07,3.0917361959135484e-06,2.9300076235294726e-05,0.006854737316536524,0.9918657006894643,7.103076604881445e-06,0.01811128601800385,2.0376054792362761e-07,0.000332819325220969,0.04190616885458812,7.011141495422163e-07,2.0579088820432445,-0.0035354061363273266,2.0161641068849985
7.011141495422163e-07,2.5856190801196e-06,1.1890917518094333e-05,0.0013493924268780377,0.9809872655523403,4.138842970974034e-05,0.0002192746726827883,5.315177847484833e-07,0.0005392618025337574,0.031937258392708785,7.011141495422163e-07,2.0139002336063014,-0.0034487832737223043,1.9701726055567135
3.3344101828879185e-07,0.002383864663233587,2.967578801272589e-05,5.5210405458563115e-05,0.9854112372075946,1.7403561600896456e-05,0.017240755054825085,4.5609286899000187e-07,0.013500615521115224,0.14760816895106507,3.3344101828879185e-07,2.1653974956405655,-0.0037391037453335047,2.124533307436828
7.011141495422163e-07,3.1814272679433483e-06,4.8257564763320944e-05,0.00690327135884693,0.9918657006894643,7.103076604881445e-06,0.10699107548679518,2.0376054792362761e-07,0.000332819325220969,0.09607261416159532,7.011141495422163e-07,2.200981644618702,-0.003814673009430155,2.1721839026536505
7.011141495422163e-07,3.1814272679433483e-06,4.8257564763320944e-05,0.00690327135884693,0.9918657006894643,7.103076604881445e-06,0.10699107548679518,2.0376054792362761e-07,2.472924622559577e-05,0.09607261416159532,7.011141495422163e-07,2.2006736414610653,-0.0038145770506936875,2.171881931412888
3.184936077782588e-07,0.989658564110271,0.00027377601477326875,0.0008029937632426393,0.00036350124842753973,0.34771620684464144,3.071369071623821e-05,2.2440652408197686e-06,0.0031587818938377315,0.05495167686902861,3.184936077782588e-07,2.396084721724765,-0.003957811342859105,2.2088579159112727
6.261837356335586e-08,0.9889487154955517,0.00014491477914861813,0.012019599356142463,0.01126844062012626,0.36340279669700587,0.000698773435515068,2.3576703252661912e-06,2.2257731373772123e-05,0.003493927040663614,6.261837356335586e-08,2.3796157364027195,-0.003883210706825979,2.191589844062502
1.0098188791140513e-06,0.9897196891179212,0.0001454179862595576,0.03367518879996286,0.00036350124842753973,0.38451327336437313,5.608931362816238e-05,2.888560310895003e-06,0.0034750811584259487,0.10003410204329105,1.0098188791140513e-06,2.5103925451159315,-0.004480398035920033,2.323544701516491
7.221801858958154e-07,0.9833556151557363,3.077568006825875e-05,0.004268607529478801,0.08180522937249683,0.38225871008038687,0.002519789883900981,1.9615881179029117e-06,8.752265416633752e-05,0.06129372481055424,7.221801858958154e-07,2.514274074609842,-0.004513232824404455,2.326300014650434
1.9678397990320893e-05,0.9886724390519387,0.005273978028659706,3.590398624320182e-05,0.004738988297600635,0.5171573231463825,3.562904542344746e-05,2.614893208579461e-05,2.065833361168866e-05,0.0057508688791772285,1.9678397990320893e-05,2.5146675482652907,-0.004628895378042453,2.335896808326255
2.0649338075063832e-05,0.9924329193291254,0.0006606052316408456,0.0007857055219060858,0.02014398289411012,0.6005653599191618,0.00014174776619465827,0.00045150956740147883,0.0014659109062542884,0.005358779528861755,2.0649338075063832e-05,2.614648335004139,-0.005167952746487432,2.4357902659292368
1.9678397990320893e-05,0.9886724390519387,0.005273978028659706,5.2780865926236964e-05,0.011850393188214762,0.5630757973267037,3.582194765707075e-05,2.614893208579461e-05,1.8800699288338347e-06,0.0011277114803823038,1.9678397990320893e-05,2.5630052733625917,-0.004878703070619092,2.3846367239550834
1.910679067239104e-05,0.9941219704953045,1.6658896651578045e-05,0.0002792145903757428,0.0035088327707473374,0.5664697539572786,0.00014276992632046814,2.912100332783946e-07,0.002086563447064443,0.031575122829346346,1.910679067239104e-05,2.591155367477657,-0.005054153199679006,2.4121187538565065
1.5597789540330704e-05,0.9928960529110635,0.00011193814348504044,0.006516249105799517,0.08375152783620027,0.5936096535803715,0.0003540932478420626,1.0522909845133913e-05,0.0007173681999506437,0.011725035697925108,1.5597789540330704e-05,2.683215300623899,-0.005495034874078601,2.5005463884280448
1.92363426519112e-05,0.9945234893209639,0.001775378181335419,0.0012939512970218123,0.05980527161526366,0.5925766090369837,2.0901600713301488e-05,2.614893208579461e-05,0.0002372103611583228,0.0011981850403678417,1.92363426519112e-05,2.6443154016057218,-0.005321213835702126,2.4632808618178537
5.826582680138867e-08,0.9943465437437884,0.00010465509241993228,1.8315973792848693e-06,0.02632422536647348,0.65369566304616,8.907555969917397e-06,5.705622095419336e-06,2.9238899323610694e-06,0.022610191558379747,5.826582680138867e-08,2.6967042274941972,-0.0055559221977931695,2.510909369584845
1.9571823348348877e-05,0.9889487154955517,0.0007883721556521792,0.0003704234137021729,0.02177405231921867,0.6940004569213438,0.0002776461935550876,5.577678385123675e-05,2.1348142130134244e-05,0.03079377757191978,1.9571823348348877e-05,2.7297114942636163,-0.005681152785091897,2.5519087235804667
1.5597789540330704e-05,0.9928960529110635,0.00011193814348504044,0.06708576253584897,0.08375152783620027,0.5936096535803715,0.0003430036371607629,5.409998084260964e-06,0.0007173681999506437,0.0016718836149740531,1.5597789540330704e-05,2.7336549366986267,-0.005617243514981793,2.5498064193539562
4.937155589253375e-05,0.9941219704953045,0.00014070672130842915,0.0002792145903757428,0.20059512721570635,0.5664697539572786,0.00019114294995467367,1.1428250003640109e-05,0.0014124174510910976,0.05621338888179522,4.937155589253375e-05,2.8076367732047958,-0.006076236984425934,2.6271997225045665
1.1654128893705614e-05,0.9935144450378754,0.006595300485345221,0.000885759367309039,0.24263487237887024,0.6143110756604273,0.0008522006368851987,0.0011061233471745665,0.0029198614815431024,0.0017334724306319186,1.1654128893705614e-05,2.8587752288193604,-0.0062735939467975545,2.672517159877958
1.8274541950238722e-06,0.9942852269031854,0.00015437894377796332,0.003000725950984363,0.1195014642778101,0.7438990871250836,7.645005271869494e-05,2.5717537986006094e-05,0.0002372103611583228,0.007362100789083341,1.8274541950238722e-06,2.866252792057866,-0.006312261804942463,2.6778811869335715
4.996862290963594e-06,0.9932219149914868,0.00015609132751433913,0.0060370700826298355,0.31860356561034153,0.5682463193844716,5.3168903383694785e-05,2.515412044833201e-05,0.0002929313384301702,0.003984294780344237,4.996862290963594e-06,2.8868199791829157,-0.006440283340554432,2.698562121555269
6.569263941274239e-07,0.9944186745933921,0.0006749187621919337,0.0016265280911583124,0.2608036439726324,0.6333852078611082,0.0005662875055891711,0.0011532010034448386,0.007376435667604563,0.13220703029213074,6.569263941274239e-07,3.030800566673483,-0.007048066545073597,2.838797582336888
1.5597789540330704e-05,0.9928960529110635,0.00011193814348504044,0.006516249105799517,0.40824164810166114,0.6014010289179397,0.0003540932478420626,1.0522909845133913e-05,0.0007173681999506437,0.009371121551757358,1.5597789540330704e-05,3.012757115358565,-0.007004608398612078,2.828066298287602
1.92363426519112e-05,0.9945234893209639,0.001775378181335419,0.0012939512970218123,0.2066333941662575,0.7590420308420117,2.0901600713301488e-05,2.614893208579461e-05,0.0002372103611583228,0.015856883034818813,1.92363426519112e-05,2.971838845094088,-0.006782795264721695,2.785407365329084
9.229508654051153e-07,0.9822284818942938,1.757141642416988e-05,0.0006354365809218489,0.29859053022341486,0.7399572176194309,0.0005115044020983018,4.639630665623211e-05,0.0004448005351070975,0.0458537067359198,9.229508654051153e-07,3.0666028275475923,-0.007173818578766681,2.8741078823326975
8.355639468826111e-06,0.9889487154955517,0.00010235567595260483,0.0003695384514814233,0.26324009753197775,0.6940434210551175,0.0013180110419614836,5.705622095419336e-06,2.9238899323610694e-06,0.12242178412044684,8.355639468826111e-06,3.065387415496712,-0.007204954806288944,2.876283946867944
3.661101757371577e-06,0.9936628910536915,0.0001313157718455332,0.0019988528066681613,0.06408581667637557,0.6560388044212722,0.00014432583252843885,4.807480933433375e-05,0.0006433454407569529,0.42504348132726855,3.661101757371577e-06,3.138405383255864,-0.007515618964181003,2.949781549450716
7.332789303737641e-06,0.9941658978849464,0.0038047030972376394,5.8313185079851234e-05,0.293828977139422,0.6657887050371294,0.002558650205008527,7.478240547274842e-06,0.003830461384847398,0.19884666475601503,7.332789303737641e-06,3.158073958371415,-0.007583341531499367,2.96834693661586
2.1647107017515294e-07,0.9906897883327351,0.0005047218341003839,5.937279906982581e-06,0.6341007337689168,0.5844098230063859,0.00012782306097937888,3.5273158683470355e-05,2.5348531291221246e-06,0.02683861004225522,2.1647107017515294e-07,3.2358781938360037,-0.007946834606217009,3.0520637259227517
1.910679067239104e-05,0.9944837806245737,0.0001566823728675606,0.0060020954521627255,0.3169360243087923,0.7438990871250836,5.349631423611757e-05,2.5526433685794822e-05,0.002086563447064443,0.16242532317439767,1.910679067239104e-05,3.218217464865263,-0.007842151812549939,3.0287744056831336
4.553282396405756e-07,0.99452484588301,5.133634851265456e-06,0.00041885285235707326,0.30814597883250333,0.7427246685611041,0.00023189516260110104,0.0014727440099905475,0.0038134987769499113,0.2861057899041001,4.553282396405756e-07,3.3362106739691284,-0.008321970377221252,3.13877686966306
3.661101757371577e-06,0.9918667219159727,9.548918390901614e-05,3.337869931707683e-05,0.5238953637402048,0.7290442548075013,0.0006228893265764183,4.9757682918809e-07,1.4047600397539115e-06,0.04874050061606552,3.661101757371577e-06,3.2908276383664172,-0.00817218035727197,3.1010875005783864
1.879999728162706e-05,0.9944837806245737,1.0387100140493246e-06,0.014355561374035767,0.3369741626870036,0.7438990871250836,1.856804001794309e-07,9.154255956229449e-08,0.002437514293933556,0.16391274850633478,1.879999728162706e-05,3.248240221968984,-0.007948774677681254,3.0584947886917324
1.024270821160703e-06,0.9940804726387231,0.00019063427873457683,0.002708041285722836,0.4696344321088552,0.7667663004491194,5.071713358924219e-06,0.00033826777873179775,8.423293918932028e-05,0.1485620379780235,1.024270821160703e-06,3.380508184506074,-0.008506880775074133,3.1850456542963426
1.92363426519112e-05,0.9945429881656854,0.001775378181335419,0.0015556098974614466,0.15504577630927333,0.7400486762255433,2.0901600713301488e-05,2.614893208579461e-05,0.0002372103611583228,0.5365385981434103,1.92363426519112e-05,3.421668675595934,-0.008676000281567788,3.230071514415115
8.3798012362696e-06,0.9833715009265195,2.794946091915025e-05,3.954064995147209e-05,0.6266280494464544,0.6223055559777088,0.0001942534790970861,4.600681861195723e-05,0.0001881231687731703,0.3041643481768145,8.3798012362696e-06,3.5315211486028995,-0.009176899841683017,3.349685551480858
5.826582680138867e-08,0.9889487154955517,0.00010465509241993228,0.0003695384514814233,0.26324009753197775,0.6526725137938105,0.0012486057419844334,6.508774886710043e-06,0.025796816610607957,0.5276075959060775,5.826582680138867e-08,3.459546049100069,-0.008800777830564268,3.2628838194647085
4.996862290963594e-06,0.9932219149914868,0.0004468221950916094,0.006142226051090264,0.3132697918909978,0.5682463193844716,0.011420872618691454,2.497486886990288e-05,0.0002929313384301702,0.6566831261248639,4.996862290963594e-06,3.5455373748499373,-0.00920103554940006,3.3527932759653756
1.132396412702861e-05,0.9925295363496471,0.00011460880860035192,0.0004357686437747184,0.6193297347481275,0.7434564823473934,0.0001969487113814093,0.00021317078291916786,5.440013730705072e-05,0.29313667851787517,1.132396412702861e-05,3.643038760861787,-0.009588528415825547,3.454886167102869
8.394699497474407e-06,0.9925295363496471,2.757518808348758e-05,3.342742106521308e-05,0.6225814758653672,0.6883298599940431,0.0001942534790970861,0.00021317078291916786,5.440013730705072e-05,0.3041643481768145,8.394699497474407e-06,3.6026244871761706,-0.009472702742187995,3.416643966014401
8.3798012362696e-06,0.992524525939186,2.757518808348758e-05,3.954064995147209e-05,0.6266280494464544,0.6883298599940431,0.0001942534790970861,0.00021317078291916786,0.0001881231687731703,0.3041643481768145,8.3798012362696e-06,3.606807587190331,-0.009488639154503306,3.420976082872253
3.661101757371577e-06,0.9917659904625066,0.00020762097486663945,3.337869931707683e-05,0.5238953637402048,0.7290442548075013,0.0006228893265764183,4.9757682918809e-07,1.4047600397539115e-06,0.5177562855272742,3.661101757371577e-06,3.759615822632704,-0.01007193336156513,3.5630388305600262
5.471048007285677e-07,0.9919276197250687,0.00014199439498907608,0.004884895542154387,0.6558280173792261,0.6955941033009055,0.00014207375870006932,3.5273158683470355e-05,1.286943621556858e-05,0.38062951267079664,5.471048007285677e-07,3.7277679822253886,-0.009943917987035917,3.5374441741858607
5.471048007285677e-07,0.9921236864292207,0.00014199439498907608,0.004884895542154387,0.6558280173792261,0.6955941033009055,0.00014316511229555513,3.5273158683470355e-05,1.286943621556858e-05,0.38062951267079664,5.471048007285677e-07,3.727965102525358,-0.009945282234249116,3.537620447751245
1.962521324787564e-07,0.9944644641219207,0.0001540083263820019,0.00012867064450324935,0.6558280173792261,0.7767957221408341,0.00014207375870006932,3.366970282159564e-05,2.9278602593813803e-05,0.38062951267079664,1.962521324787564e-07,3.807340912613168,-0.01018424459252502,3.610816155989992
1.9678397990320893e-05,0.9886724390519387,2.886475372328555e-05,5.277687003877079e-05,0.6621381360502301,0.5740811512419508,7.213168411395069e-06,2.5992754886352265e-05,5.994638049765341e-06,0.5502212233891526,1.9678397990320893e-05,3.7666145829768722,-0.010182096957436259,3.5881526879044867
5.223603574721071e-07,0.994461950412771,0.002327944437724044,0.00030446772540562895,0.8493450961068305,0.7126478435798832,0.00016420231047322258,0.00014704221664007744,1.286943621556858e-05,0.3859745687866892,5.223603574721071e-07,3.9439503968899072,-0.010751067722765791,3.7601586949803205
1.90559767036911e-05,0.9908788442610411,7.416070666192889e-05,0.0037472732388795812,0.7546606095509634,0.6801430412916146,1.6745382193766913e-05,3.916762957118277e-06,3.5495877190363435e-05,0.4977545114974381,1.90559767036911e-05,3.918663644119881,-0.01071142868744042,3.7385128487047603
1.9678397990320893e-05,0.9886724390519387,0.0010344593869668526,0.010791242785987538,0.8376263977273228,0.5740811512419508,7.213168411395069e-06,2.5992754886352265e-05,5.994638049765341e-06,0.5548650676449149,1.9678397990320893e-05,3.9582744287836165,-0.010886791881426668,3.787841565297032
5.826582680138867e-08,0.9943465437437884,0.00010465509241993228,0.0003695384514814233,0.8715132084277702,0.65369566304616,0.0012486057419844334,5.705622095419336e-06,2.9238899323610694e-06,0.4787592539274108,5.826582680138867e-08,3.9995633288540953,-0.011020476068088259,3.818313651555768
1.9678397990320893e-05,0.9886724390519387,0.005273978028659706,5.2780865926236964e-05,0.8376263977273228,0.5482808463731055,3.569124116709042e-05,2.614893208579461e-05,2.787534823144393e-05,0.6399314252888263,1.9678397990320893e-05,4.011033430212358,-0.011107940659556965,3.84113790477697
1.910679067239104e-05,0.9925308134345155,6.897729454567173e-08,1.3824194631887748e-05,0.8608330071225827,0.651308272290408,0.0013128215886923857,2.699291447964914e-05,6.527081331781766e-06,0.5579670680330641,1.910679067239104e-05,4.05518746123682,-0.011253455425064595,3.880781270182927
1.910679067239104e-05,0.9925308134345155,2.3204092531027558e-07,0.00035591900200659417,0.8958625349616258,0.6564617052386548,1.3363398651858092e-05,1.0763003869863885e-05,0.000221238464573537,0.5579670680330641,1.910679067239104e-05,4.094569064771179,-0.011405064064304016,3.921245409218456
1.6531100211312093e-05,0.9925308134345155,6.2417051027241115e-06,0.00035591900200659417,0.8958625349616258,0.6564617052386548,2.3416632179377753e-07,1.0763003869863885e-05,0.000221238464573537,0.5579670680330641,1.6531100211312093e-05,4.095180370179177,-0.011407489620717338,3.9212529144251618
4.542010524316892e-06,0.9933468573978929,0.0012168536950381732,0.005781062968886151,0.9589550197492908,0.5637520967445862,3.622149956062296e-05,4.638783619392966e-05,0.0001752749178373359,0.657421740902639,4.542010524316892e-06,4.176373886517958,-0.01175339058453702,4.0056733316231945
0.03342112396815472,0.00016110609890303122,6.843253521817144e-05,1.1699506214094502e-06,0.00010487071563306781,4.4652788182250485e-06,2.371294960645703e-07,7.185748534430533e-06,1.002937457043703e-05,0.00025897310722944057,0.03342112396815472,0.7887561561461125,0.03299824651234297,0.7850250346578723
0.03258167367979401,2.5519487422197753e-07,2.9962947838127898e-06,5.348831289244081e-07,9.72088186182952e-06,6.033399311275107e-06,0.000177990778653255,4.91319118818793e-06,2.3793205003122012e-05,2.6169446122018172e-05,0.03258167367979401,0.7919016518937839,0.032156438096795234,0.7889250014385426
0.03160132815441476,6.939019911582653e-06,0.0023853426066901486,6.506956997651218e-06,0.0005399276673198048,6.507814434533441e-06,3.317190800272444e-05,1.3381863673233903e-05,2.4965913113138573e-06,2.606983742198401e-05,0.03160132815441476,0.7985167440562156,0.031181367983845947,0.7965968624130632
0.048739167934497854,1.1821626805336261e-05,7.977725575854199e-06,3.9994033089939856e-05,0.00018088605908542435,8.722200193254138e-05,6.860252893972623e-06,3.515640735396167e-05,6.908689072848511e-06,2.62351711454672e-05,0.048739167934497854,0.7308881462365621,0.0484955191232757,0.7189741693066326
0.04598688679890106,2.305679863710127e-05,1.367880921467672e-05,4.0542422167747e-07,1.0551925394730772e-05,6.975580459416098e-06,4.539979167418457e-05,1.6025481711732547e-06,6.260845459315931e-06,0.0007985045877249103,0.04598688679890106,0.7407418461452855,0.045696745272587505,0.7296440607062539
0.03795736548222706,6.259335612580037e-07,7.562562435128905e-06,7.395096985410584e-06,6.28282298930754e-05,8.855506077902069e-07,1.7984743876026365e-05,4.944885048992476e-07,3.9446047183783265e-07,3.977231493207691e-05,0.03795736548222706,0.770024886643451,0.03756384991784927,0.7628260601621196
0.035420159403020894,2.9300862949696714e-05,0.00014759684158524762,5.8091088620168776e-05,0.0004037274703048689,1.3214338719804257e-05,2.919479796433849e-05,3.3695318101235404e-05,8.576237178681793e-07,2.5887030887805187e-05,0.035420159403020894,0.7807002592285845,0.035005981247696556,0.7753274022366129
0.03723695651181163,2.8644943195644125e-05,0.00026846710368251574,1.4820324890667987e-05,0.00018338402079285873,1.1667122930339533e-05,0.001147536448170184,2.9741576565743755e-07,6.427068201575562e-06,0.000992385225054317,0.03723695651181163,0.7751454382828054,0.03683301646968559,0.7687228313538194
0.03553324985157226,4.91021927931768e-06,3.6224981002738584e-06,3.9653280135709375e-07,8.736843715814366e-06,6.785528136182048e-06,3.9026057700118076e-05,1.2190300875488137e-05,5.9981446648157355e-06,1.6619793370059578e-05,0.03553324985157226,0.7796602203653495,0.03512092706504848,0.7742142462647376
0.0631396679079039,6.71827787453275e-07,9.668948172596239e-06,7.820689663484121e-07,0.00017737145777847998,5.8487804462136025e-06,1.4982340615616969e-06,2.2335623261800953e-06,4.161012657841604e-07,0.00011310020085374771,0.0631396679079039,0.6911602300934152,0.06314031697088514,0.6806405167554163
0.06667579285674319,6.71827787453275e-07,9.668948172596239e-06,7.820689663484121e-07,0.00017737145777847998,5.8487804462136025e-06,1.4982340615616969e-06,2.2335623261800953e-06,4.161012657841604e-07,0.00011310020085374771,0.06667579285674319,0.6843214335535266,0.06672773182570764,0.6752806443700746
0.05728134757194987,1.298682817123491e-06,1.1073250230971197e-05,3.6397475207981334e-05,8.676922193517926e-06,1.337881136115186e-06,0.0006409728606734201,2.7439306293876803e-06,7.076053856911391e-07,2.3131979852322398e-05,0.05728134757194987,0.705515017293793,0.05718548716594886,0.6935579839524734
0.06957062371057214,6.151832387623048e-07,1.9118397475690012e-05,5.6892965609740804e-05,3.950279874370685e-05,6.0201633351137015e-06,2.9195404265583436e-05,4.944885048992476e-07,6.92410814606322e-07,3.977231493207691e-05,0.06957062371057214,0.6795742159972058,0.06966059260934913,0.6720133747720202
0.07708462003163385,5.870740030372142e-07,7.388690868465041e-06,4.897950180199074e-07,6.251200378198076e-05,6.0201633351137015e-06,1.7984743876026365e-05,4.944885048992476e-07,3.9446047183783265e-07,3.977231493207691e-05,0.07708462003163385,0.6716525640062599,0.0772460316825738,0.6688457943487344
0.18316093970439276,1.5366638258000825e-05,6.5607268250361056e-06,0.0005147256900334244,0.0003990309692537898,4.8073366848826956e-05,0.0005697075065752748,4.694607688802817e-06,6.082710962482596e-05,1.3439351681204854e-06,0.18316093970439276,0.6657388868796862,0.18350481823344267,0.666393432404725
0.18841453013127843,2.1375749953983166e-05,5.327047638088317e-06,0.00012809736178444082,0.00033143132474950493,1.9935953621192725e-05,0.00011967053050198128,3.203843848269972e-05,4.09914289275219e-09,8.99235474680644e-06,0.18841453013127843,0.6335275481375848,0.188760330548781,0.6321693414133563
0.1830380854511905,5.352764046752783e-07,3.764574362476387e-06,2.5623740914302376e-06,0.0009580707137668343,8.986612908982795e-07,0.000759031005092784,1.609887653314893e-05,4.231583235858758e-07,0.00012248760525281245,0.1830380854511905,0.6666212372238108,0.18337611094320921,0.6674438276311218
0.20047355117722784,4.1064337572654825e-05,0.00024932341516520676,0.00031535087791958354,0.0011507809349954503,6.33088197546852e-05,2.9573012219454472e-05,0.00019324256193898516,5.3853463585895635e-06,7.050361640507282e-05,0.20047355117722784,0.550919431384382,0.2007705760982472,0.547499347978294
0.20270874397295444,0.000163137709516106,0.00014259056392717357,0.0005152756463951628,0.00012368444691286836,6.332661044144624e-05,0.0006491082383367839,0.00023056549915696512,0.0003685155931777653,0.000127215128337869,0.20270874397295444,0.5343860790055057,0.20299270370919692,0.5310510245133188
0.19927723442347028,1.0872504290665735e-05,0.00014636941442952708,1.85770433437921e-06,0.00040963746699846385,6.990904594721509e-06,0.000759031005092784,4.1004253748487265e-05,2.8739799017481923e-05,0.00012259219850607446,0.19927723442347028,0.559306056202039,0.19958259861759617,0.556109551790191
0.19626475233345486,0.000656337637943819,0.000282902433767608,0.0017784215780877561,0.003794433883418218,0.00044087175799294696,0.0006785328157318589,0.0002404237570463982,5.1739524408052776e-05,0.00012269248364348223,0.19626475233345486,0.586227924411232,0.1965856586489072,0.5826146422307207
0.19626475233345486,0.000656337637943819,0.000282902433767608,0.0017784215780877561,0.003794433883418218,0.00044668743904802203,0.00033654741592344556,0.00017036318726210882,5.1739524408052776e-05,0.00012269248364348223,0.19626475233345486,0.5859113269239339,0.1965860435037522,0.5822592263114404
0.18939038111124565,5.352764046752783e-07,3.7124850660214234e-06,2.3197255963505748e-06,0.0006676932177227971,6.034044081329597e-06,0.000759031005092784,1.5533245674690913e-05,4.231583235858758e-07,0.00012248760525281245,0.18939038111124565,0.6280080712711072,0.18973210333619425,0.6264514470394823
0.21453648250853447,6.267973352042507e-07,9.309107087916932e-05,2.583636298901296e-06,0.00016570508238446724,6.804862051119311e-07,6.732167835704126e-06,1.1409982261977002e-05,3.224481675507726e-07,7.593597841650468e-07,0.21453648250853447,0.44243204304928924,0.2146782475770973,0.4412442718039896
0.21652250309568533,2.5340799674111886e-07,0.005977226448118032,1.1652527107096216e-06,9.187536612478167e-05,1.2576227507370184e-06,6.732167835704126e-06,6.399153941545012e-05,3.224481675507726e-07,2.133202343395546e-06,0.21652250309568533,0.4319867888498909,0.2166665097771215,0.4315152994426138
0.21453648250853447,6.267973352042507e-07,9.248024992425934e-05,2.583636298901296e-06,0.000278282105059045,5.422954675536625e-07,3.910889575828354e-06,1.7184610836488416e-05,3.224481675507726e-07,7.593597841650468e-07,0.21453648250853447,0.44252024665595835,0.21467776006586334,0.4413301310991643
0.20628455972138895,0.000656337637943819,0.0002487895428792507,0.00027266707604240017,0.0019452241340581907,7.029811472628457e-05,0.0001473330704399189,1.639306445218253e-05,0.0011142428471044242,0.0001237199067045628,0.20628455972138895,0.5089033458270948,0.20652807707035573,0.5057283583714564
0.2097064034888902,9.106493971717746e-07,1.3983318075323868e-05,1.5024736907948385e-07,0.00010609942648336802,1.5439192504276287e-07,2.781789733205188e-06,6.930602834512427e-06,3.1026915504762315e-07,2.159293238308378e-05,0.2097064034888902,0.47922025352450537,0.20991368760095178,0.47687416607699273
0.2118835314479433,1.2461851035285815e-05,1.5074902127244258e-05,1.488867230946545e-06,9.986020854653967e-05,4.2065945472369495e-05,1.2096321998743731e-05,2.6578584152091744e-06,8.451929082734048e-07,0.0009524522909286804,0.2118835314479433,0.4632906713147384,0.21206163186866173,0.4615031667428905
0.22751299029478472,2.4165462459856966e-05,0.00011259036368826117,0.0005296760742204288,0.001952007585967991,3.864125112768118e-05,0.0001708602551235146,3.0522096908672625e-05,1.9660736347339655e-07,0.00023117347170466986,0.22751299029478472,0.35230776322133817,0.22742199600178115,0.35490764997116264
0.22769973389716808,7.010298483056287e-06,0.0023919413814736915,6.506956997651218e-06,4.898962056413154e-06,6.507814434533441e-06,1.4943023809859075e-05,5.036348934437935e-06,3.3024107721626203e-07,2.6170006044983963e-05,0.22769973389716808,0.3506283084270576,0.22762365380694605,0.35342978865677244
0.2385613912052952,2.0867458440853652e-07,1.1242205421295202e-05,7.557227283603731e-08,5.988286782522613e-05,1.3624784308004165e-06,3.350339815610066e-06,7.779060774337674e-08,8.812900525902633e-07,2.9906054811039492e-06,0.2385613912052952,0.2883100003781804,0.2382449394038554,0.2925927352986001
0.22396313347858476,1.1329193549350557e-05,0.000144151568128267,6.416744330066892e-05,0.00025051904315479776,6.463792340623047e-05,0.0001473330704399189,1.639306445218253e-05,0.0011164030790240568,0.0005412029978939598,0.22396313347858476,0.37542739116173346,0.2239469922463779,0.37707640213561977
0.22549459121044702,0.008190096890297503,0.00019884764480476667,2.5097366100972346e-05,0.0015354922112499714,8.511593466427767e-06,0.00018539041017742717,5.044547213699113e-07,0.00037156793851904243,2.441007863440805e-05,0.22549459121044702,0.37127433457576464,0.2254580244819686,0.37192067777588067
0.25111412905721997,8.149217238640745e-06,6.720072521017852e-05,1.5237414444539756e-07,5.988286782522613e-05,7.376100479790051e-06,1.862578476483312e-06,6.47447527006922e-07,1.0370780257547533e-05,2.1262558055840532e-05,0.25111412905721997,0.2480593663962665,0.250531116103,0.24872204301556933
0.252310307197227,9.667816750344547e-07,1.1242205421295202e-05,7.557227283603731e-08,5.988286782522613e-05,6.508805164335712e-06,3.350339815610066e-06,7.779060774337674e-08,8.68270568164103e-07,8.458241432926102e-07,0.252310307197227,0.24611174990711845,0.25170288634014826,0.2460005894553784
0.25171244813908755,9.667816750344547e-07,1.1242205421295202e-05,7.557227283603731e-08,5.988286782522613e-05,6.508805164335712e-06,3.350339815610066e-06,7.779060774337674e-08,8.8118167435091e-07,8.458241432926102e-07,0.25171244813908755,0.24700499883337312,0.25111703774993654,0.24728807539060915
0.2458474566012384,0.00016110609890303122,8.728441713725159e-05,2.5620756412381307e-06,0.00013901672789264283,1.155744549955942e-05,3.0117647575216117e-05,7.31860501865337e-06,1.0370780257547533e-05,2.159293238308378e-05,0.2458474566012384,0.26076571086636413,0.24537432493337585,0.2638556399690076
0.2455082473467512,3.067336524929207e-05,4.906378647452066e-06,5.6721283304139074e-05,0.0003807410149175982,1.845569113064254e-06,2.919479796433849e-05,3.3695318101235404e-05,8.576237178681793e-07,8.99039342301458e-06,0.2455082473467512,0.26185615745196267,0.24504095876868554,0.2650600276563947
0.24112695181489202,8.258021362282287e-08,6.543947350865243e-07,2.81181484510114e-06,0.00016570508238446724,8.5657207208069e-06,6.730391899019301e-06,1.5722346625076188e-07,2.5408304833928545e-07,7.593597841650468e-07,0.24112695181489202,0.2772741825548795,0.24075459218925635,0.28139835455015805
0.25938448586982393,0.0009214964082673811,0.0003233920818570931,7.478957529561345e-05,0.0007444924010176927,8.671331890747133e-05,0.00020387926235503783,0.00019288684099838012,0.0013751413659394698,0.0009581507157012691,0.25938448586982393,0.2461484680084855,0.2586449267008727,0.2397709257855104
0.2590935919571925,2.5519487422197753e-07,0.00012977893466269144,5.471174687035e-06,0.0001996866752146011,6.491139513535213e-06,2.711349362908023e-06,4.91319118818793e-06,0.004420349005817703,2.58902660505723e-05,0.2590935919571925,0.2459718134222675,0.2583682577787774,0.2398689284942067
0.2606310985716337,2.0867458440853652e-07,1.1242205421295202e-05,7.557227283603731e-08,5.988286782522613e-05,1.3624784308004165e-06,3.350339815610066e-06,7.779060774337674e-08,8.800898625075416e-07,2.9906054811039492e-06,0.2606310985716337,0.24330973971458916,0.25986885895270556,0.2354867330806748
0.4118290974049218,2.6731873720548004e-05,0.00036631359958272136,6.000417343944212e-05,0.0225585249150232,0.0011333576414425345,3.5240784981459548e-06,4.806196394734579e-05,0.00023200753680593011,0.003583260917106478,0.4118290974049218,0.22780025029420245,0.41239344221357394,0.22718675491532803
0.4118290974049218,2.677882435220066e-05,1.1794631643314456e-05,1.013730974866988e-06,0.01724609667817641,0.009739606683331856,3.31745230800994e-05,4.8609097125798826e-05,1.650208511875153e-05,0.0015652664744623618,0.4118290974049218,0.22826307518671343,0.4123901961234104,0.23209144938677817
0.4118290974049218,2.677882435220066e-05,3.0302592740306803e-06,1.013730974866988e-06,0.0007153464601038087,0.00015605747764791238,7.69505602865179e-06,5.182130332634788e-05,1.650208511875153e-05,0.003584050652682835,0.4118290974049218,0.21181457618708457,0.41244645050032647,0.2129845522211683
0.4279088396300257,7.156219239447458e-07,0.0024578618573140583,5.776050012193472e-05,9.929912696406194e-05,1.2766760390266087e-05,2.0462218282471256e-05,3.3695318101235404e-05,8.576237178681793e-07,6.508857125834236e-06,0.4279088396300257,0.01873637528809738,0.4279840642448281,0.01903640413557095
0.4279088396300257,7.156219239447458e-07,0.0024578618573140583,4.477244074565159e-05,9.929912696406194e-05,4.715165973809291e-05,3.285809771639094e-05,3.3695318101235404e-05,9.31758396283496e-07,0.0010817443026359874,0.4279088396300257,0.019483306425688775,0.4279760248274568,0.02009663466961864
0.41815385121815984,2.5105070836395836e-05,0.0011922940335215863,7.478957529561345e-05,0.001342344076501085,8.671331890747133e-05,0.00020387926235503783,0.001069252997598383,0.0009077930974461833,0.0009728852113888918,0.41815385121815984,0.13156824290454133,0.41857795210471654,0.13399205585535912
0.42078820227632274,1.145771584327398e-06,0.0007770074158657799,5.498191076946641e-06,2.3163102990283455e-06,1.7182409470523787e-06,4.16830928872314e-07,5.389302533381135e-07,3.3024107721626203e-07,3.765078087044599e-05,0.42078820227632274,0.09619062522516175,0.42111925715913495,0.09857406701041493
0.42115132016495205,6.267973352042507e-07,8.245777522440984e-06,2.583636298901296e-06,0.0003578271221221753,2.3071081323359656e-06,6.732167835704126e-06,2.6315712293860836e-06,3.224481675507726e-07,5.364695091491891e-07,0.42115132016495205,0.09159055104892529,0.4214651928250704,0.09372577674471494
0.4141945845061303,0.000580404482764965,0.0016026637870328363,0.0006283681144176669,0.0017874239043039646,4.1320185841057235e-05,0.0006427711063049883,0.00017878079845546054,0.0005931713335052722,0.00010546771558165952,0.4141945845061303,0.18195837821506172,0.41476745539397203,0.18342600247113827
0.4125068446723993,0.0008845471187827121,0.0011922940335215863,7.478957529561345e-05,0.0012928663888276872,8.671331890747133e-05,0.00020387926235503783,0.00023812993976248697,0.0009077930974461833,0.0009728852113888918,0.4125068446723993,0.20376831943087,0.4131271960769334,0.20464469094921978
0.4140536854584143,1.5417042789642826e-05,0.00023798204853213287,0.00011113412599478443,0.013276431140875804,7.026234836397958e-05,7.186698466525511e-05,1.5201576301212107e-05,0.00013901971247223447,0.0001840097511203293,0.4140536854584143,0.18919678730405362,0.41459285594527195,0.18923363397861315
0.4389007393255889,2.7470996265532466e-05,5.769872666303655e-05,8.187780447244796e-05,0.0004666843490242804,7.386406069400785e-05,7.385891997048464e-05,5.37061629671361e-06,0.0002118933704356209,0.00012269248364348223,0.4389007393255889,-0.0742334340625983,0.4386203180707761,-0.0820877144435801
0.4369934549746512,5.256003964157651e-07,3.208390371952378e-06,1.036573989574983e-06,0.001993797803663121,1.6389010738432548e-05,9.174148553036759e-07,2.0998619558602668e-05,1.55772514748355e-05,6.528534212054992e-06,0.4369934549746512,-0.06069309571468818,0.43675914067712374,-0.06729874877681785
0.43588459013890285,4.363778282724733e-05,0.00014186425196404274,4.799656409121608e-06,0.0008220548357610026,0.0001965711129286284,0.00031474643995671757,0.00025852111740099556,0.00043290672264069543,0.002007393161202684,0.43588459013890285,-0.051110159134617764,0.43567236345232757,-0.056184765774952794
0.433715955299117,0.002317754954294408,0.0001406552131281984,3.4648871905753744e-05,0.00017467854422770226,1.6782274893121214e-06,3.1016789037316505e-05,3.3695318101235404e-05,3.743467433801928e-06,9.116942287398275e-05,0.433715955299117,-0.03486157194449265,0.4335737036712867,-0.038309334456709254
0.4485403613776956,4.304390544483289e-05,0.00014958573449924833,3.4099816088074813e-07,3.974229752643944e-05,8.628323136393894e-05,3.8116677866552152e-06,3.162963637855019e-05,3.0786137264543644e-05,9.189922514401213e-06,0.4485403613776956,-0.11753806508425456,0.44810939005830813,-0.131063361416076
0.4535082564983341,6.267973352042507e-07,9.309107087916932e-05,6.763123680377908e-06,0.00016570508238446724,8.5657207208069e-06,6.732167835704126e-06,2.2183891922750427e-05,3.224481675507726e-07,2.720649082002629e-05,0.4535082564983341,-0.12396710578303897,0.4530880211064825,-0.13822141203189964
0.6293347350079477,0.00022767916121131537,0.0002441538490299258,0.0005130043330349478,0.0014186254499657888,6.109436732172535e-05,0.00012931603051414845,0.00022375522418034357,0.0013747529176128927,6.294901958152994e-05,0.6293347350079477,-0.292037672356882,0.6294159043859117,-0.29336847366796287
0.6288694988431516,6.939019911582653e-06,0.002428609632944655,5.4373351144509855e-06,7.2675438148457e-06,6.507814434533441e-06,2.919479796433849e-05,1.351529907686532e-05,4.840592922181566e-07,2.606983742198401e-05,0.6288694988431516,-0.2868090493802112,0.6289703769252895,-0.28801617681847197
0.6281438335268478,2.515594065578923e-06,1.1242205421295202e-05,7.557227283603731e-08,5.8956599244550224e-05,1.6413205490510228e-05,0.0007201198851172353,7.779060774337674e-08,8.8118167435091e-07,1.1028448922634165e-06,0.6281438335268478,-0.27786277973448353,0.6283199874043792,-0.2795218274504444
0.6226139660498211,4.1064337572654825e-05,0.00024932341516520676,0.00031535087791958354,0.0011507809349954503,6.33088197546852e-05,6.353375074053979e-05,0.00019324256193898516,4.041802895074898e-05,7.050361640507282e-05,0.6226139660498211,-0.19378186542672443,0.6233414931359507,-0.19612520716824655
0.6205687762486826,3.0162850042619996e-05,2.4399494667191718e-05,1.8383946522577273e-05,0.00016618232076159907,1.1667122930339533e-05,4.539979167418457e-05,6.8931657377701275e-06,3.0786137264543644e-05,2.177304652866186e-05,0.6205687762486826,-0.16121972679767727,0.6215243182064949,-0.16312056008937947
0.6240290377446325,3.6021422032501556e-05,1.063097008802179e-05,0.00013025371859192857,8.806602852327816e-06,6.0076251308036905e-06,4.0932706239271024e-05,7.01141490630586e-08,8.603172282366019e-07,0.008354196128747434,0.6240290377446325,-0.21234410835266418,0.6245865985799562,-0.21463345561919012
0.6195454010683547,2.8085441636434318e-05,0.00026846710368251574,1.9968652856456117e-05,0.0003294161129747227,1.1667122930339533e-05,0.00048580384865170846,3.0948241974022225e-06,1.7702412891138384e-05,0.0004774189149478102,0.6195454010683547,-0.14308071521771398,0.6206168567528382,-0.1444783865439485
0.6195454010683547,2.8644943195644125e-05,0.00026846710368251574,0.00030670037577399994,0.0005261684927251175,1.1667122930339533e-05,0.0005214465271511081,3.0948241974022225e-06,6.427068201575562e-06,0.000992385225054317,0.6195454010683547,-0.14245966134049004,0.6206156977820038,-0.14382714138545472
0.6358809757359635,9.18723014542449e-07,0.0018189107930282006,2.156428785283312e-05,1.360730747755669e-06,1.5753971064748546e-05,1.7820007706260845e-06,2.5113064870744408e-05,7.811328342229642e-08,9.51181872775223e-05,0.6358809757359635,-0.37057605407783323,0.6354585931073196,-0.36884020244843296
0.6366546020765478,1.1181942423379532e-06,1.1999771029959917e-05,3.264263467028292e-07,0.00020558242689411,8.455215591756859e-06,2.7266338758604253e-05,1.0924398858143012e-05,7.336055991353449e-06,2.6290208882923752e-05,0.6366546020765478,-0.37924121557762674,0.6361956128673705,-0.37737706685894556
0.6502873242715201,4.91021927931768e-06,1.0664031425819756e-05,2.597886227874001e-06,8.736843715814366e-06,6.785528136182048e-06,3.729620427689832e-05,1.2190300875488137e-05,6.128405555527178e-06,4.068367546604468e-07,0.6502873242715201,-0.4566112349464636,0.6493433055368403,-0.4559562861554647
0.6548202386644054,1.2143301072878565e-05,0.00019869874012249915,2.4549681877620694e-05,0.0008237493366100323,8.574519186026834e-05,0.0006736221919223085,5.692543651335326e-05,0.00036777339238754206,2.218505804790302e-05,0.6548202386644054,-0.4551868109222103,0.6538546379264727,-0.4598789091141618
0.6548202386644054,9.034015675195964e-07,0.00019869874012249915,2.4549681877620694e-05,0.0008237493366100323,8.511593466427767e-06,0.0006736221919223085,5.692543651335326e-05,0.0003687563682205981,2.218505804790302e-05,0.6548202386644054,-0.45523894161415157,0.6538554789438813,-0.45993420685998426
0.8232288792316103,0.00021944536642396712,0.00025084710320160075,0.00027272014534840465,8.214130694294739e-05,0.0013892865493609016,0.0010858888285119723,6.778493202328583e-05,0.0003910227677816543,0.00012407663092335022,0.8232288792316103,-0.4540334626443854,0.8239810706141031,-0.47546994953924115
0.8227632106633843,2.9300862949696714e-05,0.00014759684158524762,5.776050012193472e-05,0.0004037274703048689,1.2766760390266087e-05,2.919479796433849e-05,3.3695318101235404e-05,8.576237178681793e-07,2.5887030887805187e-05,0.8227632106633843,-0.4461550860289613,0.8235632868074256,-0.46997513530815577
0.8227632106633843,2.9291061727424724e-05,0.0022518943483823455,5.776050012193472e-05,0.0004037274703048689,1.2766760390266087e-05,2.9236311542728677e-05,1.0526934763744015e-05,4.371628886261367e-08,2.5887030887805187e-05,0.8227632106633843,-0.4450174029972489,0.823561015594673,-0.4686677760927481
0.851831303411859,1.8836369300246724e-06,1.3640171198026727e-05,2.7274590392285177e-05,8.736843715814366e-06,4.5806889104599785e-06,3.694840172997207e-05,2.4762109521855768e-05,5.1739524408052776e-05,3.1745149677239455e-06,0.851831303411859,-0.773275982535106,0.8503787595504706,-0.7963663936935717
0.8567507175503265,4.257599271718299e-06,2.985259624608914e-05,7.202719259385707e-05,8.736843715814366e-06,5.594976802605865e-06,7.848362205869642e-06,2.6626986280264733e-05,5.1739524408052776e-05,3.7142312795773737e-06,0.8567507175503265,-0.7630506487759738,0.8549856563752951,-0.8110506707095222
0.8410579248504344,1.4456500569249215e-07,6.175523854200002e-05,8.577901606731582e-08,2.4157717181824966e-06,9.351023195034918e-06,3.453877573115069e-06,3.7292737328776532e-06,1.9423257362962777e-08,0.0002427448184248245,0.8410579248504344,-0.7250051022959109,0.8403689454217098,-0.717311262628097
0.8360786951973533,7.967151324314792e-05,3.0269905985953025e-05,8.134338320586634e-05,0.0008941320521098563,0.001193393170743686,0.00021399098592956203,0.00027495674165891465,0.0002884904361905081,0.0001951588948520748,0.8360786951973533,-0.6699916800482,0.8357729506931968,-0.6601160405980783
0.8322058851600331,3.6916868300886382e-06,0.00014756099070023507,1.3014767648672872e-05,0.00020249566562568894,4.8059563324694104e-05,0.00017863412637056944,4.91319118818793e-06,2.3793205003122012e-05,2.6132509650261795e-05,0.8322058851600331,-0.6174247346692426,0.8322163024428627,-0.6117994115868077
0.8311671615621689,7.156219239447458e-07,0.0022765674655371004,3.292991826167185e-05,9.937493460747743e-05,7.657058217915946e-06,2.0462218282471256e-05,3.3695318101235404e-05,8.576237178681793e-07,6.508857125834236e-06,0.8311671615621689,-0.6002203168270789,0.8312618906653463,-0.59620989706895
0.8263701652749921,0.00027181686051056696,0.00019717367309814333,0.0009192630031827863,0.0019452241340581907,7.694387830553782e-05,8.759151092614262e-05,1.5614090954438276e-05,0.00033186416860407435,0.00019465289040443927,0.8263701652749921,-0.5157788873937702,0.8268742392969289,-0.525366111894984
0.8279683097884863,2.7856056923441572e-05,7.977725575854199e-06,3.934894658750032e-05,0.0001812619702820697,1.3214338719804257e-05,6.597550646253672e-06,3.400740715308939e-05,6.908689072848511e-06,2.5887030887805187e-05,0.8279683097884863,-0.5471754449966825,0.8283288265904811,-0.5513956307632818
0.8287443035991284,6.266651386653736e-07,3.3429077606166227e-07,1.2763838379098274e-06,7.2675438148457e-06,1.1772054861039248e-05,2.1781125941597586e-06,2.388219104593028e-06,4.830071617244212e-07,1.7069404532958874e-07,0.8287443035991284,-0.5610746125220779,0.8290392188443317,-0.5630672596814648
