x0,x1,x2,x3,x4,x5,x6,x7,x8,x9,f1,f2,predf1,predf2
0.010360982339069598,1.4161891712425173e-06,1.291408248187783e-05,1.7675122718320012e-07,4.801489212847758e-06,4.3075537591309845e-08,0.0006180741334940855,2.7600893790851504e-08,8.951801575998082e-06,1.1922390350021393e-07,0.010360982339069598,0.8955114542724266,0.012371102507109495,0.9005724672478043
0.012482551066563766,6.502130204288885e-08,1.721440295846948e-06,7.114575401320372e-08,6.805228875126957e-06,1.077798366887934e-06,7.051147841486765e-06,8.749546482724663e-06,6.4931957228600284e-06,5.264239972090429e-06,0.012482551066563766,0.8835393345369305,0.014443119905729053,0.8957260675441551
0.011287789580888183,1.1410706445076105e-08,2.4110576052949326e-06,8.15426210352371e-07,1.0113230940470577e-07,9.689438977081285e-07,4.261267244202398e-05,4.139032945214926e-07,1.2037851820212997e-05,0.00023274752716325828,0.011287789580888183,0.8901131271663455,0.013277452047898472,0.8983513155502262
0.007762644486825262,4.704866544210908e-05,3.1155694675330154e-05,3.0371722293843305e-05,1.3536698291699573e-05,2.2377376516905503e-05,0.0009753104515822545,1.4990228022729674e-05,3.8933332632748414e-05,0.0005101774172260383,0.007762644486825262,0.9116295085652678,0.009834137600289132,0.9068469013202008
0.0049862630041176805,2.931828483336578e-07,4.939530306776394e-07,7.114575401320372e-08,6.805228875126957e-06,1.134596056225755e-08,5.248671588389235e-05,8.433945002416245e-06,6.778200485975508e-06,5.264239972090429e-06,0.0049862630041176805,0.9286864169395904,0.007144702348268583,0.9104175270238385
0.006585221289540907,3.4428443802327968e-06,1.3629092818554497e-06,0.0002972809380090469,9.298620333937727e-06,1.3369528905331861e-06,0.0002845652647865183,3.220878497679043e-07,2.7955781471963287e-06,7.008545434358754e-06,0.006585221289540907,0.9180807367192952,0.008698061263849076,0.907885149463077
0.003207649422552663,1.9590360021164744e-06,2.963295383041369e-05,2.7466616261995404e-05,1.3536698291699573e-05,4.446835395930035e-08,0.00010658537411565672,1.4990228022729674e-05,8.469334371077834e-05,0.00011409459002885905,0.003207649422552663,0.9434230690547576,0.0054127685983297895,0.9142592522903589
0.0022555185198204317,3.230793836575484e-07,4.939530306776394e-07,3.1141460848730164e-06,7.723165784466474e-07,2.643525153116639e-06,6.97408581065185e-05,9.827334476796333e-06,6.778200485975508e-06,5.264239972090429e-06,0.0022555185198204317,0.9524446177298903,0.00448852957284931,0.9158041202259909
0.0036068412735793696,4.368124555546809e-05,5.424742523141845e-06,7.294017460836308e-06,2.0343276067258814e-05,4.8231891911070625e-06,4.7710461174984244e-05,0.00015020591026901003,0.000752781141695464,3.006618570509864e-06,0.0036068412735793696,0.9405393821706098,0.005799369784564214,0.9140895490496651
0.0012803759201507631,5.788544826833621e-07,2.839047273115402e-06,2.692056111940688e-05,3.6691937091107414e-05,2.660437950820158e-07,9.091480900043395e-05,4.632936878439478e-06,1.274256790056265e-05,0.00012923559181142005,0.0012803759201507631,0.9644655400335209,0.0035389668704552913,0.9179658400136806
0.0008152273386328485,3.350913168274095e-07,3.5225911059627547e-07,6.281373353484755e-08,3.8027038407928823e-07,1.4634409784794527e-07,0.00016446546202958975,7.917719243020224e-08,5.224444566924311e-07,9.099825127469411e-07,0.0008152273386328485,0.9715918033765604,0.0030873955888129786,0.9187273086925586
0.0008152273386328485,3.350913168274095e-07,3.5225911059627547e-07,6.281373353484755e-08,3.8027038407928823e-07,8.507419846238865e-06,0.00016446546202958975,7.917719243020224e-08,5.224444566924311e-07,9.099825127469411e-07,0.0008152273386328485,0.9716000450990431,0.0030873705552113156,0.9187351765671804
1.4445006862788314e-07,0.00016787744354493402,7.08921245417444e-05,7.1137802245911e-05,0.0003931840912227314,0.00011992935987142938,0.007131004433125884,0.0010107512825683629,0.002295636653474319,0.0006348313319157986,1.4445006862788314e-07,1.0115129248421169,0.0022110056550145524,0.9335033105791358
7.290617314067784e-06,2.3595885116341917e-07,1.9471974177367124e-06,3.077540119021773e-08,4.9328031683483475e-06,4.2723731212962476e-08,0.0003536115519752546,1.3225103814514932e-06,8.927573508635208e-06,6.072122675024e-05,7.290617314067784e-06,0.9977310734819271,0.002299762916343202,0.9206329520632316
1.0102586687053992e-06,3.7083627534157556e-05,0.0013783183621288127,8.225880094977665e-05,0.00017244415882086388,5.476491784169047e-05,0.007571494937087879,4.366645980253581e-06,0.0006370039049791528,1.4571648860309608e-05,1.0102586687053992e-06,1.008942201495879,0.0022177718148775286,0.9316201270586287
1.447284736537105e-06,0.00041830036077070436,0.001961459850257499,0.0001279551315919688,0.005253962282879194,0.00011920303554542536,0.006864288992212363,0.0006650176715114048,0.002829906844729367,0.02600690860309348,1.447284736537105e-06,1.0430176440332142,0.0019960165691048203,0.9714358066613419
1.0102586687053992e-06,1.7315482867707558e-06,0.0013783183621288127,7.899838601476696e-05,0.007835297927836615,2.945415279284504e-08,0.03934915217877676,6.074082385765455e-06,0.0005014459485651022,2.3431468125039503e-06,1.0102586687053992e-06,1.048123868633982,0.0018832064931933049,0.9778244721193315
0.02886521834718229,2.931828483336578e-07,4.939530306776394e-07,4.123106807182512e-08,6.805228875126957e-06,1.134596056225755e-08,5.248671588389235e-05,1.253894815763616e-06,8.362888287655493e-07,5.264239972090429e-06,0.02886521834718229,0.8074312021513883,0.030426011320970777,0.8642315892997411
0.024985318901574193,5.693366590354587e-07,1.211651982495299e-07,6.489978101534471e-08,2.5547534539127868e-09,1.9843041841661984e-07,0.0003872383885155825,1.5186270045018925e-06,5.224444566924311e-07,8.858659243502185e-07,0.024985318901574193,0.8246336244133445,0.026633628371232773,0.872016816914822
0.02746279108373354,5.705744197192489e-07,3.5921609105866457e-07,7.642805342990752e-07,3.680880530743934e-08,1.5934967108800877e-09,9.818232278496843e-06,1.7163843581599285e-07,0.00011666044706097206,4.291783566255279e-05,0.02746279108373354,0.8135760880373407,0.02905571834294235,0.8670090906266649
0.015629033674195474,9.485696556018167e-06,1.0942909079171258e-05,2.7521816019430456e-05,1.3417125662757625e-05,8.018021014350577e-05,0.0005033291609656081,1.800566698564865e-06,6.914339412867121e-05,0.00012185418531095403,0.015629033674195474,0.8683999688292094,0.017503473928598957,0.8905250774906376
0.01988186634413703,5.21523424738208e-05,1.2735954580421249e-05,6.434355245842839e-08,2.616784795537839e-07,1.8265776522925714e-06,9.481555840510297e-06,7.340426276765322e-06,5.224444566924311e-07,1.6212983012976765e-08,0.01988186634413703,0.8474488866824573,0.021656431522807627,0.8814588976107284
0.02117406714441917,1.158588827811925e-06,4.469144725503648e-06,7.478277128617577e-06,1.98039037486757e-05,1.0840572960648974e-09,0.0005225374392256935,3.7535510528732883e-06,0.000715924145741336,3.006618570509864e-06,0.02117406714441917,0.8426030205278001,0.02290943846962064,0.8802524074035752
0.015168770280242444,2.8858956500160943e-06,3.4863304059262574e-07,6.923974292018978e-06,2.0973443662092586e-05,2.591167529474998e-05,0.0005423180148100267,2.1274511561705855e-06,9.198821728102632e-07,7.3499327925318995e-06,0.015168770280242444,0.870452612978931,0.017055672019758626,0.8911769792937839
0.01469718195802164,1.1110632162420083e-08,8.326441912641573e-07,1.848375709146054e-07,3.684108597944536e-06,1.0193166516144283e-08,0.00016388850099795116,6.857979946471488e-09,2.6237469291006005e-07,9.889240464291219e-07,0.01469718195802164,0.8723801371879871,0.016599734115304646,0.8915856015690337
0.04009460827568067,4.6541350598010856e-05,3.317898249028065e-05,1.522859009033869e-07,2.5257146502966278e-06,1.092731348481286e-07,0.000387609523097174,3.748878943192063e-06,1.6559872803216797e-05,5.481835175796484e-05,0.04009460827568067,0.7620853864340444,0.041404440461605706,0.8435203347807755
0.036584253028924756,1.4014675953419543e-06,2.0820106379708987e-05,1.1704015630432551e-07,2.0973443662092586e-05,1.8171802491099745e-06,0.0003644399072290466,1.0973878429228894e-06,3.990889111648502e-08,3.200576597043843e-05,0.036584253028924756,0.7757475332110128,0.03796950320843175,0.8500193636823102
0.039364260814801946,4.1826507055281956e-07,1.2452538545833395e-05,8.28426671607782e-08,2.616784795537839e-07,2.9008878015154188e-05,0.0001798659739409315,1.1283901133966292e-06,2.91622703933154e-07,3.0996604280864263e-06,0.039364260814801946,0.7646126063249202,0.04069176719077946,0.8445317194675904
0.030407984747174197,9.239748106385245e-06,2.963295383041369e-05,2.7466616261995404e-05,1.3536698291699573e-05,4.634966001561288e-05,3.9645261785947186e-05,1.4990228022729674e-05,8.870534121224667e-05,0.0004637659969825475,0.030407984747174197,0.8014629150041616,0.031930101202511975,0.8620225396460891
0.03495527676852434,1.4014675953419543e-06,2.0820106379708987e-05,1.6747171965020114e-07,2.0973443662092586e-05,1.8171802491099745e-06,0.0005423180148100267,1.0973878429228894e-06,3.990889111648502e-08,3.200576597043843e-05,0.03495527676852434,0.7824762758373061,0.03637450251222735,0.8533007384956198
0.03393314042346657,1.4014675953419543e-06,2.0820106379708987e-05,1.1704015630432551e-07,2.1118630577008984e-05,1.8171802491099745e-06,0.0003644399072290466,3.042373896472064e-05,3.990889111648502e-08,6.66570625819465e-05,0.03393314042346657,0.7865492225549425,0.03537620888790895,0.8550952388387515
0.05576062278705118,1.9590360021164744e-06,2.963295383041369e-05,2.529346908362204e-05,1.3536698291699573e-05,4.446835395930035e-08,0.00010658537411565672,1.4990228022729674e-05,8.468185654172834e-05,5.9373487460644124e-05,0.05576062278705118,0.7093095707006021,0.05676153298641284,0.8141287974553194
0.057334179172326714,1.850322004649326e-06,0.00026239498029702964,2.529346908362204e-05,1.3536698291699573e-05,2.814924248058532e-08,0.0001719436297969232,1.4990228022729674e-05,8.468185654172834e-05,5.9373487460644124e-05,0.057334179172326714,0.7052936239586125,0.05830492552370812,0.811535702582796
0.054089129866096826,5.342973678337534e-07,5.195166665854412e-07,7.302006101864069e-08,5.7598829910941916e-05,4.391905968728805e-08,0.00013625200517209418,2.4783503336203966e-06,2.2404371335950925e-05,1.780540244953105e-05,0.054089129866096826,0.7139959423065071,0.05512136511494276,0.8171159801771354
0.05082309215722599,5.2407844999153156e-05,0.00047939823022680373,3.692300658110151e-06,4.167688906156718e-06,0.0001298534121768686,1.4863869842950359e-05,5.77610217997033e-05,0.0005371561876341289,2.8075151209310235e-05,0.05082309215722599,0.724914179829094,0.051915781149115124,0.8241735634833988
0.04865068192905279,9.320010601626067e-07,9.686859376090833e-05,5.583010464085943e-07,1.0338084566844577e-05,1.2870703821533103e-06,0.0005026555552961779,4.865048478116579e-07,9.94065312102593e-07,6.8413231906444435e-06,0.04865068192905279,0.7313765160380618,0.04978486968692968,0.8276108166848003
0.045107427505000464,3.6791611813551334e-06,1.6250387509072314e-05,1.5848735928340977e-07,2.512950888669316e-07,1.7521062837704698e-08,6.636571739810181e-06,1.1747521718264267e-06,5.709618868388014e-06,5.526123642240555e-06,0.045107427505000464,0.7430744858950312,0.04631717214696243,0.833564399028888
0.0440562019413134,3.3019535898925267e-06,9.588253315524009e-06,2.9887415642672515e-05,8.29313180720345e-07,2.8717648901508656e-06,3.243530776925534e-05,2.4285325631532547e-06,1.1705563387729788e-05,0.000710920525786006,0.0440562019413134,0.7475335639116961,0.045282920732903346,0.8363830118859555
0.07010818878506152,7.178312196562851e-08,4.053122994387979e-05,4.1306539729688135e-07,2.935900698953988e-07,3.63780456802757e-09,0.00012264611796885587,4.3964420789509693e-07,3.4440501637974535e-06,1.6281418582868107e-05,0.07010818878506152,0.678801912624787,0.07085867337248687,0.7878118068236254
0.06307282949271885,1.4014675953419543e-06,2.0819395280510308e-05,1.1704015630432551e-07,2.1118630577008984e-05,1.8171802491099745e-06,0.0003644399072290466,9.205927711053121e-07,3.990889111648502e-08,6.66570625819465e-05,0.06307282949271885,0.6914464365108943,0.06393993079938895,0.8009051139876074
0.08469496711541849,1.7333331918454125e-05,2.0740776246159078e-05,1.7126481711588934e-07,9.562322707031123e-05,2.7152263258642188e-06,0.0003112411207904998,1.488077045758567e-06,1.5681538470972646e-05,6.820094518151586e-05,0.08469496711541849,0.6702595270773606,0.08522002252407686,0.7620992814493234
0.07817862933648127,2.635578019816132e-06,4.095855624575546e-06,4.15736812646623e-06,5.567558383118598e-05,1.7615787494132927e-08,0.00013641319375989235,3.898443332817052e-06,2.2650145855801593e-05,0.00011234575775416609,0.07817862933648127,0.6711955721086414,0.07880085789613513,0.7734836158043722
0.08146489716722809,3.1307696339378456e-05,3.0413022141208554e-08,3.96209042405429e-08,0.0005681560466952381,2.052662593709964e-06,7.138297833957631e-07,2.149357945597098e-06,6.8308576278590894e-06,8.636195432304997e-07,0.08146489716722809,0.6703030884027262,0.0820370408771286,0.767904219536684
0.09742175826056847,0.00011114522906189179,2.0740776246159078e-05,8.264936099235775e-07,9.562322707031123e-05,6.350799071346946e-08,0.00016807009918904203,1.2177116674392572e-06,1.5034303272091166e-06,0.0001356009693585363,0.09742175826056847,0.6804444263064885,0.09777871858161664,0.7397628527166834
0.09809821874172414,1.3017282741943517e-06,2.0806336784071422e-05,4.141013379492999e-06,3.863777683832085e-06,6.350799071346946e-08,0.0004424284189046417,1.473445336292347e-07,1.5034303272091166e-06,2.3401234950830183e-05,0.09809821874172414,0.681355868661466,0.09844539587444465,0.7385558716066402
0.0970270968426273,5.166640326501097e-07,8.778366388483421e-05,0.0033225473857152483,9.395029827630542e-08,1.65748544480157e-07,7.523594532092563e-05,3.5844314874030428e-06,5.594887974160697e-08,1.1186903471093704e-05,0.0970270968426273,0.6824158026756111,0.09739638630659456,0.7435601379054534
0.09956331272912952,2.2688048780567405e-05,0.0002639910509509718,8.205336870624557e-06,0.0010179010746433207,0.00020285673044735284,9.458250198457652e-05,0.000349019779661856,5.268826972424279e-05,7.042489913426697e-05,0.09956331272912952,0.684851591398416,0.09988978189705117,0.7374724509340737
0.09956869886002752,0.0002231787753734109,0.00018868134839197844,7.24265345157637e-05,4.118881986753644e-06,2.9020055122633136e-05,6.938815534997126e-05,1.712034160052071e-05,0.0007948588185921757,0.0006262324101592251,0.09956869886002752,0.6848115241775671,0.09989587584619943,0.737470716746497
0.10063604283331569,2.4126121036928733e-07,1.1287928087214746e-05,9.532011705676552e-08,2.616784795537839e-07,5.89296671887176e-09,0.00017847066786377952,1.1533279120854034e-06,6.647991276212276e-06,1.4462625119446023e-05,0.10063604283331569,0.6849578215358385,0.10095469776166667,0.7338512835776806
0.10270782512786279,1.729343534414073e-05,0.0019110542099767963,2.573631523760832e-05,4.684308298436407e-06,1.5021999943918336e-05,0.00017176162557091377,4.701397932816726e-06,8.763408318965796e-05,0.0003623583915633542,0.10270782512786279,0.6904299369889557,0.10299944789988352,0.732534170761251
0.11012492579656487,9.567735870544333e-05,8.326441912641573e-07,8.368510477176621e-07,3.842110338193206e-06,3.1599260197240635e-08,3.4647572267757374e-05,3.186691821432282e-06,2.7632529676117453e-07,1.5895672660333182e-05,0.11012492579656487,0.702719973211427,0.11033781512051337,0.7174771802506182
0.11234044123920318,2.423355156151732e-07,1.6138231924179192e-08,9.345259601398083e-08,4.327587296440138e-07,2.33442705806619e-06,5.7397300344441896e-05,1.1526642858530913e-06,1.6879097057688427e-05,4.431403908601669e-06,0.11234044123920318,0.7073668434095515,0.11252980232238231,0.7136246663901716
0.11737695286236967,2.1596822220426623e-07,1.721440295846948e-06,7.114575401320372e-08,6.805228875126957e-06,1.077798366887934e-06,7.051147841486765e-06,8.749546482724663e-06,6.4931957228600284e-06,5.264239972090429e-06,0.11737695286236967,0.7183697919934343,0.11751636863320361,0.7050366575734334
0.12800426954163938,1.784322868740951e-07,1.1328802223741006e-05,1.7815011742209276e-07,2.616784795537839e-07,4.788141106138532e-05,0.00038329844992387915,1.1533279120854034e-06,1.6879097057688427e-05,4.431403908601669e-06,0.12800426954163938,0.7412453965599094,0.1280454699674165,0.6876606001386253
0.12800426954163938,1.784322868740951e-07,1.133574740876443e-05,1.7815011742209276e-07,0.000546645372191798,4.788141106138532e-05,0.00038329844992387915,1.230479485669862e-06,1.5935020736202607e-05,4.431403908601669e-06,0.12800426954163938,0.7416933684041722,0.12804325068427228,0.6882069609772871
0.13044353844458884,9.394559314092174e-06,2.2766397566309204e-05,7.366428712074926e-06,6.186804966191524e-05,4.27771209576419e-06,0.0005585124290239245,4.821910684542022e-06,0.00014699140217469282,2.6161870468832384e-06,0.13044353844458884,0.7460902666295615,0.13046286232525683,0.6839623503017199
0.13044353844458884,9.278133628790669e-07,1.2615526285497888e-06,2.988635852545507e-06,8.491706706067292e-06,4.27771209576419e-06,0.0005585124290239245,4.821910684542022e-06,0.00014699140217469282,2.6161870468832384e-06,0.13044353844458884,0.7460183767059999,0.1304630385071774,0.6838764667032523
0.13970797607689897,2.2479864581307295e-06,6.7357579391089665e-06,2.247379571969699e-05,0.0009680975019450137,2.7627391061114712e-06,0.0003678482852639479,1.4625412182181207e-05,5.018265554391994e-05,0.0005047263032892261,0.13970797607689897,0.7602705935289287,0.1396558498152517,0.66982140411173
0.13147218256304735,5.516318452858563e-07,2.8978682476670985e-06,7.99456386434284e-09,6.805228875126957e-06,1.142353707885757e-08,0.0005088282597138023,8.780829538973542e-06,5.770707467348494e-06,4.126314331182308e-06,0.13147218256304735,0.7476716622902099,0.1314844150416424,0.6819916481623677
0.1381350305839704,5.147048147862648e-07,5.015825818156776e-06,2.1854746415678016e-09,6.737030251185384e-08,1.2872063616872845e-06,7.523594532092563e-05,1.1474648680131854e-06,1.10781071692226e-06,1.659217963447385e-05,0.1381350305839704,0.7570662566674212,0.13810135470845802,0.6705827481525696
0.15328501445606582,1.306383269252431e-06,2.0740776246159078e-05,3.128066415742008e-06,9.187724032658652e-06,1.2012144221591125e-08,6.997487498025245e-05,1.2177116674392572e-06,1.7211592920320174e-05,2.34720831099301e-05,0.15328501445606582,0.761070770310287,0.1531594057570184,0.646115853973244
0.15395249903526229,9.138912995248386e-05,4.209743195175058e-05,4.1818445715675904e-07,5.612459317421716e-05,1.5531556477961796e-07,0.00013550499368447484,1.1514568109243435e-06,5.426014404667234e-06,6.617675287224408e-06,0.15395249903526229,0.7606717575143708,0.15382305542675395,0.6452398403303724
0.15364431981723364,3.1307696339378456e-05,2.0186568392530036e-07,3.96209042405429e-08,0.00017046668470556506,2.052662593709964e-06,2.19271017117395e-06,1.1602718656384062e-06,9.472492035597867e-06,1.3110895179911317e-06,0.15364431981723364,0.7608389880835663,0.15351696183836547,0.6456137621673409
0.1732108571824651,4.345563154386525e-07,1.6138231924179192e-08,9.345259601398083e-08,4.327587296440138e-07,2.33442705806619e-06,5.731992847067815e-05,1.1598261407920093e-06,1.6879097057688427e-05,4.431403908601669e-06,0.1732108571824651,0.7130454738460752,0.17300556226930872,0.6147143630652153
0.1721361230740948,9.860400491018712e-05,1.7461385654366715e-05,6.048110210077206e-06,0.0013225773149222913,1.8103699932850187e-05,0.00013969904283573837,6.811759734440197e-05,0.00013295318420599068,5.0792950327430475e-05,0.1721361230740948,0.7187396751278741,0.17192965389931353,0.6180426291840945
0.1721361230740948,9.860400491018712e-05,1.7421765792223228e-05,6.048110210077206e-06,0.0013225773149222913,1.8103699932850187e-05,9.435696780358321e-05,6.818825823562497e-05,0.00013295318420599068,5.0792950327430475e-05,0.1721361230740948,0.7187037551103111,0.17192999794591177,0.6179983818413491
0.164700314719708,5.652962162401553e-07,1.1093133083573316e-06,6.434355245842839e-08,2.616784795537839e-07,3.745295869777426e-09,0.0003371930326460114,2.404338891190435e-06,5.224444566924311e-07,1.0285657251451306e-05,0.164700314719708,0.7418945553402625,0.16452147474974954,0.6282431271306598
0.16126442260998572,7.083235088054428e-08,8.725738226019683e-05,7.828598889659839e-08,6.737030251185384e-08,1.2872063616872845e-06,7.523594532092563e-05,1.1474648680131854e-06,1.0996014572049027e-06,1.659217963447385e-05,0.16126442260998572,0.7498402867135744,0.16110157555620092,0.6334727705584556
0.1619598486192031,1.1438300320386551e-07,1.1328802223741006e-05,1.7815011742209276e-07,2.616784795537839e-07,4.815677937160863e-05,0.00038329844992387915,1.1533279120854034e-06,6.369654631716128e-07,4.216672898127047e-06,0.1619598486192031,0.7485781282738159,0.16179173339304787,0.632641268162739
0.18830272857868116,5.206826229945321e-07,1.604224218270836e-07,3.96209042405429e-08,7.142319574870529e-06,2.052662593709964e-06,1.631317506134213e-06,3.8676056569469655e-07,9.862796060042404e-05,1.3110895179911317e-06,0.18830272857868116,0.6337996325190308,0.18806636525914572,0.5916748777702842
0.18811185927877988,3.032645547385106e-05,1.604224218270836e-07,3.96209042405429e-08,0.0005687103035816097,2.052662593709964e-06,7.138297833957631e-07,1.2317568785561852e-07,9.862796060042404e-05,1.3110895179911317e-06,0.18811185927877988,0.6354647357667087,0.18787457035407687,0.5925195658628511
0.18811185927877988,3.032645547385106e-05,1.1226248860378858e-05,3.96209042405429e-08,0.0005687103035816097,2.052662593709964e-06,0.0003782764423013689,1.1743920678949073e-06,9.862796060042404e-05,1.3110895179911317e-06,0.18811185927877988,0.6357699476277555,0.18787179568387516,0.5928908417767379
0.18518884873754712,2.010627473426201e-05,0.00023319326966956337,4.2678539124027575e-07,0.00010213656688831973,4.3146515685346215e-05,0.0001300036186364667,1.5199195091225062e-05,1.778984019701667e-05,3.3949258308731084e-05,0.18518884873754712,0.653225557257502,0.18495676187840995,0.5968169147686474
0.1803950225968463,3.4428443802327968e-06,1.3629092818554497e-06,4.6872775210617133e-07,9.298620333937727e-06,1.3369528905331861e-06,0.0005182805079539018,3.220878497679043e-07,2.7955781471963287e-06,7.008545434358754e-06,0.1803950225968463,0.6799136538429114,0.18016838269192662,0.6041118014401566
0.1787943357800435,0.0001265428650044153,0.00029981245833951635,1.9047873027245944e-05,0.0005914605623180291,2.650949188678257e-05,0.000395170264054995,3.7655354776344544e-05,0.0005970553921489576,0.0013756768892075593,0.1787943357800435,0.6903901846339753,0.17856694764989703,0.6091879923294427
0.17645953169088222,4.368124555546809e-05,5.399066231394793e-06,7.172803971733219e-06,2.0343276067258814e-05,8.887321562423952e-08,0.000524800849025235,1.5419423174387028e-05,3.263731708551116e-05,3.0514863606647498e-06,0.17645953169088222,0.6993699907284331,0.17624193735926583,0.6102475709853644
0.17569906993454537,8.547878665174451e-08,1.1328802223741006e-05,1.7427859978964794e-07,2.5005466258319787e-07,8.643030208939495e-07,0.0015451856059758298,9.037591818239667e-07,3.6567678585094583e-07,3.8195328974818625e-06,0.17569906993454537,0.703550560391967,0.17547577594073405,0.6123123572247499
0.20078631715664533,1.4634313678062708e-06,0.00016856568687666007,2.958292924846419e-06,7.125168829955863e-07,4.162152093898892e-09,3.855686420816495e-05,4.1035118037133605e-06,0.0006548298438417598,5.31885682640096e-06,0.20078631715664533,0.5476288183012442,0.20054076729577494,0.5736891066067532
0.1954336708694668,2.931828483336578e-07,4.939530306776394e-07,4.123106807182512e-08,3.5328645334631467e-07,1.1244342073579215e-08,5.248671588389235e-05,1.253894815763616e-06,8.362888287655493e-07,5.264239972090429e-06,0.1954336708694668,0.5859087021987718,0.1951907652930758,0.5809467516065606
0.19210840300364004,2.932693535083975e-07,3.1653573622296335e-06,3.80407768307591e-07,6.780487314219436e-06,1.142353707885757e-08,0.0003050920952661182,8.885805860137627e-07,5.609058865868111e-06,5.264239972090429e-06,0.19210840300364004,0.6090954509326528,0.19186597317817425,0.5861681372816187
0.1903419590701458,4.215837137998253e-07,4.834018581283592e-07,3.764532731948532e-08,4.2568434173128855e-07,5.7111712784796984e-09,5.3105803070459023e-05,1.35026016947696e-06,1.7248152089444226e-06,1.5666358730347309e-06,0.1903419590701458,0.620635041442336,0.19010312849979924,0.5885645037538624
0.21574788243293117,0.0001850318525732006,7.52221373096494e-05,1.2132301673476567e-05,3.027350710051475e-06,4.3146515685346215e-05,0.002174202803739649,0.0005794588955416053,0.0005509851190541322,9.793715480602203e-06,0.21574788243293117,0.4358667093035728,0.21549912142395028,0.5542653593567258
0.21674323130698062,1.4431881770523972e-05,8.992899594947647e-06,2.9685546305531326e-06,1.3536698291699573e-05,1.255933336031726e-07,0.00038520473417889,1.2490523108889942e-05,8.763408318965796e-05,7.705872788451717e-05,0.21674323130698062,0.4260825263034806,0.21650836506494398,0.5502719500015577
0.2134015975290542,1.868833740293804e-05,1.2503532317950922e-05,2.573631523760832e-05,1.3536698291699573e-05,4.7661612323701815e-06,0.00017231213041015578,8.919352470328376e-06,8.763408318965796e-05,0.0001717198051148802,0.2134015975290542,0.45122644207056367,0.21316374132258026,0.5549955802112275
0.21516384765747007,8.946250673618345e-07,2.943297041501748e-06,6.895151842591175e-06,9.245348536944828e-06,9.998916415100254e-09,0.0003559778515567319,0.0028403992864996673,0.000404445400015306,6.351058921714654e-05,0.21516384765747007,0.4403051647222619,0.21492975016730728,0.554462374941813
0.21364908820651682,2.6017231441016555e-07,4.997204389952492e-07,6.401217964480681e-08,2.1422306526648882e-07,5.501793445198156e-08,0.0003635928630055438,1.1518569790385986e-05,5.62153407644176e-07,3.799359040794678e-05,0.21364908820651682,0.4492662902614541,0.21341035366514155,0.5545631985107616
0.20907840114411222,1.4634313678062708e-06,0.00016961575446014195,2.9802199604451165e-06,9.245348536944828e-06,4.162152093898892e-09,0.0003806368323674769,4.059961240422339e-06,0.0006548298438417598,2.210886961708807e-05,0.20907840114411222,0.4848841310787369,0.20883371700262793,0.5618756444939551
0.2100525651785977,2.1670705724182656e-07,8.3312765148898e-07,1.3356739316394503e-06,3.9181494063132706e-06,1.0227542826098548e-08,0.0003499359579298288,9.045900095789204e-07,2.6237469291006005e-07,1.0192549548502504e-05,0.2100525651785977,0.4767288337446654,0.20981014187547645,0.5597304605479142
0.20621622900665323,7.206754720436219e-08,1.5719150259981342e-06,6.736451132307021e-06,2.3949510395806863e-06,8.217979909026223e-09,0.0003549189120600542,3.0232151400391943e-06,9.832258405504978e-05,1.7541140723803616e-05,0.20621622900665323,0.5062480159762384,0.2059708034487404,0.5654185612716659
0.20440685320336013,0.00014308954742744297,6.1606559026683756e-06,2.8054792411735434e-07,9.395029827630542e-08,6.714175675782386e-05,7.34748131582972e-06,8.18932001525289e-08,1.0996014572049027e-06,0.0022943062470543434,0.20440685320336013,0.5216277573284065,0.20416039982299783,0.56981999353228
0.23113320594072095,1.868833740293804e-05,1.2503532317950922e-05,2.573631523760832e-05,1.3536698291699573e-05,4.7661612323701815e-06,0.00017231213041015578,1.2490523108889942e-05,8.763408318965796e-05,0.0001717198051148802,0.23113320594072095,0.3279236223538272,0.23093111640004743,0.5298150149231665
0.229751961493455,3.9786528168865673e-05,3.758920556367412e-05,4.88990465149409e-06,2.033813837122196e-05,3.175231955975772e-06,0.0005202323605326243,3.202073618688674e-05,2.0826253848892112e-05,0.0003767365429838669,0.229751961493455,0.336662899753225,0.2295436859923631,0.5322134123048744
0.22443082378257456,4.1883758829448434e-07,4.779774269947097e-07,3.80407768307591e-07,3.256647750817134e-06,1.0759139197985895e-08,3.011371718302148e-05,2.101776704910715e-06,1.255532827426326e-06,2.329366579784786e-06,0.22443082378257456,0.3704558297693189,0.22421306058155507,0.5388246077559754
0.22358858240417728,4.1883758829448434e-07,4.779774269947097e-07,3.80407768307591e-07,4.347229996769315e-06,1.077146236525944e-08,6.471436822479506e-05,1.5166248264492337e-06,4.7902591057458e-06,4.681495667026053e-06,0.22358858240417728,0.3762730172614839,0.22336873284164202,0.5400535136788783
0.2214783287627497,1.3179269030682975e-07,0.00013313923362295285,1.6312263947074413e-07,8.96089807954101e-08,5.832254758935402e-09,3.011371718302148e-05,2.101776704910715e-06,6.120723189403495e-06,2.995468149292498e-06,0.2214783287627497,0.3911588882090572,0.2212549813994627,0.5431192307453033
0.223192877001661,2.9389887708312924e-05,1.604224218270836e-07,1.4220955182647206e-08,0.0005687103035816097,2.052662593709964e-06,3.340255494880834e-07,3.16780360508599e-08,9.862796060042404e-05,1.3110895179911317e-06,0.223192877001661,0.3794903815186178,0.2229718474358483,0.5411681282447843
0.21890195373728433,0.00017664647287666204,0.00012207860492233788,2.132490343391601e-05,9.261106067636036e-05,0.00022724460021814944,6.630220963139811e-05,0.00011365563687590117,0.00015212949586057998,0.0012528109755585584,0.21890195373728433,0.41135214817129817,0.2186732179049662,0.5485030540494521
0.24026290839416994,2.9161746426463055e-06,5.186715454317066e-06,9.11375386944068e-08,1.2726984233365294e-06,2.7632506519828196e-06,0.000388840334274243,6.086707248261865e-05,1.801602425615965e-05,3.212550702226296e-06,0.24026290839416994,0.28108952602062326,0.24008854744880612,0.5171438919910997
0.24449945603540058,1.8159084594319672e-07,4.3729606559029934e-06,3.640538147011469e-08,2.6680883329957633e-07,5.7819332916517114e-09,5.725747386569505e-05,4.858185677013388e-06,6.647991276212276e-06,9.156745319031292e-06,0.24449945603540058,0.26473547879642434,0.24434311101404038,0.5110155520042344
0.24536949470875496,1.1125070723025497e-07,4.3729606559029934e-06,1.0995535013526995e-07,4.927344621576028e-05,1.6720462090288678e-08,0.00038656325825715815,4.942310373807283e-06,6.647991276212276e-06,9.156745319031292e-06,0.24536949470875496,0.262221313175166,0.2452142930184811,0.510167965227654
0.23706253634656096,2.931828483336578e-07,5.130117930974365e-06,7.114575401320372e-08,6.805228875126957e-06,8.097423404523046e-09,5.248671588389235e-05,1.253894815763616e-06,7.386156587994214e-05,5.574684812269241e-05,0.23706253634656096,0.29550755753850033,0.23687922516656892,0.5213022812163953
0.23954623109742165,2.9389887708312924e-05,1.604224218270836e-07,1.4220955182647206e-08,4.277114453777665e-06,5.489265178267379e-06,3.340255494880834e-07,4.7155100132965035e-08,5.942471977060777e-06,1.3110895179911317e-06,0.23954623109742165,0.2838572302576767,0.23937199139493284,0.5177592540943202
0.250505309927278,5.9645533362842745e-05,4.301423894844767e-06,4.296710983805786e-07,2.0343276067258814e-05,8.858571746743261e-07,0.00012282043260601809,0.00010477388965982082,5.208127486455463e-05,3.7762501820203496e-06,0.250505309927278,0.24929790784169104,0.2503736074108971,0.5031067750413393
0.25011520279438965,2.9238095728781984e-07,5.792599224510632e-08,6.401217964480681e-08,2.616784795537839e-07,5.501793445198156e-08,0.0003855282899373789,1.165560812702951e-05,5.224444566924311e-07,3.799359040794678e-05,0.25011520279438965,0.250098555740784,0.2499797953601578,0.5037225495965493
0.25417360076248646,9.519125832170709e-08,1.5626378535478225e-07,6.28582016368869e-08,3.6766996094791183e-06,1.1081572098785453e-09,0.0003872383885155825,1.413198788324829e-06,5.224444566924311e-07,0.002166994105766351,0.25417360076248646,0.24576700934250906,0.25405610276293367,0.4999606763422274
0.24861429937787996,0.0002806166184649315,3.3777200308950984e-05,2.7259599052176603e-06,3.0020467742248248e-05,4.303496249191035e-06,0.0005202350419734364,0.0001735990528870656,0.00013105117751564986,4.7396917097497605e-05,0.24861429937787996,0.2539276042834539,0.24847225192046118,0.5063752540042187
0.2481340753486133,2.931305763717127e-07,9.588253315524009e-06,2.3098562121962633e-08,2.935900698953988e-07,1.221811875258649e-06,2.106926760230037e-05,1.2278676617445983e-06,9.271290085613987e-06,0.0004297734352272119,0.2481340753486133,0.2545165775777102,0.24799257400064392,0.5063958851469946
0.2650880933766001,3.416540751878518e-08,1.1093133083573316e-06,6.434355245842839e-08,2.003164101283756e-05,3.745295869777426e-09,0.0005245153316082454,1.6691901485291623e-06,2.3179893698235794e-06,1.0285657251451306e-05,0.2650880933766001,0.2496875661980498,0.2650254350122361,0.48397242787531713
0.26318693446064584,1.1110632162420083e-08,8.326441912641573e-07,1.3356739316394503e-06,3.842110338193206e-06,9.421092062924058e-09,3.4647572267757374e-05,6.676833258551365e-07,2.6237469291006005e-07,1.5727223356371725e-06,0.26318693446064584,0.2460916014457601,0.2631172896961653,0.4860158882584006
0.2688339217772048,0.0002806166184649315,3.111233945965899e-05,4.296710983805786e-07,2.0343276067258814e-05,1.7553041214675058e-06,0.0004883841396198441,7.42373123075219e-05,0.00012568750871259755,1.2388534027678185e-05,0.2688339217772048,0.2591420615686226,0.2687931489061171,0.4794693571305567
0.2757852457167068,2.6017231441016555e-07,2.592262071590843e-07,6.401217964480681e-08,2.1422306526648882e-07,5.5144142004855695e-08,0.00038553591645441594,1.1498817138781353e-05,5.62153407644176e-07,3.799359040794678e-05,0.2757852457167068,0.28502922901844746,0.2757861296979355,0.47003705227177217
0.27671535686615956,3.442284336427627e-07,1.211651982495299e-07,6.489978101534471e-08,6.112651606784904e-09,3.808211507216167e-09,0.0003872383885155825,2.422264837026015e-06,5.224444566924311e-07,8.858659243502185e-07,0.27671535686615956,0.28940726667494837,0.2767220025917592,0.4688179613613307
0.2761373654231918,2.719215816867471e-09,1.8462482482149987e-06,2.6774105587646295e-07,8.682430089072047e-09,9.689438977081285e-07,4.261267244202398e-05,3.1942071274379397e-06,4.183558041724565e-06,3.1041481150943e-05,0.2761373654231918,0.2864156886669977,0.27614268678488846,0.4692909012937524
0.28034519657415946,2.9193189899052864e-07,1.771275135688429e-07,5.585887409700294e-07,5.875782199654639e-07,5.107676222155884e-09,2.022767647661209e-05,1.1906841796738602e-06,3.0594058105343473e-06,9.528561380348848e-06,0.28034519657415946,0.30823633744334206,0.28037747904475385,0.4639054529669421
0.2824366644355423,2.3651370887663275e-06,5.225075251840289e-06,4.339568047271136e-06,1.1762066857533294e-05,7.738497279908104e-05,4.4853395555432077e-05,1.8110498775192251e-06,4.560675847493715e-05,0.00011838164378931079,0.2824366644355423,0.3207295723388636,0.2824831080674305,0.4614746091223382
0.28193361536610734,2.931828483336578e-07,6.121655078340947e-06,5.585887409700294e-07,6.805228875126957e-06,1.134596056225755e-08,2.882019143474737e-05,9.873081696318003e-06,3.0594058105343473e-06,1.1044250162800088e-05,0.28193361536610734,0.31751098923220367,0.28197634315781345,0.46192192636713447
0.28178780377648477,5.206826229945321e-07,2.72309297076867e-07,1.69071166964566e-07,3.6711553715855036e-07,4.162152093898892e-09,5.076879998505069e-05,4.353441950682348e-07,1.81404997701221e-05,1.3110895179911317e-06,0.28178780377648477,0.3166438385763236,0.2818293123642535,0.46211344880636396
0.2895040677713187,4.1150803597232154e-07,1.5626378535478225e-07,6.627551525190113e-08,1.168452961435692e-10,3.808211507216167e-09,3.330844145992949e-05,5.21475491427132e-07,5.224444566924311e-07,2.163119997315325e-08,0.2895040677713187,0.36822936313850013,0.28959863431375565,0.45243176196915413
0.2942786015809591,3.650133494363534e-06,3.4850908026119773e-06,6.725227188956143e-08,1.0284744524011602e-05,2.1326597411298675e-09,5.8984038292502696e-05,2.107933629667523e-06,0.00028605999555958396,2.422342484511855e-05,0.2942786015809591,0.40519871095244736,0.29440701803705277,0.44680602653067714
0.2949382926064975,7.617375351121868e-06,5.225075251840289e-06,2.4454958571754785e-05,1.1762066857533294e-05,7.738497279908104e-05,4.4853395555432077e-05,1.800566698564865e-06,4.7190460815029094e-05,0.00011838164378931079,0.2949382926064975,0.41046134653733696,0.2950730696043864,0.44595933025857215
0.2969288831716412,3.0729564980716986e-05,4.0869584315400045e-08,6.609053031081905e-08,1.7127504657443087e-05,4.634250684146021e-09,4.207892030777514e-07,2.046147318202687e-06,1.3777354021483853e-05,8.636195432304997e-07,0.2969288831716412,0.42653167336103387,0.29707808892354876,0.4433195371512134
0.3012663858027519,5.668262436558755e-05,3.401726603541653e-05,1.9708065250914747e-05,9.64541047894753e-05,2.628594026373001e-06,0.000526662738023016,0.0002287796533353606,0.00013873996100741362,0.00044222172557719915,0.3012663858027519,0.4642270445003721,0.30144701562387627,0.43913644462767876
0.2989655967059619,2.6017231441016555e-07,4.997204389952492e-07,6.401217964480681e-08,2.1422306526648882e-07,5.501793445198156e-08,6.030772611043067e-05,1.165560812702951e-05,5.62153407644176e-07,3.799359040794678e-05,0.2989655967059619,0.44358993736460917,0.2991299175332662,0.4408711925207479
0.3049027409960372,5.737624496278953e-05,4.301423894844767e-06,4.296710983805786e-07,1.103076734563568e-05,3.021020518921878e-06,0.00012282043260601809,1.2961302627080273e-06,7.276731138294081e-05,1.0741447809664031e-05,0.3049027409960372,0.494802371339545,0.30511313397758605,0.4338458969654092
0.3039606629623081,3.4221800034530486e-10,8.719418740477011e-05,2.0937673539107838e-08,9.395029827630542e-08,1.1917123350577981e-08,6.888278230846983e-05,3.000592208314809e-06,1.0996014572049027e-06,1.659217963447385e-05,0.3039606629623081,0.48652552679604705,0.3041645035526234,0.43488594958044946
0.30396596352021965,4.1840889959248835e-07,4.779774269947097e-07,2.2545087449909438e-07,7.441392430733498e-07,1.0759139197985895e-08,6.551592027163982e-05,2.101776704910715e-06,1.7248152089444226e-06,3.466025975308894e-05,0.30396596352021965,0.4865201608493494,0.3041692442226706,0.43482803942721737
0.3083360152917292,4.7354892640015324e-05,3.317898249028065e-05,7.14958373226856e-08,3.026552274903935e-07,1.0429187509696189e-07,3.639586753596648e-05,3.748878943192063e-06,6.268778017944634e-06,1.2107515018279208e-05,0.3083360152917292,0.5246489981632656,0.3085750370278476,0.42962980084727753
0.3090539064315728,1.80278238266975e-05,1.2503532317950922e-05,2.563416298284349e-05,1.347413898070375e-05,5.787187709919183e-06,0.00017231213041015578,4.701397932816726e-06,9.101810675488076e-05,3.938129378399141e-05,0.3090539064315728,0.5310760392536703,0.3092978883652153,0.42896746252325657
0.30926273368881824,2.1670705724182656e-07,8.3312765148898e-07,1.286386990991017e-06,3.9181494063132706e-06,1.0064941906825032e-07,0.00039004384462811714,7.915232020802145e-07,2.5385143832637484e-06,1.0192549548502504e-05,0.30926273368881824,0.5329118840328094,0.3095068068998128,0.4287508309740312
0.3105932429045708,4.1840889959248835e-07,4.779774269947097e-07,3.80407768307591e-07,3.256647750817134e-06,1.0759139197985895e-08,6.551592027163982e-05,2.101776704910715e-06,1.7248152089444226e-06,3.468481213438598e-05,0.3105932429045708,0.5442362890991576,0.3108503776235699,0.42692725540374854
0.3145540351851663,4.7354892640015324e-05,3.317898249028065e-05,6.499293706991545e-06,8.301043384445026e-07,1.0429187509696189e-07,1.6092596064227813e-05,3.285486273658842e-06,6.268778017944634e-06,1.2397794978577129e-05,0.3145540351851663,0.5781034727272876,0.31484514416123743,0.42227508077873777
0.3149481430772594,5.21523424738208e-05,1.2735954580421249e-05,6.434355245842839e-08,2.616784795537839e-07,1.8265776522925714e-06,9.481555840510297e-06,1.1734239311807018e-05,5.224444566924311e-07,1.6212983012976765e-08,0.3149481430772594,0.5813875780850855,0.3152424754779318,0.4217833566314281
0.3127561544313379,4.339510709306127e-07,4.779774269947097e-07,3.871852867585948e-08,6.613644718355488e-10,1.0759139197985895e-08,5.421139043109575e-05,9.278423929473249e-07,1.6965013986088614e-06,3.468481213438598e-05,0.3127561544313379,0.5628285298703973,0.3130314276542767,0.42436113192654734
0.31691264472357933,1.80278238266975e-05,1.2503532317950922e-05,2.563416298284349e-05,1.347413898070375e-05,5.787187709919183e-06,0.00017231213041015578,4.701397932816726e-06,9.101810675488076e-05,3.938129378399141e-05,0.31691264472357933,0.5978975933250861,0.31722287535256694,0.4197153725364934
0.31837064489325484,4.1883758829448434e-07,4.779774269947097e-07,3.80407768307591e-07,3.256647750817134e-06,1.0759139197985895e-08,6.471436822479506e-05,2.101776704910715e-06,1.255532827426326e-06,2.550107988707507e-06,0.31837064489325484,0.6095204761711895,0.3186938663210758,0.41778175948826946
0.3199837423391775,7.992814994320878e-08,8.10071490235183e-06,2.1521165440873e-08,2.935900698953988e-07,1.2242385725707238e-06,8.488080308961112e-05,1.2149414410644576e-06,1.06140230665479e-05,0.0004297734352272119,0.3199837423391775,0.6226629926268135,0.32032167239206266,0.4162290259431626
0.32128637006385474,4.683261012804558e-07,1.4136022248382047e-06,3.1991472655904593e-07,3.256647750817134e-06,1.0759139197985895e-08,6.384812270260597e-05,2.101776704910715e-06,1.803689127485001e-06,2.567585995545504e-05,0.32128637006385474,0.6324441934989319,0.32163521120311916,0.4144205407755074
0.324196030226266,5.932020166946647e-05,2.8632862133318553e-06,3.1658178527003566e-08,9.863778472216054e-08,1.8520301657386452e-06,0.00038537513337240636,1.1734239311807018e-05,5.224444566924311e-07,1.40267763220616e-06,0.324196030226266,0.6543278590577053,0.32456897144173336,0.4113611899941011
0.324196030226266,5.932020166946647e-05,2.8632862133318553e-06,3.1658178527003566e-08,9.863778472216054e-08,1.8520301657386452e-06,0.00030458320031857106,1.170227517899406e-05,5.224444566924311e-07,1.40267763220616e-06,0.324196030226266,0.6542700401400049,0.3245694664268129,0.41129737146722023
0.32624036139712065,4.1840889959248835e-07,4.779774269947097e-07,3.80407768307591e-07,3.256647750817134e-06,1.0759139197985895e-08,6.551592027163982e-05,2.101776704910715e-06,1.7248152089444226e-06,3.468481213438598e-05,0.32624036139712065,0.6684015931503515,0.3266335809253668,0.4087418191017508
0.3311535547073695,4.0429232090907455e-05,1.9691421120514913e-06,2.8566498961512336e-05,1.0754357337758313e-05,5.787187709919183e-06,9.107609909811278e-05,1.1939047789195912e-05,8.829533179577176e-07,2.430257742296449e-05,0.3311535547073695,0.6994796290697932,0.3315922023625589,0.4032550362485222
0.33335021457661335,2.9221518717450567e-06,9.588253315524009e-06,2.342993995779304e-08,2.935900698953988e-07,1.221811875258649e-06,4.0141918789090756e-05,1.2278676617445983e-06,1.06140230665479e-05,0.0004297734352272119,0.33335021457661335,0.7117659130387817,0.3338100944669754,0.4009544787617988
0.3376734842221489,4.7354892640015324e-05,3.317898249028065e-05,1.522859009033869e-07,2.5257146502966278e-06,1.0429187509696189e-07,0.000382276952063204,3.748878943192063e-06,1.6542637503272626e-05,0.00011933407455951874,0.3376734842221489,0.7320018714506841,0.3381720019178554,0.39624703109886295
0.33701858664524853,2.1707504804992145e-06,2.802165379818392e-06,7.182555945999343e-06,2.0343276067258814e-05,1.3751521949141832e-06,0.0005027924993839997,5.123425689282384e-07,5.535337746370557e-06,2.8792790230385954e-06,0.33701858664524853,0.7292326971892832,0.3375096323006263,0.39694674585463197
0.34466635869115825,2.931305763717127e-07,1.1058138104085237e-05,8.873532474676077e-08,5.4495049068381195e-06,1.221811875258649e-06,7.336172642100212e-06,1.1873432975276739e-06,3.982818615207495e-06,0.0004303004269833423,0.34466635869115825,0.753081819551096,0.3452355052556545,0.3884058109939116
0.3453304230625336,1.2921890472111833e-10,3.686923685841893e-07,4.39592132791061e-07,1.0379453130680465e-07,1.2468217860682138e-10,1.3677130303635244e-05,4.1461731013482983e-07,9.582755031574106e-05,2.878350605828694e-06,0.3453304230625336,0.7540533060341702,0.34590479585938244,0.3874619181910278
0.3624037471758215,4.1840889959248835e-07,4.779774269947097e-07,2.9127792325883612e-08,3.256647750817134e-06,1.1411438824268132e-06,6.594372966544469e-05,2.6545227351710195e-06,1.7248152089444226e-06,1.2492109485589345e-06,0.3624037471758215,0.7332892019764453,0.3631517617100329,0.3692542489207179
0.36395085987420384,4.1840889959248835e-07,4.779774269947097e-07,2.9127792325883612e-08,3.256647750817134e-06,1.1411438824268132e-06,6.594372966544469e-05,2.6545227351710195e-06,1.7248152089444226e-06,1.2492109485589345e-06,0.36395085987420384,0.7263217218584969,0.3647150919989528,0.3676460374341589
0.35789945735706485,1.4161891712425173e-06,1.28388299283614e-05,1.7675122718320012e-07,4.801489212847758e-06,4.3075537591309845e-08,0.0006203375432936269,2.7600893790851504e-08,8.951801575998082e-06,6.061407254998435e-05,0.35789945735706485,0.7491849133288266,0.3585977133726523,0.3744394312433291
0.35735093436610604,5.18628996493783e-07,3.5921609105866457e-07,3.80889416204163e-07,7.511059165652431e-09,1.5934967108800877e-09,1.250272542455827e-05,1.7163843581599285e-07,4.1980480614287495e-06,1.4719935225322016e-05,0.35735093436610604,0.750098825053893,0.3580468155143014,0.374518631372902
0.37725707483789667,0.0001917796045556504,0.00020207634602910715,1.1675099059289299e-06,3.050306220346333e-05,5.436221505411342e-05,0.0014723999224006154,0.0006749691763246688,0.00045489253078962605,0.002310228923294863,0.37725707483789667,0.6367170220983404,0.3781685175700434,0.35739414712360384
0.37751374822402556,4.681562441236166e-07,1.946430835546036e-06,1.6320519408884026e-08,5.024531487596156e-09,1.544077876984819e-06,0.0005307672094936464,3.597046773490325e-08,2.846243573461866e-06,3.0417606400166736e-06,0.37751374822402556,0.631004676761247,0.378420437322802,0.3541666462168266
0.3737405164170183,5.693366590354587e-07,4.0862382184547406e-05,5.3710604177208295e-08,3.025125194951184e-07,1.0447075323778104e-08,9.469427148761063e-06,0.0005807255768315284,2.5712917763823726e-08,3.384902608879226e-06,0.3737405164170183,0.6636196497291741,0.3746121722264642,0.3578474188252446
0.36775336184329804,5.788544826833621e-07,1.2503532317950922e-05,2.584818434340384e-05,1.3536698291699573e-05,1.225015864960263e-05,0.00017231213041015578,2.2279676681305893e-06,8.728969873040909e-05,5.3747111231334885e-05,0.36775336184329804,0.7058602078427877,0.3685576895291237,0.3639355866998283
0.36775336184329804,5.788544826833621e-07,1.2503532317950922e-05,2.584818434340384e-05,1.4044443170896381e-05,1.2571011925691832e-05,0.00017231213041015578,2.2279676681305893e-06,1.274256790056265e-05,5.4180103313278586e-05,0.36775336184329804,0.7058091396398701,0.3685578252486471,0.36388618655599625
0.36772252975455694,1.533892903049822e-06,4.053122994387979e-05,4.3750975996082045e-06,2.935900698953988e-07,6.701491283072646e-09,0.00019329484446822223,1.2278676617445983e-06,1.06140230665479e-05,0.00016566715335172974,0.36772252975455694,0.7060738028166101,0.3685267591150006,0.36398067730386663
0.3657439002583281,1.80278238266975e-05,1.2503532317950922e-05,2.5990004047044448e-05,1.3536698291699573e-05,1.225015864960263e-05,0.00017231213041015578,2.2279676681305893e-06,8.763408318965796e-05,5.3747111231334885e-05,0.3657439002583281,0.71742124040401,0.36652698602198486,0.366018925933116
0.3923662647998969,3.7400599949799603e-06,9.588253315524009e-06,3.0371722293843305e-05,8.29313180720345e-07,3.0403197202810357e-06,0.0006338693754583372,6.342706583642101e-08,1.1540291910312704e-05,0.00011191895976108676,0.3923662647998969,0.46735965685933173,0.3934372260907681,0.3397894961155389
0.3926805856980295,7.708773222335313e-08,2.1641132960803035e-06,6.996524978488576e-08,6.930459508181979e-07,5.0179956372772837e-08,0.0006469914198348052,1.2625742445313145e-06,6.64294470053911e-07,1.5133172093859873e-07,0.3926805856980295,0.4633072928217499,0.39375413969075007,0.3393908761898575
0.3908021158400397,1.3017282741943517e-06,4.443171335930603e-05,4.141013379492999e-06,2.0973443662092586e-05,6.350799071346946e-08,0.0005423180148100267,1.473445336292347e-07,1.2300848442431888e-06,0.00011721191823434824,0.3908021158400397,0.4867226698099706,0.39185625509914224,0.34123577317648934
0.39208525360525404,9.440658340614505e-05,4.064236163408425e-05,4.167757827797356e-06,2.2332144389798752e-07,0.00026222044203960324,0.00013641319375989235,4.748824118957937e-07,2.2650145855801593e-05,0.00010572451783779012,0.39208525360525404,0.47078119272287444,0.3931586868063656,0.3399419070341604
0.3905067200852527,1.0383211955939833e-06,3.6530276708819445e-07,1.428660209088054e-06,9.840035024355342e-07,2.1722006964619802e-05,0.0005747424170493566,1.2828088624272615e-07,9.56150772264784e-06,3.2980098385944324e-06,0.3905067200852527,0.49026223367275584,0.3915565873520344,0.34145208243631664
0.3876384745948214,7.21618602285702e-08,1.46354862841653e-07,4.44568099680568e-08,3.79595590728079e-08,1.5007366162989439e-05,0.00039309394748654236,1.691753644143973e-05,1.0477448785101164e-06,2.8603113057499352e-06,0.3876384745948214,0.5244728688215322,0.3886574192003354,0.344094362783279
0.3875953992600273,1.0383211955939833e-06,3.6467265184424174e-07,1.428660209088054e-06,9.840035024355342e-07,2.1722006964619802e-05,0.0005747424170493566,1.2828088624272615e-07,4.87022932533023e-06,3.2980098385944324e-06,0.3875953992600273,0.5251000154533438,0.38861287280579454,0.3442686958814304
0.3849716780022191,1.80278238266975e-05,0.00013219173618730153,2.573631523760832e-05,1.3536698291699573e-05,1.5021999943918336e-05,0.00017231213041015578,4.701397932816726e-06,8.763408318965796e-05,2.2491223326892595e-05,0.3849716780022191,0.5549569014203416,0.38596398406305615,0.34673310465654106
0.3837658710823923,0.00024141139924396511,0.0007106067406723822,4.0318999759592966e-05,0.000596448886632118,2.451403229052802e-06,0.0001951072507575425,0.00021220103816572348,0.0003137527103882966,0.00029282506908222706,0.3837658710823923,0.5696595149795532,0.38475532582454297,0.34930456715727287
0.3821004685982078,1.80278238266975e-05,8.598129263097032e-06,2.573631523760832e-05,1.3536698291699573e-05,1.5021999943918336e-05,0.00017231213041015578,3.5061788016874457e-07,9.031925053146535e-05,0.00043530689216732634,0.3821004685982078,0.5861160350847087,0.3830611880679742,0.3497206748190155
0.3802060563478802,5.652962162401553e-07,1.5626378535478225e-07,6.627551525190113e-08,1.3389163735604296e-10,3.808211507216167e-09,0.0003872383885155825,2.422264837026015e-06,5.224444566924311e-07,8.858659243502185e-07,0.3802060563478802,0.605146203703107,0.38114289503791793,0.35137583072780776
0.3795319274170923,1.0383211955939833e-06,3.6530276708819445e-07,1.428660209088054e-06,9.840035024355342e-07,2.1722006964619802e-05,0.0005791340958276159,1.2828088624272615e-07,9.766664372362577e-06,3.2980098385944324e-06,0.3795319274170923,0.6119400523567439,0.3804605396847299,0.35220752666372
0.4065124282098737,3.7400599949799603e-06,2.0506850818368327e-06,3.0371722293843305e-05,9.299975850010518e-06,2.718280591371857e-06,0.0006338693754583372,6.20148504843418e-07,2.0172136535964642e-05,7.043757226928529e-06,0.4065124282098737,0.28030937691113317,0.40774286514655633,0.32644294475606295
0.405080144753945,5.476873674895778e-07,3.5921609105866457e-07,7.642805342990752e-07,3.680880530743934e-08,1.5934967108800877e-09,1.5673694318507616e-05,1.7163843581599285e-07,0.00011666044706097206,4.291783566255279e-05,0.405080144753945,0.29928604256702296,0.4062971158306649,0.3273804808720232
0.40398213282533163,5.934146329068388e-05,0.0013589407493108917,1.0423543796853256e-08,2.616784795537839e-07,1.8520301657386452e-06,0.00018226435489630856,1.143833850333098e-05,5.224444566924311e-07,3.405515632918115e-05,0.40398213282533163,0.31512165885159915,0.4052015177168081,0.32932253019231983
0.40179862016015105,5.476873674895778e-07,3.5921609105866457e-07,7.642805342990752e-07,8.884437509613026e-09,1.5934967108800877e-09,1.5673694318507616e-05,1.7163843581599285e-07,0.00011666044706097206,1.4719935225322016e-05,0.40179862016015105,0.34353416404052106,0.40297820965038184,0.33040987544566114
0.40149701783107633,5.705744197192489e-07,3.5921609105866457e-07,7.642805342990752e-07,3.680880530743934e-08,1.538317481523276e-09,2.4011064526340386e-07,1.1720331544216715e-07,0.00011666044706097206,4.291783566255279e-05,0.40149701783107633,0.3475970014390548,0.40267338124557456,0.33069626591996404
0.39862039702592045,4.368124555546809e-05,5.4250525509926176e-06,7.294017460836308e-06,2.0343276067258814e-05,4.8231891911070625e-06,0.000524800849025235,0.00015657247679996404,0.000752781141695464,3.006618570509864e-06,0.39862039702592045,0.3869469563851971,0.39976138648787357,0.33426582269856786
0.39895457728176986,3.115897017284737e-07,2.4319534172746717e-06,1.4411074052836448e-06,1.6305672763632444e-07,1.3432375051667436e-06,0.0002451607831009471,6.409644456278974e-07,6.625281688432778e-06,3.67747419883677e-05,0.39895457728176986,0.38167373530588783,0.40010104445374406,0.33317767138740917
0.39800088881662826,3.1307696339378456e-05,3.578829523437044e-07,3.96209042405429e-08,0.0005681560466952381,2.052662593709964e-06,6.095284774008843e-07,1.2317568785561852e-07,1.3777354021483853e-05,1.3110895179911317e-06,0.39800088881662826,0.3945293837862755,0.39914038590794226,0.3343301198007108
0.3953596673854853,5.879198615619705e-05,2.1111293734308905e-05,8.616940696994476e-06,2.616784795537839e-07,4.883659348166146e-07,0.00038537513337240636,1.4997476196753217e-05,6.033631922085258e-06,3.0308303215657283e-05,0.3953596673854853,0.4290160599856404,0.39646534147745416,0.33673734201762595
0.3953596673854853,5.879198615619705e-05,1.4068609421336454e-05,8.616940696994476e-06,7.801912060522364e-08,4.883659348166146e-07,0.00038537513337240636,1.4997476196753217e-05,0.0019396173253204965,3.0308303215657283e-05,0.3953596673854853,0.43033724375103133,0.3964621838743228,0.33798587608728636
0.3940459528844904,3.7400599949799603e-06,9.588253315524009e-06,3.0371722293843305e-05,8.29313180720345e-07,2.8717648901508656e-06,0.0006338693754583372,2.4285325631532547e-06,1.1705563387729788e-05,0.00011191895976108676,0.3940459528844904,0.4461011699099814,0.395135752824847,0.33818256153063075
0.4216733518546614,5.476873674895778e-07,0.00013604492498660255,8.338629955114813e-07,3.6612390365902023e-06,1.5934967108800877e-09,1.5673694318507616e-05,2.107933629667523e-06,0.00019543912216936666,4.2919069198507195e-05,0.4216733518546614,0.08546800615171332,0.42308208883085024,0.3125768446606657
0.4227060313514829,2.7959272250392724e-06,1.0112319756768866e-05,5.922305453486179e-08,0.00041439830852333395,0.0001753754829482513,0.00011483763721642922,1.0200124140586884e-05,0.00016552347620568572,2.182617553137972e-05,0.4227060313514829,0.07385890190652118,0.4241287932813031,0.31204063191389453
0.4184617895876939,8.454782489407267e-05,1.965406438365766e-05,2.7521816019430456e-05,1.3536698291699573e-05,7.143747932474262e-05,0.0005033291609656081,1.4676479259212098e-06,2.5297897948911708e-05,0.00011810499331137087,0.4184617895876939,0.12437393066779012,0.41983155008115447,0.3157340492845474
0.4184019377847819,2.7959272250392724e-06,1.0117599386586171e-05,5.8806798507198194e-08,1.5831456063718845e-05,0.000934264867562133,0.00017917980232462293,4.886187359695751e-07,0.00016552347620568572,2.182617553137972e-05,0.4184019377847819,0.12542630413902053,0.4197810197394469,0.31606035843922553
0.41720772534936673,1.8640198857623933e-08,4.978950425937258e-07,1.632749083719454e-08,3.4318708146895042e-06,1.4880245525100865e-10,1.5673694318507616e-05,3.743349064918171e-07,0.00011823025792648847,4.94075664610178e-06,0.41720772534936673,0.13946578148780253,0.41856333100877446,0.3163695131572305
0.41385833578643766,8.763673033785424e-05,5.866422808591415e-05,5.04303215441725e-06,4.487888539089664e-06,4.3146515685346215e-05,0.0018773574798104052,5.988634138224364e-05,0.0001257150138813281,0.00035965643631198646,0.41385833578643766,0.18391667832118527,0.4151688911526145,0.3209778235923987
0.41386392648448567,5.18628996493783e-07,3.5921609105866457e-07,3.859525815141997e-07,7.511059165652431e-09,1.5934967108800877e-09,1.5673694318507616e-05,1.7163843581599285e-07,0.00011666044706097206,1.4719935225322016e-05,0.41386392648448567,0.18216591717793862,0.41518115874321665,0.319361691388795
0.4117717353021206,2.3595885116341917e-07,1.28388299283614e-05,1.8046158004423384e-07,4.801489212847758e-06,4.2723731212962476e-08,5.006131176070107e-05,2.7600893790851504e-08,8.951801575998082e-06,6.061407254998435e-05,0.4117717353021206,0.2095652350579641,0.41306531780716194,0.32123929999454315
0.40930247739818215,7.5967371589686465e-06,3.8281425596819426e-06,1.5323814427343926e-05,1.1762066857533294e-05,1.732147841110797e-07,4.4853395555432077e-05,1.7848379577392145e-06,1.114192485736787e-06,1.5957818178573513e-05,0.40930247739818215,0.24238057807914498,0.4105678072356149,0.3234674964505543
0.43548751691548127,3.7400599949799603e-06,9.588253315524009e-06,2.65307894827669e-08,8.29313180720345e-07,2.8717648901508656e-06,0.0006486680364456871,2.4285325631532547e-06,1.1705563387729788e-05,0.0006846346462497834,0.43548751691548127,-0.05000499270535093,0.4370544192550315,0.3012776423283722
0.43113632030115284,3.7400599949799603e-06,1.6423361892058684e-05,3.0371722293843305e-05,0.0004616672783860839,2.2866286511696824e-06,0.0006338693754583372,1.4644876588269672e-06,1.9988234782253733e-05,7.008545434358754e-06,0.43113632030115284,-0.013438170290115603,0.4326527560260462,0.3049636475746488
0.43136024838686865,3.739332388736239e-06,1.6423361892058684e-05,3.0371722293843305e-05,9.299975850010518e-06,3.037015005176672e-07,0.0006338693754583372,1.4644876588269672e-06,7.633239909803549e-05,7.008545434358754e-06,0.43136024838686865,-0.01574793463099298,0.43287664668605574,0.30448612645222994
0.42696334201925357,3.7400599949799603e-06,1.6423361892058684e-05,3.0371722293843305e-05,9.299975850010518e-06,2.762755430449145e-06,0.0006338693754583372,1.4644876588269672e-06,7.633239909803549e-05,7.008545434358754e-06,0.42696334201925357,0.027157207958321373,0.4284289364169002,0.3082548795420671
0.4248093057789129,5.642923592174144e-07,1.5204345963939594e-05,3.790128143131185e-07,4.573316538834511e-06,3.095776647999516e-07,0.0003105470000920128,1.465831696043742e-06,1.5391507146484454e-05,1.1436183849186402e-05,0.4248093057789129,0.04988803523210735,0.4262513373310375,0.30983583873185705
0.4518329748450199,3.650133494363534e-06,1.150689204610283e-05,6.725227188956143e-08,9.832005379301279e-05,2.1326597411298675e-09,7.410041040570654e-05,2.107933629667523e-06,0.00028605999555958396,2.422342484511855e-05,0.4518329748450199,-0.12293726934346909,0.4535884503117585,0.2874711358539356
0.4462479493356715,3.7400599949799603e-06,1.6423361892058684e-05,3.7026683574597493e-07,4.573316538834511e-06,9.561911878429352e-08,0.0003105470000920128,1.465831696043742e-06,1.5391507146484454e-05,1.119840333228441e-05,0.4462479493356715,-0.11092700622547456,0.44793768949375307,0.29186314298526395
0.44335917388713336,3.059596118451591e-05,3.580353898145729e-07,1.4518415920730355e-06,2.8891095315855547e-06,4.854516100905393e-05,0.0005357753727466693,0.0024403641733756025,9.417671282780285e-05,2.98663280375528e-06,0.44335917388713336,-0.09749074138640458,0.4450283315840333,0.2952590877788689
0.4400330269678136,1.4901929028869985e-06,1.28388299283614e-05,1.7441957971627033e-07,4.9328031683483475e-06,4.2723731212962476e-08,0.00035358872748312154,1.1452571806032924e-06,8.951801575998082e-06,6.072122675024e-05,0.4400330269678136,-0.08169031528643074,0.441651003023905,0.2969862355476237
0.43855251239985493,5.652962162401553e-07,3.5225911059627547e-07,6.417647942482222e-08,8.288635911584817e-07,5.6243687311391645e-08,0.00016446546202958975,1.5887018210725443e-07,5.224444566924311e-07,1.5971060220364007e-07,0.43855251239985493,-0.07261766016811452,0.44015385168298554,0.2980427256692596
0.43855251239985493,5.652962162401553e-07,3.5225911059627547e-07,6.417647942482222e-08,8.288635911584817e-07,5.6243687311391645e-08,4.118188720988794e-05,1.5887018210725443e-07,5.224444566924311e-07,1.5971060220364007e-07,0.43855251239985493,-0.07270012467248316,0.44015447194382423,0.2979626891700976
0.4570995127744473,2.931828483336578e-07,1.535857734253732e-05,7.114575401320372e-08,6.805228875126957e-06,8.854013651629502e-09,5.248671588389235e-05,7.266664645083066e-06,4.518275404600605e-06,4.471543559109578e-06,0.4570995127744473,-0.12180809045214736,0.4589152286829936,0.28308580965315444
0.45392342649176975,4.9106517852509795e-08,6.192214678653048e-06,5.772298792756664e-08,1.5873479237091362e-07,5.716317132188315e-08,0.0001927254416470763,1.2543552824005128e-06,0.00021580293008340482,1.3282093516613032e-05,0.45392342649176975,-0.12393317478217845,0.4557016566224205,0.2857750799330546
0.45784968971127205,3.0334494572742838e-05,7.673302861464553e-06,7.217786037375279e-06,6.759639249671483e-07,1.5358466053562224e-06,4.259111716143952e-05,2.448632490710239e-06,0.00015917886998545556,3.006618570509864e-06,0.45784968971127205,-0.12047562992218519,0.45967388851253205,0.28260409038224876
0.4612767125141733,9.140434834163322e-05,5.866422808591415e-05,1.0639204928598082e-06,3.146260573063971e-06,2.0479421856887057e-05,0.00038926358781812283,5.169840233467989e-06,8.20988493342045e-05,0.00013429024363828895,0.4612767125141733,-0.11128637077804898,0.46314025530807534,0.28027175160045703
0.45880239413118656,3.7505679027482913e-06,9.198713905209746e-06,1.6981967852645863e-07,9.299975850010518e-06,9.010428804763625e-07,0.0006338693754583372,1.4644876588269672e-06,3.8396244110923815e-07,7.008545434358754e-06,0.45880239413118656,-0.11828020384799476,0.4606347088146858,0.28212707030160356
0.4704401487828158,4.9106517852509795e-08,6.192214678653048e-06,5.922305453486179e-08,1.5873479237091362e-07,5.716317132188315e-08,0.0001927254416470763,1.2543552824005128e-06,0.00021580293008340482,1.3282093516613032e-05,0.4704401487828158,-0.06233833332511318,0.4724064753604376,0.27316434092845376
0.4704401487828158,4.9106517852509795e-08,6.192214678653048e-06,5.922305453486179e-08,1.5873479237091362e-07,5.716317132188315e-08,0.0001927254416470763,9.92228783561912e-07,1.55679243496971e-05,1.3282093516613032e-05,0.4704401487828158,-0.062470082649019015,0.47240668406011305,0.27304895788374284
0.47307800415399803,3.650133494363534e-06,2.839047273115402e-06,3.2261140899109027e-06,1.4044443170896381e-05,4.2080069027221636e-08,0.0006311197506797389,2.2279676681305893e-06,1.274256790056265e-05,1.3998331688176635e-05,0.47307800415399803,-0.04145123959163028,0.47507228596846207,0.2713843283937668
0.47289047843247733,1.233755715107675e-06,2.267770449347267e-07,4.5403548310976386e-07,6.759639249671483e-07,1.5338967175398865e-07,2.289879523999633e-05,2.4808831135652643e-06,0.0020646270855042754,3.006618570509864e-06,0.47289047843247733,-0.042089078483412076,0.4748830556029011,0.2723110601669606
0.47686306631255004,7.21618602285702e-08,7.8558554145335e-08,2.6592434719687516e-07,5.44351867871701e-07,1.0963353733872168e-06,0.0004176383721577316,5.432138067759889e-06,4.781141554556874e-07,2.759903238167922e-06,0.47686306631255004,-0.007163319535808194,0.4789005594627499,0.2684754443662237
0.4781667562495396,3.0446175138359207e-06,3.6856945476912586e-08,3.883855487201707e-07,6.029240054488997e-07,1.8642665403214239e-06,0.00012287152690297577,2.021062137283946e-05,1.2386097093886341e-05,5.484382014313452e-06,0.4781667562495396,0.005752526702499497,0.4802202889000765,0.2673741284133172
0.4809615359485844,2.52605232842099e-06,2.6628057177871904e-05,4.47168110334188e-06,2.407150675091981e-05,5.187655137179025e-09,0.00034486942190770624,8.491867483235796e-07,4.859520795646768e-06,1.6439626417514045e-05,0.4809615359485844,0.03594258151095576,0.4830456463649322,0.26553754792281314
0.48272529257098873,1.1811474058312768e-06,5.424742523141845e-06,9.26809101981793e-07,8.284944770983147e-06,4.8231891911070625e-06,0.000524800849025235,0.0001545059370577183,0.0006856594734749164,2.941054942331572e-06,0.48272529257098873,0.056818163951468305,0.484827921667244,0.2647961525499386
0.48272529257098873,1.1811474058312768e-06,5.424742523141845e-06,9.26809101981793e-07,8.284944770983147e-06,4.8231891911070625e-06,0.000524800849025235,0.00016159009819196712,0.0006706289967363725,2.941054942331572e-06,0.48272529257098873,0.0568129762146547,0.48482798165798285,0.2647897332189523
0.4840920134685551,8.125520357905694e-05,7.153010585552743e-07,6.747780212172018e-07,0.00010337065426326926,3.247307908928326e-05,0.0005745528427386001,7.4445943665706604e-06,0.00013317372346673988,0.000463533561805066,0.4840920134685551,0.0731582248253631,0.4862131734134738,0.26383310604343524
0.4848133188447194,1.0527241023509846e-07,1.1378235399322873e-05,1.6518225643592612e-07,7.725940007591402e-05,8.197003546255203e-05,1.5486251462516622e-05,5.664105190586989e-08,1.3123461996876248e-07,0.00012684259107886744,0.4848133188447194,0.08128867266337886,0.48694339208559184,0.26273992896825693
0.49000785053624585,9.618446568403331e-05,2.6628057177871904e-05,4.47168110334188e-06,2.407150675091981e-05,2.7837032007370662e-08,0.00034486942190770624,3.368136238915984e-06,1.3254175823546217e-06,1.6439626417514045e-05,0.49000785053624585,0.14902490352798545,0.4921917564596626,0.25928336889803705
0.49000785053624585,9.618446568403331e-05,2.6628057177871904e-05,4.47168110334188e-06,2.407150675091981e-05,2.7837032007370662e-08,0.00034486942190770624,3.368136238915984e-06,4.860161418363126e-06,1.6439626417514045e-05,0.49000785053624585,0.149027201422584,0.4921917532463718,0.25928533825663747
0.4914512415472614,2.2028545383152027e-06,1.1415935866475898e-05,6.434355245842839e-08,2.616784795537839e-07,1.8520301657386452e-06,4.653709386545281e-05,2.1008826483849183e-06,5.003328932076722e-07,1.3725215836273296e-06,0.4914512415472614,0.16860052587763125,0.4936513554880149,0.25803113986060133
0.4929756179234521,3.6835389541262893e-06,9.198713905209746e-06,5.4644324920467895e-06,9.299975850010518e-06,4.42598140515621e-08,0.0006338693754583372,1.4644876588269672e-06,1.6917365782701473e-06,3.5799658791607955e-08,0.4929756179234521,0.19040141235124347,0.4951896737202395,0.2573485135299053
0.493383078041152,5.476873674895778e-07,2.659453977353399e-06,8.338629955114813e-07,5.589361968402759e-06,4.651899657987291e-09,9.711970811846417e-06,2.107933629667523e-06,0.00019543912216936666,5.994779476819027e-08,0.493383078041152,0.19590264791438333,0.4956039889926951,0.25680542753199853
0.4957335024691221,6.809229182088929e-06,2.9264729499121807e-06,1.6712899332551012e-07,0.00047109255568859675,2.612831927292448e-06,1.0844237014420975e-05,2.341556166260859e-07,1.9943215770969968e-05,1.3395949602336283e-05,0.4957335024691221,0.23001137157243687,0.4979835932909693,0.2554418688371608
0.49574555436020773,3.6488481865557487e-06,4.9044891417482464e-08,2.444335567655247e-06,6.029240054488997e-07,2.9981306864272496e-06,0.00012287152690297577,0.0005884272316695443,2.9275351615137656e-06,5.850047713398241e-06,0.49574555436020773,0.23031799673424289,0.49799547948475165,0.2553424893365931
0.49767067725701025,5.594158328648768e-07,6.188649078886213e-07,5.901330660237696e-08,2.325326108832781e-07,5.525328124645021e-05,3.522667693919847e-05,3.437507143458265e-06,5.224444566924311e-07,9.099825127469411e-07,0.49767067725701025,0.2582189243740186,0.49993843541178284,0.2538716617933624
0.5000085807470614,1.4527807064500267e-05,0.00025641147545383,7.788431593674335e-05,2.0568848954120673e-05,4.344100860255189e-05,0.00031966419980995764,0.0002960404793838041,0.0001812814578429579,0.001395029629590439,0.5000085807470614,0.29470642671316033,0.5023159969106124,0.2534471632843075
0.5003468054321278,5.429372540828525e-07,5.195166665854412e-07,7.302006101864069e-08,1.0976686945879752e-05,5.867413881096929e-05,0.00028356685650046513,2.4699675368364967e-06,2.119214439317412e-05,1.756643573291652e-05,0.5003468054321278,0.29835499829565165,0.5026421962806938,0.252277235021657
0.5048104737420975,4.7317592991160205e-05,2.9264729499121807e-06,6.010944790293907e-06,0.00047109255568859675,2.612831927292448e-06,0.0006338693754583372,2.341556166260859e-07,1.9943215770969968e-05,1.3395949602336283e-05,0.5048104737420975,0.3662716610769193,0.5071545659362219,0.24987276145500215
0.5049607338705882,1.594911012644193e-05,3.2508756274672817e-06,7.411540898564652e-07,4.084681206600191e-06,0.00018340288123829232,1.591046057487222e-05,1.28507134858657e-06,0.00010216637588361705,1.4598792653962764e-06,0.5049607338705882,0.3679837005977406,0.5073076330780667,0.24924522265058557
0.5066807791858399,1.476607210488833e-06,5.424742523141845e-06,7.478277128617577e-06,1.98039037486757e-05,2.824142892136708e-06,0.0005436786104201104,5.807451182360943e-06,0.0003818585163293942,3.006618570509864e-06,0.5066807791858399,0.3943751780007667,0.5090408335963256,0.24850311494286903
0.5066807791858399,1.476607210488833e-06,5.424742523141845e-06,7.478277128617577e-06,1.179765858115887e-05,2.824142892136708e-06,0.0005436786104201104,5.807451182360943e-06,0.00012242872953787735,3.006618570509864e-06,0.5066807791858399,0.3942028846365856,0.5090409794906002,0.2483575469727618
0.5066807791858399,1.476607210488833e-06,1.324950947359694e-06,7.288288089461836e-06,1.1792182157136985e-05,2.824142892136708e-06,0.0005436786104201104,5.741576576173887e-06,2.4212266126522954e-07,3.006618570509864e-06,0.5066807791858399,0.39412136177529355,0.5090410104862306,0.24828910979966345
0.5077685414511434,3.1453734827730465e-06,2.1412397406127206e-05,3.3171177488577934e-08,4.086051054385156e-06,1.0429187509696189e-07,0.0009054429936170911,1.106239355394072e-05,1.6851779018020354e-05,2.552587604714395e-05,0.5077685414511434,0.41075442159722353,0.5101387928535484,0.2478196798443525
0.511016060198368,0.000161933241201355,0.0002619055400862255,7.50818954108513e-05,2.0568848954120673e-05,8.065424686999759e-05,0.00031966419980995764,0.0007168426847405177,0.0006274632200842071,0.0036922478470218013,0.511016060198368,0.4623197688330977,0.5134584962647208,0.24771064714668445
0.5122760669635961,1.158588827811925e-06,4.469144725503648e-06,7.424887736939957e-06,1.2165440043549376e-05,1.0840572960648974e-09,0.0005356778092388149,5.381176212144527e-07,0.000715924145741336,3.006618570509864e-06,0.5122760669635961,0.4777928520988714,0.5146936420876651,0.24514305482739485
0.5122760669635961,1.1011913069951106e-06,4.469144725503648e-06,6.974753878132815e-06,1.0935764337288986e-07,1.0840572960648974e-09,5.724650029413469e-05,5.381176212144527e-07,0.000715924145741336,3.006618570509864e-06,0.5122760669635961,0.4774774773648448,0.5146956109343893,0.2448674583736149
0.5147981792660482,1.1118776847691136e-06,1.673958156975982e-05,3.7002599941909825e-06,2.033813837122196e-05,9.039640105355207e-06,0.0005202323605326243,3.202073618688674e-05,2.3787004438740334e-05,0.0013219448320634412,0.5147981792660482,0.5145562538058802,0.5172518019459739,0.24372810866627825
0.5199609278639261,5.274187261525127e-07,1.0454984998268705e-06,2.7304962701513924e-08,2.1206275417384746e-06,0.00033931948546256504,0.0005262192252027435,6.775132039751395e-07,5.375738826026209e-06,1.3573748203258687e-06,0.5199609278639261,0.5845862840649139,0.5224615639357205,0.24023399440744242
0.5210541855036862,2.8738426280479077e-06,2.4319534172746717e-06,1.4411074052836448e-06,4.154549678906647e-07,3.007224483699091e-08,0.0001272306205044518,4.05976564300373e-06,2.365322179433746e-06,6.872632504191908e-06,0.5210541855036862,0.5983117537329345,0.5235625645382509,0.23917713581264388
0.526965497029438,0.00026550786407183487,0.0001829205853285274,9.434297851164252e-05,0.0007669507224453391,0.00011852092646399459,0.0022682452397328598,0.0002781405743304868,0.0005410329398380404,0.0013891778578502664,0.526965497029438,0.6727455489602949,0.5295483074301354,0.2385658271137524
0.5284361134203647,1.2544824020486935e-05,0.00010820865660760717,2.4870341611774985e-06,1.0332821356080443e-05,5.175513816738823e-07,0.0005033291609656081,1.800566698564865e-06,2.382040813603158e-06,2.558478000578863e-05,0.5284361134203647,0.6852322609487808,0.5310172303480246,0.23512626257592217
0.5298121946845208,1.158588827811925e-06,5.424742523141845e-06,5.406558696484999e-06,1.98039037486757e-05,2.824142892136708e-06,0.0005225374392256935,5.752070325132296e-06,0.00014040124205142395,3.006618570509864e-06,0.5298121946845208,0.6993495533869458,0.5324047071105368,0.23436330472153977
0.5314735752383222,4.4752552178813884e-05,8.232508493651586e-06,3.0371722293843305e-05,9.299975850010518e-06,1.3279500242967764e-06,0.0006338693754583372,1.4644876588269672e-06,2.108482163971308e-05,6.21731866116476e-06,0.5314735752383222,0.7154256747656677,0.5340820665654912,0.23345410874103523
0.5367196749792293,3.7770544612756526e-06,1.2094248260704569e-05,2.2829195972694103e-06,1.1793400461400274e-05,4.3075537591309845e-08,0.0006180741334940855,8.061353526312707e-08,7.663732567488725e-07,8.779165662383507e-06,0.5367196749792293,0.758485953300874,0.5393771544991541,0.23045495662060167
0.5377420123511369,6.453954728064097e-06,9.082918405058874e-06,0.0001826992112373026,2.616784795537839e-07,1.642688707569158e-06,0.00038537513337240636,1.1855422059882423e-05,5.224444566924311e-07,7.094840507359768e-06,0.5377420123511369,0.7654333091444564,0.5404128394553348,0.22990728278218941
0.5411652223113049,1.158588827811925e-06,5.424742523141845e-06,1.4518415920730355e-06,1.98039037486757e-05,2.824142892136708e-06,0.0005231060882793175,5.807451182360943e-06,9.875010307039421e-05,3.124786809546555e-06,0.5411652223113049,0.785233089753849,0.5438639526158561,0.22802769650473798
0.5476835974103595,1.1011913069951106e-06,4.469144725503648e-06,5.743690081753546e-06,1.0935764337288986e-07,8.776001505326636e-06,5.724650029413469e-05,1.493456484468124e-08,0.000715924145741336,3.006618570509864e-06,0.5476835974103595,0.8066793186752252,0.550442148632411,0.22463292329441753
0.5538981058080044,2.503875217184635e-07,4.3729606559029934e-06,3.590062351358552e-07,2.6680883329957633e-07,5.324981330539947e-08,5.725747386569505e-05,2.4102094255155805e-06,1.9600231426600762e-05,1.4591289737064913e-05,0.5538981058080044,0.8055688156338785,0.5567106078147758,0.22109851377026835
0.5507865132729218,1.1736531531512401e-06,1.7457578496675553e-06,7.217786037375279e-06,6.759639249671483e-07,5.607504361682381e-08,4.259111716143952e-05,2.448632490710239e-06,2.0031996221807198e-05,3.006618570509864e-06,0.5507865132729218,0.8085181103942108,0.5535724175737342,0.22267048996882366
0.5675570173296774,4.6534747253926075e-06,4.209743195175058e-05,4.15736812646623e-06,6.580003249731541e-05,4.391905968728805e-08,0.00013641319375989235,3.8056613558587728e-06,2.2650145855801593e-05,0.00011234575775416609,0.5675570173296774,0.7302704738232111,0.5704823421379489,0.21462867304696298
0.5663804601485897,5.652962162401553e-07,8.981022572131732e-05,2.9541831481680017e-09,2.199891711594706e-07,1.877353254508534e-07,0.00012757456470961426,2.4665976071009686e-06,5.224444566924311e-07,3.5575196762274055e-06,0.5663804601485897,0.7405840481170444,0.5692958666396024,0.21510674329987678
0.5623195710157335,9.514337116848221e-05,1.945195523669307e-05,4.093608062331897e-06,0.00012091520810333077,6.393087389162894e-08,0.00016990270067268414,7.693609207733866e-05,2.2650145855801593e-05,0.0001356009693585363,0.5623195710157335,0.7712503100021352,0.5652046398438784,0.21720845672519673
0.5625712303072353,9.514337116848221e-05,1.9338410682106097e-05,6.220177137426412e-07,3.721396295102859e-06,8.472066181808987e-10,0.00016990270067268414,7.693609207733866e-05,2.2650145855801593e-05,2.4195222467853358e-05,0.5625712303072353,0.7694753227295835,0.5654561893309358,0.2169822989335808
0.56521716955712,1.5209036057676367e-05,2.8674812468640453e-08,4.745136145549861e-07,4.084681206600191e-06,1.6041679574598338e-06,1.544249291390616e-05,1.28507134858657e-06,0.00010216637588361705,1.4598792653962764e-06,0.56521716955712,0.7501289879228014,0.568122342855646,0.2156155408869408
0.5559414856664858,1.1811797344706843e-06,5.424742523141845e-06,7.478277128617577e-06,1.98039037486757e-05,2.1114393365186033e-06,0.0005277402018422424,3.632597197459361e-07,0.000605202964452453,3.006618570509864e-06,0.5559414856664858,0.801405366575468,0.5587693342257641,0.22062032194714576
0.5559414856664858,1.1784475580289797e-06,5.424742523141845e-06,7.478277128617577e-06,9.634669364928693e-07,2.1725343176919444e-06,0.0005225374392256935,3.4555275338936e-06,0.0007642875566417627,3.006618570509864e-06,0.5559414856664858,0.8014920715356291,0.5587691172398237,0.22068597808114454
0.5580117015398784,2.3538821213680767e-07,1.1328802223741006e-05,1.781005147655142e-07,5.5495043084426594e-05,4.788141106138532e-05,0.00037143819318921845,1.1533279120854034e-06,1.6879097057688427e-05,1.4462625119446023e-05,0.5580117015398784,0.7937530892184458,0.5608588347047201,0.21927193370865306
0.5809388475750394,5.652962162401553e-07,1.1601036384539373e-05,6.460929725248018e-08,2.616784795537839e-07,2.1769119433422048e-06,0.0003872383885155825,1.14322542668357e-06,3.412736214945827e-07,1.0013689934038471e-05,0.5809388475750394,0.5655209815130986,0.5839594255324786,0.20869958088412877
0.5778452355719575,7.774509039760837e-06,1.9706780404902046e-06,4.262058626344706e-06,3.399400905525043e-06,2.4639235472208115e-08,0.00011444878544660427,7.693609207733866e-05,1.6868539158882892e-05,0.00013136531361792415,0.5778452355719575,0.6105528601130413,0.5808466413502128,0.2099592121965297
0.5762636148603472,9.440658340614505e-05,4.080376460809063e-05,4.15736812646623e-06,6.580003249731541e-05,2.9875028406463064e-08,0.00013641319375989235,3.728945291367244e-06,2.2650145855801593e-05,0.00011234575775416609,0.5762636148603472,0.6321648898950203,0.5792544808618655,0.21074408750673757
0.5743548651810922,4.0823721761875616e-07,1.8990579886901957e-06,6.627551525190113e-08,1.3389163735604296e-10,1.928019612570887e-06,0.0002828707451952375,3.597046773490325e-08,4.854636375256804e-06,6.622020727661919e-08,0.5743548651810922,0.6565968982032712,0.5773285245082607,0.21150901740957118
0.5714516232397396,9.514337116848221e-05,1.945195523669307e-05,4.093608062331897e-06,0.00012091520810333077,6.393087389162894e-08,0.00016990270067268414,7.693609207733866e-05,2.2650145855801593e-05,0.000679023742085481,0.5714516232397396,0.691315748155965,0.5744123993720385,0.213109977539501
0.569613428576112,5.652962162401553e-07,1.1415935866475898e-05,6.460929725248018e-08,2.616784795537839e-07,1.877353254508534e-07,0.0003872383885155825,2.422264837026015e-06,5.224444566924311e-07,9.875527335667252e-06,0.569613428576112,0.7103884655296774,0.5725514527085747,0.21370479166813783
0.5970893543394439,5.652962162401553e-07,1.1415935866475898e-05,6.460929725248018e-08,2.616784795537839e-07,1.877353254508534e-07,0.0003872383885155825,2.422264837026015e-06,5.224444566924311e-07,9.875527335667252e-06,0.5970893543394439,0.2820597779851161,0.6002134616362247,0.2021949981219182
0.597468708142634,5.169185566553607e-07,1.3763577534987687e-05,2.0937673539107838e-08,9.395029827630542e-08,1.664230327767895e-07,7.523594532092563e-05,1.1474648680131854e-06,5.581735840536792e-07,1.659217963447385e-05,0.597468708142634,0.2745676898833728,0.600596234075906,0.20191127982302448
0.5962391756963146,5.652962162401553e-07,1.1415935866475898e-05,6.460929725248018e-08,2.616784795537839e-07,0.0009672397425354903,0.0003872383885155825,2.422264837026015e-06,3.412736214945827e-07,9.875527335667252e-06,0.5962391756963146,0.2989635307327695,0.5993748513333357,0.20299848451087255
0.5966418505825526,1.158588827811925e-06,3.77348794062118e-06,1.4518415920730355e-06,7.367342412252839e-07,0.00035306971448179715,0.0005231060882793175,1.2812670435784141e-06,5.389529930056058e-06,4.135506215398017e-06,0.5966418505825526,0.29095155698654795,0.5997687298913329,0.2026011409183659
0.594420251346919,5.219535216613007e-08,1.5984907814267618e-05,7.330410432696269e-06,6.433749957493732e-05,4.538684097197044e-06,0.0003533612123057929,4.821910684542022e-06,1.9099479283480106e-05,2.6161870468832384e-06,0.594420251346919,0.33296850015066765,0.5975295150908208,0.2032548024342461
0.593411339821278,5.652962162401553e-07,1.1415935866475898e-05,6.460929725248018e-08,2.616784795537839e-07,1.877353254508534e-07,0.0003872383885155825,2.422264837026015e-06,5.224444566924311e-07,9.875527335667252e-06,0.593411339821278,0.3518760246918256,0.5965134024574764,0.203610442278242
0.592844610719509,9.519125832170709e-08,2.8317878200584677e-06,5.691119545390385e-08,3.6766996094791183e-06,0.00092987936015904,0.0003872383885155825,2.49927392042109e-06,5.224444566924311e-07,9.89484827590848e-06,0.592844610719509,0.3630061134632365,0.5959589037317106,0.20429353657377236
0.5910135540469325,5.21523424738208e-05,0.00017774444189256589,6.434355245842839e-08,2.616784795537839e-07,1.8520301657386452e-06,0.0003855282899373789,1.1734239311807018e-05,5.224444566924311e-07,3.799359040794678e-05,0.5910135540469325,0.3962829644026246,0.59410441886561,0.20466168483765446
0.5888178363112949,9.375207476886815e-05,4.115846710505899e-05,3.0534725435687476e-05,6.567036074527384e-05,1.0963353733872168e-06,0.00018438583232886739,2.7984192544577225e-05,1.274256790056265e-05,6.740238424896204e-05,0.5888178363112949,0.4356009062049294,0.591894693730149,0.2054852900028935
0.5882757956390353,1.158588827811925e-06,4.499952145223056e-06,1.4518415920730355e-06,3.1259139604330988e-06,0.00035306971448179715,0.0005231060882793175,2.4355964026695112e-06,5.389529930056058e-06,2.98663280375528e-06,0.5882757956390353,0.44537341196457253,0.5913508717984927,0.20589257481843715
0.5870515245790581,1.443079231158334e-07,1.9624880090414172e-06,6.65846587903373e-08,1.3389163735604296e-10,2.3294823595324733e-08,0.0002839742429637535,3.5607780858288314e-08,4.661328412131535e-06,6.622020727661919e-08,0.5870515245790581,0.4662604775083984,0.5901133858094562,0.20609527944886452
0.5859520973046627,9.440658340614505e-05,4.036957089233104e-05,4.15736812646623e-06,5.525268497161073e-05,1.6676928365179304e-08,0.00013641319375989235,3.8056613558587728e-06,2.2650145855801593e-05,0.00011234575775416609,0.5859520973046627,0.48509856143608837,0.5890099990088331,0.20661649070910115
0.6115510850952949,4.550427620109949e-05,3.47492447398403e-06,4.203877448170754e-07,1.2726984233365294e-06,7.763358163665215e-07,0.0002475535021701828,0.000815386379272964,2.0154950077505587e-05,1.2674224395390325e-05,0.6115510850952949,0.0015957012676562933,0.6147601344746413,0.19709016233785637
0.6101557682940223,1.037041523972747e-06,2.8978682476670985e-06,6.154928982122464e-08,6.805228875126957e-06,1.3933125307193072e-08,5.248671588389235e-05,1.4506220637140628e-06,5.770707467348494e-06,3.90447840285688e-05,0.6101557682940223,0.027556138959141118,0.613351718031198,0.1973416238963115
0.6106877566648203,1.7602913427235242e-06,2.1938805391208476e-05,4.1088229529374704e-06,5.658195080838956e-05,9.710115460775877e-09,0.0003836850450782857,3.3854012818542184e-06,1.4544614482085915e-05,1.8387856118053942e-06,0.6106877566648203,0.017615219119780704,0.6138858575188375,0.19733967557393184
0.607102680907437,2.0775445128788033e-05,0.00016287288021792223,9.5409642306982e-06,5.8260070965626545e-06,7.397390242132911e-05,0.002289668502294208,0.0005312031716048207,0.0006253973004789219,5.0034544127619395e-05,0.607102680907437,0.08878838534603911,0.610284702872099,0.1998716064174041
0.6076499824032804,2.931828483336578e-07,6.121655078340947e-06,7.114575401320372e-08,6.805228875126957e-06,1.134596056225755e-08,5.248671588389235e-05,8.433945002416245e-06,6.778200485975508e-06,5.264239972090429e-06,0.6076499824032804,0.07589804784682141,0.6108331867348047,0.19820144481282365
0.6018310368882708,3.401879908488186e-07,1.786189005562187e-07,6.460929725248018e-08,2.616784795537839e-07,1.3263656755642587e-09,0.0003872383885155825,2.422264837026015e-06,5.224444566924311e-07,9.875527335667252e-06,0.6018310368882708,0.18986724505024502,0.6049819459335889,0.20042246307865041
0.6017831981328218,5.652962162401553e-07,1.1601036384539373e-05,6.460929725248018e-08,2.616784795537839e-07,2.1769119433422048e-06,0.0003872383885155825,1.14322542668357e-06,3.412736214945827e-07,1.0013689934038471e-05,0.6017831981328218,0.19081145023806897,0.6049340904714531,0.20044572209582934
0.5987836916523054,2.3538821213680767e-07,1.1328802223741006e-05,1.781005147655142e-07,5.354943525535925e-05,4.4610457314201774e-05,5.372326589712193e-05,1.1458428559653288e-06,3.3483879219541247e-06,3.372021138211245e-07,0.5987836916523054,0.24916696315381628,0.6019200708703719,0.20145438473596844
0.5982663583348136,2.503875217184635e-07,6.4173155294577775e-06,9.532011705676552e-08,2.6680883329957633e-07,5.7819332916517114e-09,5.725747386569505e-05,1.1820399972416856e-06,6.647991276212276e-06,0.00012996359763134055,0.5982663583348136,0.2592149849650972,0.6013994777643522,0.20163058861812821
0.6261311829487362,7.016108833547488e-08,6.049964263048117e-07,2.6592434719687516e-07,2.365613144353327e-06,1.1626545281162279e-06,0.00012900696663409813,3.7031466783869875e-07,1.0477448785101164e-06,9.799503377142109e-06,0.6261311829487362,-0.24938960146641337,0.6293950735009984,0.19226851503095344
0.6237186041582272,0.001169890422395772,0.0002743240518734435,8.264936099235775e-07,0.00012091520810333077,1.4007294802247568e-07,0.00048618468967060564,7.693609207733866e-05,6.875271862642244e-05,0.0001356009693585363,0.6237186041582272,-0.21127464267980114,0.626985560793824,0.19394887409916495
0.6235665512214205,9.239748106385245e-06,2.963295383041369e-05,2.7466616261995404e-05,1.3536698291699573e-05,4.8315779419787664e-05,0.0009688827554801392,1.4990228022729674e-05,8.870534121224667e-05,0.002362402685272598,0.6235665512214205,-0.20813618545799628,0.6268432925756862,0.194001957866198
0.62031047957654,6.702127772724214e-07,2.1938805391208476e-05,4.15736812646623e-06,5.612459317421716e-05,4.391905968728805e-08,0.00013641319375989235,1.4001409889186225e-06,2.2650145855801593e-05,1.780540244953105e-05,0.62031047957654,-0.15692646434108998,0.6235529037773233,0.1940943552480645
0.6179716040359801,2.3538821213680767e-07,1.1328802223741006e-05,1.781005147655142e-07,5.5495043084426594e-05,4.788141106138532e-05,0.0003857213274024221,1.1272129463159803e-06,6.0415073757754805e-06,3.372021138211245e-07,0.6179716040359801,-0.11646328466305936,0.6212037111877462,0.1949453431073036
0.6159749884510304,1.3710653879370431e-06,1.1809451505834271e-05,1.69071166964566e-07,8.244599462265314e-07,1.9079994956803976e-07,0.0006744710923089688,4.353441950682348e-07,9.639363799439256e-05,1.0317986484642163e-05,0.6159749884510304,-0.08068103754157234,0.6191959563065083,0.19570505373048697
0.6151370166730858,2.3538821213680767e-07,1.1328802223741006e-05,1.781005147655142e-07,5.5495043084426594e-05,4.788141106138532e-05,0.0003858430828192907,1.1533279120854034e-06,6.0415073757754805e-06,3.372021138211245e-07,0.6151370166730858,-0.06562062756776967,0.6183565750052499,0.19586338947986048
0.6151370166730858,2.3538821213680767e-07,1.1328802223741006e-05,1.781005147655142e-07,5.6233293725817406e-05,4.788141106138532e-05,5.372326589712193e-05,1.1533279120854034e-06,6.0415073757754805e-06,3.372021138211245e-07,0.6151370166730858,-0.06582207900877832,0.6183577068395014,0.1957193978355002
0.6143403724384618,3.3185737703000054e-05,1.535951504647673e-06,4.15736812646623e-06,5.612459317421716e-05,4.7657222928053964e-08,0.00039355583671012113,2.4783503336203966e-06,1.3295598999111804e-05,3.7515875996283263e-06,0.6143403724384618,-0.05099200212070992,0.617555474511032,0.1961255911528108
0.6136200458689474,2.3538821213680767e-07,1.1601355539647319e-05,1.781005147655142e-07,2.8015589606698224e-05,4.788141106138532e-05,0.0003858430828192907,1.1533279120854034e-06,6.0415073757754805e-06,3.372021138211245e-07,0.6136200458689474,-0.03766703976871233,0.6168323206174933,0.19634942732541705
0.6410983154739938,4.3823154867776335e-05,6.175953586674768e-06,3.084134270068045e-05,1.6617333487137313e-05,3.8911679676288525e-05,0.0009688827554801392,1.4990228022729674e-05,8.870534121224667e-05,0.0005102344475167907,0.6410983154739938,-0.415847106688251,0.6444118206153701,0.18870006911231296
0.6381951100111044,2.4126121036928733e-07,1.1415935866475898e-05,1.763137060678585e-07,2.616784795537839e-07,1.877353254508534e-07,0.0003872383885155825,2.422264837026015e-06,1.6983618585834546e-05,5.982035279498006e-05,0.6381951100111044,-0.3933913066948668,0.6414968324299718,0.1890305988083849
0.6348635630404988,5.169185566553607e-07,1.697473720214129e-05,8.202774100619077e-07,1.0113230940470577e-07,3.21288375123936e-06,7.657140660390049e-05,3.1917543935478534e-06,9.296784327163694e-07,3.5704232195018236e-06,0.6348635630404988,-0.3611465347335005,0.638156647126381,0.18977739646053027
0.6325546873673754,6.215614299413345e-07,1.8803233142286859e-06,4.200248665451923e-08,2.7924762219653316e-07,2.9268249634183286e-09,3.847600780917691e-05,0.00011674318313138938,6.098572809676695e-06,9.920642889853156e-07,0.6325546873673754,-0.33514216595640134,0.6358415627412771,0.1904021431453986
0.6306564447952514,8.184465639906255e-06,3.2244615206573848e-06,7.451978454323278e-07,2.6006120990600644e-08,1.5652146389287113e-07,0.0004288228400446706,1.264554368891988e-06,0.00014253885191683663,9.920642889853156e-07,0.6306564447952514,-0.311532914640614,0.6339350135104576,0.19114521638038084
0.627732599725921,2.931828483336578e-07,4.939530306776394e-07,4.793673084879527e-08,6.805228875126957e-06,1.134596056225755e-08,0.0003901775453170994,8.433945002416245e-06,6.778200485975508e-06,5.264239972090429e-06,0.627732599725921,-0.2723410615941034,0.6310014338771158,0.1919119916195594
0.6531398750749314,2.931828483336578e-07,4.939530306776394e-07,7.114575401320372e-08,6.805228875126957e-06,1.134596056225755e-08,5.248671588389235e-05,1.253894815763616e-06,6.778200485975508e-06,5.264239972090429e-06,0.6531398750749314,-0.45809176169120336,0.656471191710816,0.18529392837094638
0.6477151575109749,5.230873625863418e-07,6.778406635824627e-07,5.830526866944042e-08,2.616784795537839e-07,1.8520301657386452e-06,4.653709386545281e-05,8.283244129523693e-07,5.003328932076722e-07,3.799359040794678e-05,0.6477151575109749,-0.4508014222309807,0.65103851811393,0.18651949159226977
0.6485000118256993,7.016108833547488e-08,1.7650407171714454e-07,2.654441887473589e-07,4.815652986759896e-05,1.0963353733872168e-06,0.00039315355381956235,1.1726974226058977e-05,1.0477448785101164e-06,2.0066491778861727e-05,0.6485000118256993,-0.45279087237608995,0.6518241693499331,0.1864954377209911
0.6419248389449903,4.704866544210908e-05,3.104158885386732e-05,2.721282074905236e-06,2.9790739995424892e-06,1.782304572856325e-05,0.000388840334274243,0.0005658767346938494,8.870534121224667e-05,0.0005102344475167907,0.6419248389449903,-0.42158858521364484,0.645246652363878,0.18829031029453058
0.6421763842594073,7.016108833547488e-08,2.5869216410780772e-08,2.731051146231194e-07,4.711137213368916e-05,1.6188039002578956e-07,0.00039315355381956235,1.1991829233933958e-05,1.0477448785101164e-06,4.3541654252607455e-06,0.6421763842594073,-0.4239610974760409,0.6454877306727254,0.18801728547646246
0.6615601146233008,4.704866544210908e-05,1.5345548431979954e-05,1.325737976410045e-05,1.3536698291699573e-05,7.019533612250039e-09,0.0006338693754583372,1.4990228022729674e-05,5.103482444080939e-05,0.0005080280851505804,0.6615601146233008,-0.4310034108899948,0.6649034922403176,0.18391313199649173
0.6634190699519512,6.7503208040419816e-06,2.8433755722738996e-05,1.0070325955188369e-07,4.48333961582634e-06,6.331802125866681e-06,6.18144540067121e-06,7.702366129895278e-05,9.476502210232738e-05,0.00014055352169236107,0.6634190699519512,-0.41962374714816775,0.6667615044687377,0.18325941603844498
0.6646137929531101,6.7503208040419816e-06,7.086971981099053e-06,1.0070325955188369e-07,4.48333961582634e-06,6.331802125866681e-06,6.18144540067121e-06,7.543732680066363e-05,9.476502210232738e-05,0.00014055352169236107,0.6646137929531101,-0.41082850040708874,0.6679560274644871,0.18302754059880366
0.6672151214402661,5.169185566553607e-07,8.778366388483421e-05,2.0937673539107838e-08,9.395029827630542e-08,1.2862044281740153e-06,7.523594532092563e-05,3.4007925124033538e-06,1.0996014572049027e-06,1.659217963447385e-05,0.6672151214402661,-0.3887139435497738,0.670556745641861,0.18254048919110777
0.670322191659837,3.33998713027501e-07,1.768526279944034e-07,2.2589508715251784e-08,2.512950888669316e-07,6.088662622453494e-09,6.636571739810181e-06,1.1747521718264267e-06,5.725226254932206e-06,5.52303437250537e-06,0.670322191659837,-0.3570065679074186,0.673661175507158,0.18194405288938598
0.6744456601379454,8.813232427898064e-05,5.2747395539490506e-05,2.3046354985386903e-05,7.869130674784904e-06,5.006325954956631e-06,0.00042316571618220775,3.2424335045833315e-05,2.3605268109423323e-05,5.130144332858395e-05,0.6744456601379454,-0.3059672027048057,0.6777839551601932,0.18151698121032356
0.6723505503522027,3.330262923297086e-07,5.111333406004112e-07,6.276184929437243e-08,3.79479721387695e-07,8.507419846238865e-06,0.00016446546202958975,7.917719243020224e-08,1.3427657612920265e-07,9.410702422588791e-07,0.6723505503522027,-0.3331702208790606,0.6756881676135527,0.18166594206061248
0.6753843566754237,2.9866497213009658e-05,1.8068620139887974e-06,3.2112349489132597e-07,1.9927113513648748e-05,4.1875348705272606e-07,2.8851919797593344e-05,0.00011674318313138938,6.098572809676695e-06,1.2356607042823354e-06,0.6753843566754237,-0.29346436524307057,0.6787214589412736,0.18116418991183014
0.6797806429427727,2.9866497213009658e-05,1.8068620139887974e-06,3.2112349489132597e-07,1.9927113513648748e-05,4.1875348705272606e-07,2.8851919797593344e-05,0.00011674318313138938,6.098572809676695e-06,1.2356607042823354e-06,0.6797806429427727,-0.22771287738471427,0.6831126962898628,0.18051172898082324
0.683988437377668,4.502968332039254e-06,5.2605140967721276e-05,4.016965359783914e-06,1.6238245594620741e-06,4.4404234787497e-06,0.0001405151082665321,1.3984727402259166e-05,2.2105488468957536e-05,3.63533231525551e-05,0.683988437377668,-0.15660327229985635,0.6873137532604913,0.1799846588350923
0.6890765418757927,2.9866497213009658e-05,1.7635591685574369e-06,5.5320124035674144e-08,6.586925113748653e-07,1.4861038171505975e-07,3.847600780917691e-05,0.00011677653673629028,6.098572809676695e-06,9.920642889853156e-07,0.6890765418757927,-0.06184903485984806,0.6923908682491318,0.17930860502197044
0.6910710222505795,1.6383331049188892e-08,7.606270403194681e-06,2.0937673539107838e-08,1.372891227317614e-08,4.837818664601188e-08,7.337648996499422e-05,1.8460059306175094e-06,1.0996014572049027e-06,1.659217963447385e-05,0.6910710222505795,-0.02256949453868657,0.6943792977446469,0.1790789510566484
0.6938346850750201,4.502968332039254e-06,1.0488827555348978e-06,8.198666185178719e-07,1.6238245594620741e-06,3.1620749561794337e-06,0.0001134039919852606,4.2714502660498875e-05,2.0621855349600598e-05,5.647048590278284e-05,0.6938346850750201,0.03362569726426858,0.6971361256161063,0.1788164228870932
0.694627417739462,2.931305763717127e-07,9.588253315524009e-06,2.3098562121962633e-08,2.935900698953988e-07,1.221811875258649e-06,4.0141918789090756e-05,1.2278676617445983e-06,1.06140230665479e-05,0.0004297734352272119,0.694627417739462,0.050158009310046464,0.6979307391154439,0.17874448855459046
0.6955716249203016,1.565851079569348e-08,4.977538775342246e-07,7.105019913455568e-08,7.331413365171952e-07,2.0775777948460723e-06,5.248671588389235e-05,1.1131596595029548e-08,2.0873186238620388e-06,4.4121738876144535e-06,0.6955716249203016,0.06956989073242514,0.698866882745428,0.17860549931560665
0.7019858288715901,6.7503208040419816e-06,0.00010973160677147552,1.0070325955188369e-07,4.48333961582634e-06,8.490233099584047e-05,0.00048687374830155817,7.702366129895278e-05,0.0003444764199336036,0.00014053003779314558,0.7019858288715901,0.20664954017210085,0.7052646911718005,0.17840204998839004
0.7048757918192936,9.366227347737675e-06,1.4927656590842084e-06,5.499124520404823e-07,5.917519093269703e-07,2.673703390113411e-06,0.0005592188279970288,9.816908251023041e-06,6.83622957738753e-05,1.1137036453191065e-05,0.7048757918192936,0.26836542922418266,0.7081363427185959,0.17802556968270933
0.7091283354578863,1.6383331049188892e-08,7.606270403194681e-06,2.0937673539107838e-08,1.372891227317614e-08,4.837818664601188e-08,7.337648996499422e-05,3.1844067051750915e-06,1.0996014572049027e-06,1.659217963447385e-05,0.7091283354578863,0.35854585782083487,0.7123713983273533,0.1775672535634838
0.7135503306374837,5.652962162401553e-07,3.5225911059627547e-07,6.281373353484755e-08,3.8027038407928823e-07,1.4634409784794527e-07,0.00016446546202958975,7.917719243020224e-08,5.224444566924311e-07,9.099825127469411e-07,0.7135503306374837,0.4500417982872452,0.7167710567497307,0.1773651337570301
0.7135503306374837,0.00010301765285978032,3.5225911059627547e-07,6.281373353484755e-08,2.107030166970802e-06,1.4634409784794527e-07,3.277105962085404e-05,2.5174288689916765e-06,5.224444566924311e-07,8.946518290445701e-07,0.7135503306374837,0.4500273031011186,0.7167718854098322,0.17736444481475755
0.7152433427596909,3.230793836575484e-07,4.939530306776394e-07,7.114575401320372e-08,3.1212262578595405e-07,2.643525153116639e-06,5.248671588389235e-05,9.7417103346145e-06,6.778200485975508e-06,3.662274717307699e-06,0.7152433427596909,0.4838996521347994,0.7184556041544147,0.17726095426465782
0.7171943821952463,8.269619096141017e-09,8.778366388483421e-05,2.0937673539107838e-08,9.395029827630542e-08,1.0970088536992804e-06,7.523594532092563e-05,3.4007925124033538e-06,1.0996014572049027e-06,2.279506012506514e-06,0.7171943821952463,0.5220699042301771,0.7203977974048343,0.17721875701626544
0.7184988232807787,5.652962162401553e-07,3.5225911059627547e-07,6.281373353484755e-08,1.908046350200019e-06,8.076114531617538e-06,0.00016446546202958975,2.448531834716104e-07,5.224444566924311e-07,9.099825127469411e-07,0.7184988232807787,0.5469089980319793,0.7216926547283856,0.17718032412236473
0.7198083608335518,1.565851079569348e-08,4.939530306776394e-07,7.114575401320372e-08,7.331413365171952e-07,2.643525153116639e-06,5.171100641140624e-05,1.1131596595029548e-08,2.0873186238620388e-06,8.72870478460717e-07,0.7198083608335518,0.5711976776750181,0.7229946671528273,0.17710480537226658
0.7213180849915227,3.230793836575484e-07,4.892889024625541e-07,7.114575401320372e-08,3.1212262578595405e-07,2.643525153116639e-06,3.439391946891632e-06,9.7417103346145e-06,6.778200485975508e-06,3.662274717307699e-06,0.7213180849915227,0.5984856061607163,0.7244955465104282,0.17705410149593104
0.72624188399762,1.0466323644311074e-08,1.521343286364308e-07,7.114575401320372e-08,1.6782303592854885e-08,2.6145775088575964e-06,5.248671588389235e-05,1.1131596595029548e-08,2.968961433379885e-06,8.581574001507504e-07,0.72624188399762,0.6810057550092234,0.7293874452662217,0.17698941789786682
0.7294219566191742,1.565851079569348e-08,4.939530306776394e-07,7.114575401320372e-08,7.331413365171952e-07,2.643525153116639e-06,5.248671588389235e-05,1.1131596595029548e-08,2.0873186238620388e-06,4.4121738876144535e-06,0.7294219566191742,0.7282060426047299,0.7325455489598934,0.17697643724903167
